10 0.5012987012987012 0.5 0.922077922077922 0.825
14 0.17142857142857143 0.128125 0.19220779220779222 0.0203125
14 0.43896103896103894 0.2046875 0.7220779220779221 0.0203125
14 0.2571428571428571 0.275 0.36103896103896105 0.0171875
5 0.4987012987012987 0.3640625 0.9038961038961039 0.0296875
14 0.11948051948051948 0.3578125 0.09610389610389611 0.015625
5 0.4987012987012987 0.434375 0.9038961038961039 0.0359375
14 0.12207792207792208 0.428125 0.1012987012987013 0.0203125
5 0.4987012987012987 0.509375 0.9038961038961039 0.034375
14 0.19480519480519481 0.5015625 0.24675324675324675 0.0171875
14 0.35844155844155845 0.7078125 0.2909090909090909 0.021875
3 0.37142857142857144 0.790625 0.5636363636363636 0.028125
14 0.412987012987013 0.7953125 0.4779220779220779 0.0203125
15 0.5012987012987012 0.8734375 0.922077922077922 0.0765625
15 0.2545454545454545 0.959375 0.4727272727272727 0.0578125
15 0.7454545454545455 0.959375 0.4727272727272727 0.0578125
18 0.4987012987012987 0.0171875 0.9974025974025974 0.034375
13 0.12207792207792208 0.7078125 0.08051948051948052 0.03125
14 0.5012987012987012 0.8734375 0.1012987012987013 0.0203125
14 0.2545454545454545 0.9609375 0.13246753246753246 0.015625
14 0.7454545454545455 0.9609375 0.2805194805194805 0.015625