4 0.2909090909090909 0.5171875 0.5818181818181818 0.9640625
9 0.2909090909090909 0.5296875 0.5818181818181818 0.5734375
7 0.2909090909090909 0.1390625 0.5818181818181818 0.203125
6 0.05974025974025974 0.7765625 0.033766233766233764 0.01875
6 0.05974025974025974 0.7078125 0.03636363636363636 0.01875
6 0.06233766233766234 0.6359375 0.03896103896103896 0.0203125
6 0.05974025974025974 0.565625 0.02857142857142857 0.0203125
6 0.05974025974025974 0.496875 0.03116883116883117 0.01875
6 0.06233766233766234 0.4234375 0.02857142857142857 0.01875
6 0.06233766233766234 0.3546875 0.05194805194805195 0.0171875
6 0.05974025974025974 0.284375 0.033766233766233764 0.0203125
14 0.16623376623376623 0.778125 0.09090909090909091 0.015625
14 0.2077922077922078 0.7078125 0.16883116883116883 0.0171875
14 0.18181818181818182 0.6390625 0.11948051948051948 0.01875
14 0.2025974025974026 0.5671875 0.15584415584415584 0.015625
14 0.18441558441558442 0.4984375 0.11948051948051948 0.0203125
14 0.2025974025974026 0.425 0.15844155844155844 0.015625
14 0.22337662337662337 0.3546875 0.2 0.015625
14 0.19220779220779222 0.284375 0.13506493506493505 0.0140625
6 0.13506493506493505 0.1375 0.17142857142857143 0.1046875
18 0.4987012987012987 0.0171875 0.9974025974025974 0.034375