17 0.5 0.0765625 1 0.08125
9 0.5 0.525 1 0.80625
14 0.4987012987012987 0.990625 0.2623376623376623 0.009375
14 0.11948051948051948 0.5625 0.16103896103896104 0.0234375
14 0.12727272727272726 0.7203125 0.17142857142857143 0.0234375
14 0.1038961038961039 0.8 0.12207792207792208 0.0234375
14 0.08051948051948052 0.40625 0.08311688311688312 0.0234375
14 0.15064935064935064 0.328125 0.22077922077922077 0.0234375
14 0.11168831168831168 0.246875 0.14285714285714285 0.01875
14 0.13246753246753246 0.875 0.18701298701298702 0.01875
14 0.10909090909090909 0.6421875 0.14025974025974025 0.021875
14 0.11688311688311688 0.4828125 0.15324675324675324 0.01875
14 0.16883116883116883 0.1703125 0.2571428571428571 0.0234375
14 0.22597402597402597 0.0796875 0.09610389610389611 0.0296875
6 0.9324675324675324 0.0765625 0.04935064935064935 0.03125
6 0.825974025974026 0.075 0.04155844155844156 0.0265625
6 0.06753246753246753 0.0765625 0.04155844155844156 0.025
18 0.5 0.0171875 1 0.034375