8 0.4987012987012987 0.1828125 0.18181818181818182 0.109375
8 0.9324675324675324 0.075 0.08571428571428572 0.0515625
8 0.06753246753246753 0.075 0.08831168831168831 0.053125
10 0.4987012987012987 0.5171875 0.8727272727272727 0.55625
9 0.4987012987012987 0.5515625 0.8675324675324675 0.4859375
7 0.15584415584415584 0.3625 0.11688311688311688 0.0703125
7 0.15584415584415584 0.45625 0.11428571428571428 0.0640625
7 0.15584415584415584 0.546875 0.1038961038961039 0.06875
7 0.15584415584415584 0.64375 0.08831168831168831 0.0640625
7 0.15584415584415584 0.7359375 0.08051948051948052 0.0671875
14 0.36103896103896105 0.7390625 0.22597402597402597 0.025
14 0.5506493506493506 0.6453125 0.6337662337662338 0.0265625
14 0.4103896103896104 0.5515625 0.33246753246753247 0.0265625
14 0.37402597402597404 0.459375 0.2571428571428571 0.0328125
14 0.35844155844155845 0.3640625 0.22337662337662337 0.0265625
14 0.18441558441558442 0.2859375 0.12467532467532468 0.0234375
18 0.4987012987012987 0.0171875 0.9974025974025974 0.034375