17 0.5 0.0765625 1 0.078125
14 0.18701298701298702 0.0765625 0.17402597402597403 0.021875
6 0.06233766233766234 0.0765625 0.02857142857142857 0.0265625
10 0.4987012987012987 0.546875 0.7792207792207793 0.5828125
9 0.5012987012987012 0.609375 0.7792207792207793 0.434375
6 0.8415584415584415 0.3578125 0.04935064935064935 0.0265625
14 0.7844155844155845 0.796875 0.02857142857142857 0.0171875
14 0.23896103896103896 0.7953125 0.2051948051948052 0.01875
14 0.787012987012987 0.740625 0.03896103896103896 0.0140625
14 0.2831168831168831 0.740625 0.2909090909090909 0.01875
14 0.8077922077922078 0.6875 0.07532467532467532 0.0171875
14 0.21038961038961038 0.6875 0.14545454545454545 0.01875
14 0.8077922077922078 0.6328125 0.07272727272727272 0.0171875
14 0.18961038961038962 0.6359375 0.10909090909090909 0.021875
14 0.8077922077922078 0.5796875 0.07272727272727272 0.01875
14 0.2805194805194805 0.5796875 0.2831168831168831 0.0171875
14 0.8077922077922078 0.5265625 0.07012987012987013 0.0171875
14 0.19220779220779222 0.525 0.11428571428571428 0.01875
14 0.8 0.4734375 0.05714285714285714 0.0171875
14 0.18961038961038962 0.471875 0.10909090909090909 0.01875
14 0.7948051948051948 0.41875 0.04935064935064935 0.015625
14 0.2025974025974026 0.41875 0.13766233766233765 0.0171875
14 0.5012987012987012 0.29375 0.3038961038961039 0.0265625
5 0.5012987012987012 0.359375 0.7766233766233767 0.059375
14 0.15844155844155844 0.3640625 0.04415584415584416 0.0171875
6 0.8415584415584415 0.2921875 0.03896103896103896 0.021875
18 0.5 0.0171875 1 0.034375