10 0.4987012987012987 0.5171875 0.8727272727272727 0.8140625
14 0.45194805194805193 0.58125 0.6597402597402597 0.06875
14 0.4831168831168831 0.484375 0.7220779220779221 0.06875
14 0.45454545454545453 0.4015625 0.6623376623376623 0.0453125
15 0.4987012987012987 0.853125 0.7558441558441559 0.0703125
15 0.4987012987012987 0.7484375 0.7558441558441559 0.0703125
14 0.4935064935064935 0.6546875 0.7194805194805195 0.0203125
14 0.5116883116883116 0.3296875 0.5064935064935064 0.05625
7 0.18181818181818182 0.3265625 0.1012987012987013 0.0609375
7 0.5012987012987012 0.20625 0.1974025974025974 0.1140625
18 0.4987012987012987 0.0171875 0.9974025974025974 0.034375
14 0.5012987012987012 0.75 0.42337662337662335 0.015625
14 0.4987012987012987 0.8546875 0.35584415584415585 0.015625