17 0.5 0.07421875 1 0.0796875
6 0.9454545454545454 0.0765625 0.01038961038961039 0.0234375
6 0.06753246753246753 0.0765625 0.046753246753246755 0.01875
14 0.2649350649350649 0.0765625 0.23896103896103896 0.0203125
10 0.4987012987012987 0.5171875 0.7012987012987013 0.6109375
14 0.4987012987012987 0.25 0.4831168831168831 0.025
14 0.4987012987012987 0.3265625 0.638961038961039 0.0453125
5 0.5012987012987012 0.4046875 0.6337662337662338 0.03125
14 0.2831168831168831 0.3984375 0.19220779220779222 0.0203125
5 0.4987012987012987 0.49375 0.6337662337662338 0.03125
14 0.22857142857142856 0.4875 0.08831168831168831 0.0171875
5 0.4987012987012987 0.571875 0.6337662337662338 0.0328125
14 0.2805194805194805 0.5671875 0.18701298701298702 0.0203125
14 0.6961038961038961 0.6296875 0.2571428571428571 0.0171875
3 0.4753246753246753 0.6828125 0.5714285714285714 0.0421875
14 0.5064935064935064 0.6828125 0.5064935064935064 0.040625
15 0.32987012987012987 0.771875 0.3142857142857143 0.0703125
15 0.6701298701298701 0.771875 0.3142857142857143 0.0703125
18 0.5 0.0171875 1 0.034375
14 0.32987012987012987 0.7734375 0.11688311688311688 0.015625
14 0.6701298701298701 0.7734375 0.2883116883116883 0.015625