0 0.4987012987012987 0.5171875 0.9974025974025974 0.9640625
14 0.4987012987012987 0.7484375 0.4103896103896104 0.0875
16 0.7402597402597403 0.8734375 0.4623376623376623 0.0734375
16 0.2571428571428571 0.8734375 0.4649350649350649 0.0734375
14 0.5012987012987012 0.9578125 0.5454545454545454 0.0203125
7 0.4987012987012987 0.125 0.35064935064935066 0.0984375
18 0.4987012987012987 0.0171875 0.9974025974025974 0.034375
14 0.2831168831168831 0.875 0.15064935064935064 0.0171875
14 0.7766233766233767 0.875 0.15324675324675324 0.0171875
6 0.6493506493506493 0.8734375 0.04415584415584416 0.021875
6 0.16623376623376623 0.8734375 0.023376623376623377 0.03125