15 0.5012987012987012 0.94375 0.922077922077922 0.071875
14 0.5012987012987012 0.8734375 0.6467532467532467 0.0234375
15 0.4987012987012987 0.775 0.9246753246753247 0.06875
14 0.4987012987012987 0.6921875 0.7480519480519481 0.0515625
7 0.4987012987012987 0.4234375 0.4857142857142857 0.29375
11 0.5 0.14375 1 0.06875
14 0.8103896103896104 0.1453125 0.22337662337662337 0.01875
14 0.4675324675324675 0.1453125 0.16103896103896104 0.01875
14 0.15584415584415584 0.1453125 0.16103896103896104 0.01875
17 0.5 0.0734375 1 0.06875
14 0.2519480519480519 0.075 0.21298701298701297 0.025
6 0.06753246753246753 0.0765625 0.04155844155844156 0.025
18 0.4987012987012987 0.0171875 0.9974025974025974 0.034375
14 0.5012987012987012 0.775 0.4909090909090909 0.0171875
14 0.5012987012987012 0.9421875 0.4909090909090909 0.01875