6 0.9402597402597402 0.1359375 0.023376623376623377 0.00625
6 0.948051948051948 0.0765625 0.01038961038961039 0.0234375
6 0.8441558441558441 0.0765625 0.04415584415584416 0.0265625
6 0.7298701298701299 0.0765625 0.033766233766233764 0.0203125
4 0.34025974025974026 0.5171875 0.6805194805194805 0.9640625
9 0.34025974025974026 0.4890625 0.6779220779220779 0.5390625
14 0.22337662337662337 0.2671875 0.09090909090909091 0.0171875
14 0.2779220779220779 0.3375 0.2025974025974026 0.0171875
14 0.24675324675324675 0.40625 0.14285714285714285 0.0171875
14 0.2649350649350649 0.5046875 0.17662337662337663 0.0203125
14 0.23896103896103896 0.575 0.12467532467532468 0.0203125
14 0.21038961038961038 0.64375 0.06753246753246753 0.0203125
14 0.2883116883116883 0.7125 0.22597402597402597 0.0171875
6 0.06753246753246753 0.7125 0.04935064935064935 0.0296875
6 0.06753246753246753 0.6421875 0.04935064935064935 0.0296875
6 0.06753246753246753 0.571875 0.046753246753246755 0.0296875
6 0.07012987012987013 0.5015625 0.033766233766233764 0.0296875
6 0.06753246753246753 0.40625 0.04155844155844156 0.025
6 0.06753246753246753 0.3359375 0.04415584415584416 0.0265625
6 0.06753246753246753 0.265625 0.046753246753246755 0.0171875
18 0.4987012987012987 0.0171875 0.9974025974025974 0.034375
13 0.574025974025974 0.503125 0.08051948051948052 0.03125