9 0.5 0.3359375 1 0.40625
9 0.5 0.6609375 1 0.215625
9 0.5 0.85390625 1 0.1421875
14 0.8909090909090909 0.8890625 0.01818181818181818 0.0171875
14 0.11688311688311688 0.8890625 0.15324675324675324 0.0203125
6 0.9402597402597402 0.8890625 0.02077922077922078 0.01875
14 0.8935064935064935 0.81875 0.01818181818181818 0.0171875
14 0.11948051948051948 0.81875 0.16103896103896104 0.021875
6 0.9428571428571428 0.81875 0.02077922077922078 0.0203125
14 0.2649350649350649 0.73125 0.45194805194805193 0.021875
14 0.8935064935064935 0.6578125 0.01818181818181818 0.0171875
14 0.23636363636363636 0.659375 0.3922077922077922 0.021875
6 0.9428571428571428 0.6578125 0.02077922077922078 0.0203125
14 0.8935064935064935 0.5875 0.01818181818181818 0.0171875
14 0.21558441558441557 0.590625 0.35324675324675325 0.0265625
6 0.9428571428571428 0.5875 0.02077922077922078 0.0203125
14 0.3116883116883117 0.5 0.5454545454545454 0.0265625
14 0.3220779220779221 0.41875 0.5636363636363636 0.0265625
14 0.22857142857142856 0.3359375 0.37662337662337664 0.0203125
6 0.9428571428571428 0.334375 0.02077922077922078 0.01875
14 0.8025974025974026 0.253125 0.19480519480519481 0.01875
14 0.13506493506493505 0.25625 0.18961038961038962 0.0265625
6 0.9402597402597402 0.253125 0.02077922077922078 0.01875
14 0.8467532467532467 0.175 0.11688311688311688 0.0203125
14 0.2883116883116883 0.175 0.4961038961038961 0.0265625
6 0.9402597402597402 0.171875 0.023376623376623377 0.0203125
17 0.4987012987012987 0.0765625 0.9974025974025974 0.08125
14 0.5012987012987012 0.0796875 0.15324675324675324 0.0296875
6 0.06753246753246753 0.0765625 0.02857142857142857 0.028125
18 0.4987012987012987 0.0171875 0.9974025974025974 0.034375
13 0.8883116883116883 0.415625 0.13506493506493505 0.05
13 0.8909090909090909 0.496875 0.13506493506493505 0.05
13 0.8909090909090909 0.73125 0.13506493506493505 0.05