10 0.4987012987012987 0.5171875 0.8727272727272727 0.9171875
9 0.4987012987012987 0.475 0.8701298701298701 0.834375
3 0.2675324675324675 0.09375 0.2831168831168831 0.0296875
14 0.3246753246753247 0.09375 0.16883116883116883 0.0203125
3 0.24675324675324675 0.1640625 0.24155844155844156 0.0296875
14 0.3038961038961039 0.1640625 0.12727272727272726 0.0203125
3 0.34805194805194806 0.234375 0.44155844155844154 0.0296875
14 0.4051948051948052 0.234375 0.32987012987012987 0.0203125
3 0.2545454545454545 0.303125 0.2571428571428571 0.0296875
14 0.3116883116883117 0.3046875 0.14545454545454545 0.0203125
3 0.2727272727272727 0.375 0.2909090909090909 0.0296875
14 0.32727272727272727 0.375 0.17922077922077922 0.0203125
3 0.2753246753246753 0.4453125 0.2961038961038961 0.0296875
14 0.33246753246753247 0.4453125 0.18181818181818182 0.0203125
3 0.2701298701298701 0.5140625 0.2857142857142857 0.0296875
14 0.32727272727272727 0.5140625 0.17142857142857143 0.0203125
3 0.2987012987012987 0.584375 0.34545454545454546 0.0296875
14 0.35584415584415585 0.5859375 0.23116883116883116 0.0203125
3 0.2727272727272727 0.65625 0.2883116883116883 0.0296875
14 0.32987012987012987 0.65625 0.17402597402597403 0.0203125
3 0.37662337662337664 0.725 0.4987012987012987 0.0296875
14 0.43376623376623374 0.725 0.38441558441558443 0.0203125
3 0.4857142857142857 0.7953125 0.7194805194805195 0.0296875
14 0.5454545454545454 0.7953125 0.6051948051948052 0.0203125
3 0.24935064935064935 0.865625 0.24415584415584415 0.0296875
14 0.3064935064935065 0.865625 0.12727272727272726 0.0203125
14 0.6571428571428571 0.9359375 0.12727272727272726 0.015625
14 0.8285714285714286 0.9359375 0.04415584415584416 0.015625
18 0.4987012987012987 0.0171875 0.9974025974025974 0.034375