14 0.4987012987012987 0.9578125 0.12727272727272726 0.0234375
15 0.4987012987012987 0.378125 0.7532467532467533 0.053125
14 0.5012987012987012 0.5125 0.5012987012987012 0.0234375
14 0.4987012987012987 0.4515625 0.36623376623376624 0.0234375
5 0.4987012987012987 0.3 0.8103896103896104 0.0296875
14 0.21558441558441557 0.2953125 0.18181818181818182 0.01875
5 0.4987012987012987 0.2234375 0.8103896103896104 0.0296875
14 0.21038961038961038 0.21875 0.17402597402597403 0.01875
7 0.4987012987012987 0.1046875 0.0987012987012987 0.0703125
18 0.4987012987012987 0.0171875 0.9974025974025974 0.034375
14 0.5012987012987012 0.378125 0.1012987012987013 0.0140625