0 0.4987012987012987 0.5578125 0.9974025974025974 0.88125
14 0.5012987012987012 0.5421875 0.6597402597402597 0.040625
14 0.5012987012987012 0.609375 0.7324675324675325 0.053125
12 0.4935064935064935 0.69375 0.13766233766233765 0.01875
15 0.4987012987012987 0.759375 0.8545454545454545 0.0703125
15 0.4987012987012987 0.859375 0.8545454545454545 0.0703125
14 0.5012987012987012 0.940625 0.16103896103896104 0.01875
7 0.4987012987012987 0.0765625 0.23116883116883116 0.0296875
18 0.4987012987012987 0.0171875 0.9974025974025974 0.034375
14 0.4987012987012987 0.7640625 0.34545454545454546 0.025
14 0.5012987012987012 0.8625 0.35324675324675325 0.025