10 0.4987012987012987 0.5171875 0.7402597402597403 0.7015625
14 0.922077922077922 0.0703125 0.11168831168831168 0.0140625
14 0.32987012987012987 0.0734375 0.4805194805194805 0.0265625
6 0.04155844155844156 0.0703125 0.03636363636363636 0.0203125
15 0.4987012987012987 0.8078125 0.6623376623376623 0.075
14 0.5012987012987012 0.7328125 0.5948051948051948 0.025
14 0.4987012987012987 0.5984375 0.6415584415584416 0.1609375
7 0.4987012987012987 0.3296875 0.7376623376623377 0.3265625
6 0.18961038961038962 0.2015625 0.033766233766233764 0.0203125
18 0.4987012987012987 0.0171875 0.9974025974025974 0.034375
14 0.5012987012987012 0.8078125 0.5064935064935064 0.0171875