0 0.4987012987012987 0.5171875 0.9974025974025974 0.9640625
14 0.9376623376623376 0.06875 0.06233766233766234 0.0203125
14 0.5012987012987012 0.9765625 0.38441558441558443 0.0203125
16 0.4987012987012987 0.7984375 0.6571428571428571 0.0703125
16 0.4987012987012987 0.7203125 0.6545454545454545 0.0703125
12 0.4987012987012987 0.646875 0.24155844155844156 0.0171875
14 0.5012987012987012 0.5890625 0.5116883116883116 0.0578125
14 0.5012987012987012 0.471875 0.35844155844155845 0.053125
7 0.4987012987012987 0.2296875 0.5428571428571428 0.3265625
18 0.4987012987012987 0.0171875 0.9974025974025974 0.034375
14 0.5584415584415584 0.7203125 0.42077922077922075 0.01875
14 0.535064935064935 0.803125 0.37402597402597404 0.021875
7 0.2597402597402597 0.7203125 0.05974025974025974 0.0359375
6 0.2597402597402597 0.8 0.06753246753246753 0.0265625