4 0.37142857142857144 0.5171875 0.7428571428571429 0.9640625
9 0.37142857142857144 0.4484375 0.7428571428571429 0.290625
15 0.535064935064935 0.1078125 0.34285714285714286 0.053125
6 0.11688311688311688 0.128125 0.15584415584415584 0.09375
14 0.15324675324675324 0.21875 0.22597402597402597 0.025
14 0.2519480519480519 0.2515625 0.42597402597402595 0.025
14 0.2519480519480519 0.3375 0.15324675324675324 0.0203125
14 0.2649350649350649 0.40625 0.17402597402597403 0.0203125
14 0.22337662337662337 0.478125 0.09610389610389611 0.0203125
14 0.2935064935064935 0.546875 0.23376623376623376 0.0203125
14 0.11428571428571428 0.6453125 0.15064935064935064 0.025
14 0.08311688311688312 0.715625 0.08311688311688312 0.025
14 0.18181818181818182 0.7828125 0.2831168831168831 0.0203125
6 0.07272727272727272 0.3359375 0.05454545454545454 0.0265625
6 0.07272727272727272 0.40625 0.04935064935064935 0.025
6 0.07272727272727272 0.4765625 0.04935064935064935 0.0265625
6 0.07272727272727272 0.546875 0.04415584415584416 0.0296875
18 0.4987012987012987 0.0171875 0.9974025974025974 0.034375
14 0.535064935064935 0.1109375 0.2623376623376623 0.0234375