4 0.36363636363636365 0.5171875 0.7272727272727273 0.9625
9 0.36363636363636365 0.5 0.7272727272727273 0.503125
14 0.2701298701298701 0.29375 0.18441558441558442 0.0171875
14 0.3012987012987013 0.390625 0.2545454545454545 0.0203125
14 0.3090909090909091 0.4625 0.2649350649350649 0.0203125
14 0.2857142857142857 0.55625 0.21818181818181817 0.0203125
14 0.24935064935064935 0.625 0.14285714285714285 0.0171875
14 0.22077922077922077 0.7203125 0.09350649350649351 0.0171875
6 0.06753246753246753 0.29375 0.04935064935064935 0.0296875
6 0.06753246753246753 0.3875 0.04155844155844156 0.03125
6 0.06753246753246753 0.459375 0.025974025974025976 0.0265625
6 0.06753246753246753 0.5546875 0.04415584415584416 0.0296875
6 0.06753246753246753 0.625 0.05714285714285714 0.0296875
6 0.06753246753246753 0.7203125 0.04935064935064935 0.0296875
7 0.36623376623376624 0.1421875 0.7298701298701299 0.2109375
14 0.23636363636363636 0.2140625 0.17662337662337663 0.0234375
6 0.05714285714285714 0.2125 0.025974025974025976 0.009375
18 0.4987012987012987 0.0171875 0.9974025974025974 0.034375