6 0.9402597402597402 0.0765625 0.04155844155844156 0.0265625
6 0.825974025974026 0.0765625 0.04935064935064935 0.028125
6 0.06753246753246753 0.0765625 0.03896103896103896 0.0234375
10 0.4987012987012987 0.5171875 0.7012987012987013 0.8234375
9 0.4909090909090909 0.5515625 0.5714285714285714 0.6765625
14 0.36623376623376624 0.8703125 0.08831168831168831 0.01875
7 0.24675324675324675 0.8703125 0.06753246753246753 0.0421875
14 0.43896103896103894 0.8015625 0.23116883116883116 0.021875
7 0.24675324675324675 0.7984375 0.07532467532467532 0.0453125
14 0.4051948051948052 0.7296875 0.16103896103896104 0.01875
7 0.24675324675324675 0.7296875 0.06233766233766234 0.0390625
14 0.3974025974025974 0.6609375 0.14545454545454545 0.021875
7 0.24675324675324675 0.659375 0.08051948051948052 0.046875
14 0.45454545454545453 0.5890625 0.2597402597402597 0.01875
7 0.24675324675324675 0.5890625 0.08051948051948052 0.0484375
14 0.38181818181818183 0.521875 0.11428571428571428 0.021875
14 0.548051948051948 0.4484375 0.44415584415584414 0.01875
14 0.44415584415584414 0.378125 0.24415584415584415 0.01875
14 0.412987012987013 0.309375 0.17922077922077922 0.0234375
7 0.24675324675324675 0.309375 0.07532467532467532 0.04375
14 0.4077922077922078 0.2375 0.16623376623376623 0.01875
7 0.24675324675324675 0.51875 0.07532467532467532 0.0453125
7 0.2519480519480519 0.4484375 0.07012987012987013 0.0484375
7 0.24675324675324675 0.378125 0.07012987012987013 0.0421875
7 0.24675324675324675 0.2375 0.07792207792207792 0.046875
14 0.35324675324675325 0.1578125 0.2909090909090909 0.021875
18 0.4987012987012987 0.0171875 0.9974025974025974 0.034375