14 0.4727272727272727 0.9671875 0.5974025974025974 0.0453125
6 0.08831168831168831 0.9640625 0.08311688311688312 0.05
9 0.4987012987012987 0.3109375 0.9636363636363636 0.3640625
14 0.23896103896103896 0.4453125 0.12467532467532468 0.0171875
14 0.32727272727272727 0.35625 0.2987012987012987 0.015625
14 0.24155844155844156 0.2640625 0.12727272727272726 0.0171875
14 0.24155844155844156 0.1734375 0.13246753246753246 0.0171875
6 0.9324675324675324 0.9640625 0.03636363636363636 0.021875
6 0.9142857142857143 0.4453125 0.06753246753246753 0.0421875
6 0.09610389610389611 0.1734375 0.04935064935064935 0.028125
6 0.09610389610389611 0.4453125 0.04155844155844156 0.03125
6 0.0987012987012987 0.35625 0.05714285714285714 0.025
6 0.9142857142857143 0.353125 0.07012987012987013 0.04375
6 0.0987012987012987 0.2640625 0.04935064935064935 0.0328125
17 0.4987012987012987 0.0765625 0.9974025974025974 0.08125
14 0.3220779220779221 0.0765625 0.2961038961038961 0.025
6 0.06753246753246753 0.0765625 0.04155844155844156 0.025
18 0.4987012987012987 0.0171875 0.9974025974025974 0.034375