14 0.4987012987012987 0.14375 0.2519480519480519 0.0203125
14 0.24415584415584415 0.209375 0.13506493506493505 0.015625
6 0.08571428571428572 0.221875 0.05974025974025974 0.0296875
14 0.5402597402597402 0.2375 0.7324675324675325 0.01875
10 0.4987012987012987 0.5171875 0.6987012987012987 0.4515625
9 0.35324675324675325 0.509375 0.2883116883116883 0.2453125
6 0.08571428571428572 0.328125 0.04935064935064935 0.0375
14 0.3090909090909091 0.3390625 0.1974025974025974 0.021875
3 0.3194805194805195 0.403125 0.21818181818181817 0.0296875
14 0.37922077922077924 0.403125 0.1012987012987013 0.021875
6 0.08831168831168831 0.4359375 0.04935064935064935 0.0359375
3 0.33506493506493507 0.4734375 0.24675324675324675 0.03125
14 0.3922077922077922 0.4734375 0.13246753246753246 0.021875
3 0.3168831168831169 0.54375 0.2077922077922078 0.03125
14 0.37402597402597404 0.5453125 0.09350649350649351 0.0265625
6 0.08571428571428572 0.5984375 0.04935064935064935 0.0359375
3 0.3168831168831169 0.6140625 0.2077922077922078 0.03125
14 0.37142857142857144 0.615625 0.09610389610389611 0.0265625
6 0.08571428571428572 0.7125 0.05194805194805195 0.0375
14 0.7402597402597403 0.7015625 0.10649350649350649 0.0171875
14 0.2727272727272727 0.803125 0.18961038961038962 0.015625
6 0.08831168831168831 0.825 0.05714285714285714 0.034375
14 0.5194805194805194 0.8390625 0.6909090909090909 0.034375
17 0.5 0.0765625 1 0.078125
14 0.2649350649350649 0.0796875 0.17922077922077922 0.0296875
6 0.06753246753246753 0.075 0.04935064935064935 0.0203125
18 0.4987012987012987 0.0171875 0.9974025974025974 0.034375