6 0.1974025974025974 0.6640625 0.03636363636363636 0.0203125
7 0.4987012987012987 0.9546875 0.961038961038961 0.0875
14 0.2753246753246753 0.8578125 0.3012987012987013 0.01875
6 0.07792207792207792 0.859375 0.05194805194805195 0.034375
8 0.8935064935064935 0.8171875 0.13766233766233765 0.08125
14 0.5246753246753246 0.6671875 0.587012987012987 0.021875
14 0.5012987012987012 0.56875 0.8 0.1125
14 0.4987012987012987 0.46875 0.14025974025974025 0.0140625
7 0.4987012987012987 0.23125 0.9584415584415584 0.175
17 0.4987012987012987 0.084375 0.9974025974025974 0.0953125
6 0.9272727272727272 0.0828125 0.05714285714285714 0.034375
14 0.4987012987012987 0.1109375 0.13506493506493505 0.015625
6 0.8207792207792208 0.084375 0.05714285714285714 0.034375
14 0.4987012987012987 0.0828125 0.33766233766233766 0.01875
6 0.08051948051948052 0.0828125 0.04935064935064935 0.021875
18 0.4987012987012987 0.0171875 0.9974025974025974 0.034375