0 0.4987012987012987 0.5171875 0.9974025974025974 0.9625
15 0.6987012987012987 0.928125 0.5428571428571428 0.078125
15 0.22337662337662337 0.928125 0.38961038961038963 0.0765625
15 0.4987012987012987 0.84375 0.9402597402597402 0.078125
14 0.5012987012987012 0.725 0.7480519480519481 0.065625
6 0.16883116883116883 0.3640625 0.12987012987012986 0.065625
14 0.5818181818181818 0.365625 0.6233766233766234 0.06875
18 0.4987012987012987 0.0171875 0.9974025974025974 0.034375
14 0.4987012987012987 0.8453125 0.3194805194805195 0.01875
14 0.22337662337662337 0.93125 0.11428571428571428 0.021875
14 0.7012987012987013 0.9296875 0.2701298701298701 0.01875