9 0.5 0.41953125 1 0.6015625
9 0.5 0.8953125 1 0.209375
14 0.06493506493506493 0.9609375 0.04935064935064935 0.01875
14 0.17662337662337663 0.9328125 0.2753246753246753 0.0203125
14 0.33506493506493507 0.85625 0.5948051948051948 0.021875
14 0.16883116883116883 0.825 0.2571428571428571 0.021875
14 0.09610389610389611 0.771875 0.11428571428571428 0.021875
14 0.08051948051948052 0.69375 0.08311688311688312 0.01875
14 0.2025974025974026 0.6671875 0.32987012987012987 0.025
14 0.22597402597402597 0.5875 0.37662337662337664 0.025
14 0.06493506493506493 0.50625 0.04935064935064935 0.01875
14 0.22597402597402597 0.478125 0.37402597402597404 0.0234375
14 0.18961038961038962 0.3984375 0.3038961038961039 0.0234375
14 0.1974025974025974 0.3171875 0.3194805194805195 0.01875
14 0.23636363636363636 0.2375 0.3922077922077922 0.0203125
14 0.19480519480519481 0.1296875 0.3090909090909091 0.0234375
14 0.14805194805194805 0.159375 0.21818181818181817 0.021875
13 0.8935064935064935 0.1421875 0.08311688311688312 0.0328125
13 0.8961038961038961 0.2359375 0.08051948051948052 0.03125
13 0.9116883116883117 0.315625 0.08051948051948052 0.0296875
13 0.8935064935064935 0.3953125 0.08051948051948052 0.03125
13 0.8935064935064935 0.8390625 0.08051948051948052 0.03125
17 0.4987012987012987 0.0765625 0.9974025974025974 0.08125
14 0.17662337662337663 0.078125 0.2805194805194805 0.03125
18 0.4987012987012987 0.0171875 0.9974025974025974 0.034375