0 0.4987012987012987 0.5171875 0.9974025974025974 0.9640625
14 0.4987012987012987 0.953125 0.6025974025974026 0.04375
16 0.4987012987012987 0.7984375 0.5246753246753246 0.0578125
16 0.5012987012987012 0.725 0.5246753246753246 0.0578125
16 0.4987012987012987 0.6515625 0.5246753246753246 0.059375
14 0.38961038961038963 0.8890625 0.21818181818181817 0.0203125
14 0.4987012987012987 0.4984375 0.07272727272727272 0.0109375
6 0.4987012987012987 0.428125 0.12207792207792208 0.0734375
14 0.5012987012987012 0.35 0.36623376623376624 0.021875
7 0.5012987012987012 0.1640625 0.42077922077922075 0.1140625
14 0.6493506493506493 0.8890625 0.13766233766233765 0.0203125
18 0.4987012987012987 0.0171875 0.9974025974025974 0.034375
14 0.5012987012987012 0.6546875 0.2701298701298701 0.021875
14 0.522077922077922 0.728125 0.3142857142857143 0.0203125
14 0.4883116883116883 0.8 0.24935064935064935 0.021875
6 0.3012987012987013 0.653125 0.046753246753246755 0.0203125
7 0.3012987012987013 0.725 0.046753246753246755 0.0296875
6 0.3012987012987013 0.7984375 0.046753246753246755 0.028125