0 0.4987012987012987 0.5171875 0.9974025974025974 0.9640625
14 0.4987012987012987 0.9765625 0.3220779220779221 0.021875
14 0.6545454545454545 0.7953125 0.15324675324675324 0.01875
14 0.41818181818181815 0.796875 0.2961038961038961 0.01875
14 0.37402597402597404 0.7515625 0.2961038961038961 0.01875
14 0.6545454545454545 0.753125 0.23896103896103896 0.0171875
15 0.4987012987012987 0.6671875 0.825974025974026 0.059375
15 0.4987012987012987 0.590625 0.825974025974026 0.059375
5 0.4987012987012987 0.528125 0.825974025974026 0.034375
14 0.16883116883116883 0.5203125 0.15844155844155844 0.0171875
5 0.4987012987012987 0.459375 0.825974025974026 0.040625
14 0.22597402597402597 0.45625 0.2779220779220779 0.015625
7 0.4987012987012987 0.2796875 0.412987012987013 0.1359375
18 0.4987012987012987 0.0171875 0.9974025974025974 0.034375
14 0.5012987012987012 0.59375 0.09090909090909091 0.0203125
14 0.4987012987012987 0.6703125 0.2961038961038961 0.0203125