16 0.4987012987012987 0.7203125 0.4597402597402597 0.0625
17 0.5 0.075 1 0.078125
14 0.4987012987012987 0.63125 0.8935064935064935 0.0515625
14 0.4987012987012987 0.5515625 0.17402597402597403 0.021875
14 0.5012987012987012 0.465625 0.17402597402597403 0.015625
14 0.4987012987012987 0.3890625 0.3194805194805195 0.01875
14 0.4987012987012987 0.353125 0.1974025974025974 0.01875
7 0.4987012987012987 0.234375 0.2935064935064935 0.175
6 0.8233766233766234 0.0765625 0.05194805194805195 0.03125
6 0.9402597402597402 0.0765625 0.04415584415584416 0.0265625
14 0.2051948051948052 0.0765625 0.13766233766233765 0.025
6 0.06753246753246753 0.075 0.04935064935064935 0.021875
18 0.4987012987012987 0.0171875 0.9974025974025974 0.034375
15 0.5012987012987012 0.303125 0.08571428571428572 0.0390625
14 0.5012987012987012 0.303125 0.05974025974025974 0.0125
6 0.34025974025974026 0.7234375 0.04415584415584416 0.0265625
14 0.5376623376623376 0.721875 0.2883116883116883 0.0171875