9 0.5 0.559375 1 0.88125
3 0.4935064935064935 0.1546875 0.9324675324675324 0.0265625
14 0.08831168831168831 0.1546875 0.12207792207792208 0.01875
3 0.4909090909090909 0.23125 0.9324675324675324 0.0265625
14 0.09610389610389611 0.23125 0.14025974025974025 0.01875
3 0.4935064935064935 0.30625 0.9324675324675324 0.0265625
14 0.17922077922077922 0.30625 0.3038961038961039 0.0171875
3 0.4935064935064935 0.38125 0.9324675324675324 0.0265625
14 0.19220779220779222 0.38125 0.33246753246753247 0.01875
3 0.4909090909090909 0.4578125 0.9324675324675324 0.0265625
14 0.11168831168831168 0.4578125 0.16883116883116883 0.01875
3 0.4909090909090909 0.5328125 0.935064935064935 0.0265625
14 0.11168831168831168 0.534375 0.17402597402597403 0.021875
3 0.4935064935064935 0.609375 0.9324675324675324 0.0265625
14 0.22337662337662337 0.6109375 0.3922077922077922 0.021875
3 0.4909090909090909 0.684375 0.9324675324675324 0.0265625
14 0.1012987012987013 0.6875 0.15064935064935064 0.021875
3 0.4909090909090909 0.759375 0.9324675324675324 0.0265625
14 0.06233766233766234 0.7609375 0.07532467532467532 0.01875
3 0.4935064935064935 0.8359375 0.9324675324675324 0.0265625
14 0.11168831168831168 0.8359375 0.17142857142857143 0.01875
3 0.4935064935064935 0.9109375 0.9324675324675324 0.0265625
14 0.12207792207792208 0.9109375 0.19220779220779222 0.01875
17 0.5 0.0765625 1 0.08125
6 0.06753246753246753 0.0765625 0.04415584415584416 0.0265625
14 0.33506493506493507 0.0765625 0.3948051948051948 0.025
18 0.4987012987012987 0.0171875 0.9974025974025974 0.034375