17 0.5 0.07578125 1 0.0765625
6 0.06753246753246753 0.075 0.046753246753246755 0.0203125
14 0.24155844155844156 0.078125 0.12987012987012986 0.021875
3 0.18961038961038962 0.1546875 0.22597402597402597 0.03125
3 0.6805194805194805 0.15625 0.24935064935064935 0.0296875
14 0.7142857142857143 0.1578125 0.18441558441558442 0.021875
14 0.22337662337662337 0.159375 0.15064935064935064 0.021875
10 0.4987012987012987 0.5171875 0.8701298701298701 0.6359375
7 0.4987012987012987 0.2515625 0.16103896103896104 0.0453125
14 0.4987012987012987 0.3125 0.44155844155844154 0.021875
7 0.19220779220779222 0.3671875 0.06233766233766234 0.0375
14 0.4883116883116883 0.365625 0.4779220779220779 0.025
7 0.19220779220779222 0.45625 0.06233766233766234 0.0375
14 0.33766233766233766 0.453125 0.17922077922077922 0.0234375
7 0.19220779220779222 0.54375 0.06233766233766234 0.0375
14 0.5116883116883116 0.5453125 0.5272727272727272 0.028125
7 0.19220779220779222 0.6328125 0.06233766233766234 0.0375
14 0.43636363636363634 0.63125 0.38181818181818183 0.0234375
15 0.5012987012987012 0.75625 0.21298701298701297 0.0703125
18 0.4987012987012987 0.0171875 0.9974025974025974 0.034375
14 0.5012987012987012 0.75625 0.1012987012987013 0.015625