0 0.4987012987012987 0.5171875 0.9974025974025974 0.9640625
14 0.5012987012987012 0.365625 0.3974025974025974 0.0828125
7 0.5012987012987012 0.2328125 0.7688311688311689 0.115625
7 0.34285714285714286 0.7421875 0.15324675324675324 0.046875
7 0.6571428571428571 0.7421875 0.21038961038961038 0.0484375
12 0.5012987012987012 0.840625 0.14025974025974025 0.01875
15 0.2545454545454545 0.953125 0.45194805194805193 0.053125
15 0.7454545454545455 0.953125 0.45194805194805193 0.053125
18 0.4987012987012987 0.0171875 0.9974025974025974 0.034375
14 0.2545454545454545 0.95625 0.11688311688311688 0.0203125
14 0.7454545454545455 0.95625 0.09090909090909091 0.01875