14 0.32727272727272727 0.9734375 0.5922077922077922 0.021875
14 0.17922077922077922 0.8765625 0.3012987012987013 0.0234375
6 0.11428571428571428 0.790625 0.17142857142857143 0.0203125
12 0.4961038961038961 0.7421875 0.34285714285714286 0.0140625
14 0.3038961038961039 0.9265625 0.15064935064935064 0.0265625
14 0.11948051948051948 0.925 0.17922077922077922 0.03125
14 0.3168831168831169 0.840625 0.5714285714285714 0.0296875
14 0.2519480519480519 0.79375 0.08311688311688312 0.0203125
7 0.4987012987012987 0.4203125 0.9974025974025974 0.60625
8 0.8935064935064935 0.934375 0.13766233766233765 0.0828125
17 0.4987012987012987 0.078125 0.9974025974025974 0.0765625
14 0.43376623376623374 0.0796875 0.5168831168831168 0.0265625
6 0.8051948051948052 0.075 0.05714285714285714 0.034375
6 0.922077922077922 0.075 0.04415584415584416 0.0296875
6 0.06753246753246753 0.0765625 0.03636363636363636 0.0234375
18 0.4987012987012987 0.0171875 0.9974025974025974 0.034375