18 0.4987012987012987 0.0171875 0.9974025974025974 0.034375
14 0.15324675324675324 0.159375 0.22077922077922077 0.015625
5 0.4987012987012987 0.209375 0.922077922077922 0.059375
14 0.22077922077922077 0.20625 0.3220779220779221 0.0171875
5 0.4987012987012987 0.309375 0.922077922077922 0.059375
14 0.12467532467532468 0.3109375 0.13766233766233765 0.0203125
5 0.4987012987012987 0.45625 0.922077922077922 0.0578125
14 0.08571428571428572 0.4578125 0.05714285714285714 0.0203125
14 0.22857142857142856 0.528125 0.37662337662337664 0.0203125
6 0.935064935064935 0.5765625 0.015584415584415584 0.009375
14 0.17662337662337663 0.646875 0.2779220779220779 0.015625
6 0.935064935064935 0.6953125 0.015584415584415584 0.009375
14 0.21558441558441557 0.76875 0.35324675324675325 0.01875
5 0.4987012987012987 0.815625 0.922077922077922 0.059375
6 0.9194805194805195 0.809375 0.02077922077922078 0.015625
14 0.15584415584415584 0.8140625 0.19220779220779222 0.015625
14 0.22597402597402597 0.8859375 0.37402597402597404 0.0171875
5 0.4987012987012987 0.9359375 0.922077922077922 0.059375
6 0.9142857142857143 0.934375 0.03116883116883117 0.01875
14 0.15324675324675324 0.934375 0.18961038961038962 0.015625
14 0.14025974025974025 0.3828125 0.14805194805194805 0.015625