7 0.4987012987012987 0.759375 0.9194805194805195 0.3375
16 0.19220779220779222 0.528125 0.18961038961038962 0.059375
16 0.5012987012987012 0.5296875 0.08051948051948052 0.05625
16 0.8077922077922078 0.528125 0.13766233766233765 0.059375
14 0.19220779220779222 0.55 0.18701298701298702 0.015625
14 0.4987012987012987 0.55 0.08051948051948052 0.015625
14 0.8077922077922078 0.55 0.13766233766233765 0.015625
6 0.8077922077922078 0.5140625 0.04935064935064935 0.0296875
6 0.4987012987012987 0.5140625 0.04415584415584416 0.0265625
6 0.19220779220779222 0.5140625 0.04935064935064935 0.0296875
6 0.9324675324675324 0.384375 0.046753246753246755 0.028125
6 0.1974025974025974 0.4375 0.18961038961038962 0.0203125
14 0.5246753246753246 0.965625 0.7038961038961039 0.01875
6 0.06753246753246753 0.9640625 0.033766233766233764 0.0296875
14 0.4077922077922078 0.4375 0.2 0.015625
14 0.05974025974025974 0.4375 0.04155844155844156 0.015625
14 0.33506493506493507 0.390625 0.587012987012987 0.0328125
7 0.4987012987012987 0.184375 0.9974025974025974 0.3078125
12 0.5012987012987012 0.3046875 0.14805194805194805 0.0109375
14 0.19220779220779222 0.3171875 0.3090909090909091 0.0171875
6 0.935064935064935 0.0765625 0.012987012987012988 0.025
6 0.06753246753246753 0.0765625 0.03896103896103896 0.025
18 0.4987012987012987 0.0140625 0.9974025974025974 0.028125