16 0.4987012987012987 0.540625 0.8051948051948052 0.0578125
16 0.4987012987012987 0.6296875 0.8051948051948052 0.0578125
16 0.4987012987012987 0.7171875 0.8051948051948052 0.0578125
12 0.4961038961038961 0.359375 0.08311688311688312 0.0109375
11 0.5012987012987012 0.4125 0.9948051948051948 0.08125
14 0.24935064935064935 0.4125 0.12467532467532468 0.0140625
14 0.7506493506493507 0.4140625 0.17142857142857143 0.01875
14 0.4987012987012987 0.26875 0.36623376623376624 0.0203125
14 0.4935064935064935 0.309375 0.522077922077922 0.0375
7 0.4961038961038961 0.1546875 0.37142857142857144 0.1359375
15 0.8467532467532467 0.06875 0.2753246753246753 0.04375
18 0.5 0.0171875 1 0.034375
14 0.535064935064935 0.54375 0.35584415584415585 0.021875
14 0.5454545454545454 0.63125 0.38181818181818183 0.0171875
14 0.509090909090909 0.71875 0.3090909090909091 0.015625
6 0.14285714285714285 0.71875 0.046753246753246755 0.01875
6 0.14025974025974025 0.6296875 0.023376623376623377 0.028125
6 0.14805194805194805 0.540625 0.06233766233766234 0.025
14 0.8467532467532467 0.0703125 0.23896103896103896 0.015625