0 0.4987012987012987 0.515625 0.9974025974025974 0.9671875
14 0.6727272727272727 0.965625 0.06753246753246753 0.015625
14 0.3246753246753247 0.9640625 0.08831168831168831 0.0140625
16 0.4987012987012987 0.8828125 0.8649350649350649 0.0765625
16 0.4987012987012987 0.7890625 0.8649350649350649 0.0765625
7 0.4987012987012987 0.1109375 0.43896103896103894 0.1203125
18 0.4987012987012987 0.015625 0.9974025974025974 0.0296875
7 0.12727272727272726 0.7890625 0.04415584415584416 0.0265625
7 0.12467532467532468 0.8828125 0.046753246753246755 0.0296875
14 0.412987012987013 0.7890625 0.43636363636363634 0.015625
14 0.3922077922077922 0.8828125 0.3974025974025974 0.0171875