9 0.5 0.49921875 1 0.8328125
14 0.13246753246753246 0.8796875 0.18961038961038962 0.021875
14 0.08831168831168831 0.85 0.09610389610389611 0.01875
14 0.33246753246753247 0.771875 0.587012987012987 0.021875
14 0.14285714285714285 0.740625 0.2051948051948052 0.01875
3 0.4909090909090909 0.6484375 0.9038961038961039 0.0515625
14 0.14545454545454545 0.6640625 0.21298701298701297 0.0203125
14 0.2753246753246753 0.6359375 0.4727272727272727 0.025
3 0.4935064935064935 0.5390625 0.9038961038961039 0.0484375
14 0.05974025974025974 0.5546875 0.03896103896103896 0.0171875
14 0.1974025974025974 0.525 0.3168831168831169 0.01875
3 0.4935064935064935 0.43125 0.9038961038961039 0.046875
14 0.05974025974025974 0.446875 0.03896103896103896 0.015625
14 0.12727272727272726 0.4171875 0.17402597402597403 0.01875
3 0.4909090909090909 0.325 0.9064935064935065 0.046875
14 0.05974025974025974 0.3390625 0.03896103896103896 0.015625
14 0.09350649350649351 0.3109375 0.10649350649350649 0.01875
14 0.11688311688311688 0.2296875 0.15324675324675324 0.01875
3 0.4909090909090909 0.1359375 0.9038961038961039 0.0484375
14 0.05974025974025974 0.1515625 0.03896103896103896 0.0171875
14 0.21558441558441557 0.1234375 0.35324675324675325 0.021875
17 0.4987012987012987 0.040625 0.9974025974025974 0.08125
14 0.2649350649350649 0.04375 0.17662337662337663 0.028125
6 0.06753246753246753 0.040625 0.04155844155844156 0.0234375