10 0.4987012987012987 0.790625 0.9974025974025974 0.415625
16 0.15584415584415584 0.725 0.11168831168831168 0.0984375
16 0.38441558441558443 0.721875 0.16103896103896104 0.10625
16 0.6155844155844156 0.7203125 0.11688311688311688 0.10625
16 0.8467532467532467 0.7296875 0.2077922077922078 0.128125
16 0.15324675324675324 0.9015625 0.12467532467532468 0.10625
14 0.15324675324675324 0.946875 0.12467532467532468 0.0171875
7 0.15584415584415584 0.88125 0.11428571428571428 0.0640625
14 0.8467532467532467 0.7765625 0.2077922077922078 0.0328125
14 0.6155844155844156 0.7671875 0.10649350649350649 0.015625
14 0.38441558441558443 0.7671875 0.16103896103896104 0.0140625
14 0.15584415584415584 0.7671875 0.11168831168831168 0.0140625
7 0.8519480519480519 0.7015625 0.1012987012987013 0.071875
7 0.6155844155844156 0.703125 0.11688311688311688 0.0703125
7 0.38441558441558443 0.7015625 0.1038961038961039 0.065625
7 0.15324675324675324 0.703125 0.09350649350649351 0.0546875
14 0.08311688311688312 0.6125 0.08831168831168831 0.0171875
18 0.4987012987012987 0.0171875 0.9974025974025974 0.034375