11 0.5 0.15078125 1 0.0734375
14 0.8831168831168831 0.1515625 0.08831168831168831 0.0140625
14 0.625974025974026 0.1515625 0.16363636363636364 0.0140625
14 0.35844155844155845 0.1515625 0.13766233766233765 0.0140625
14 0.11688311688311688 0.1515625 0.09610389610389611 0.0140625
17 0.5 0.07421875 1 0.0765625
6 0.9324675324675324 0.0765625 0.04935064935064935 0.034375
6 0.07792207792207792 0.0765625 0.04415584415584416 0.0171875
14 0.22077922077922077 0.075 0.08571428571428572 0.0203125
10 0.4987012987012987 0.5171875 0.8727272727272727 0.646875
12 0.4961038961038961 0.7328125 0.05714285714285714 0.0109375
14 0.5012987012987012 0.78125 0.08311688311688312 0.015625
7 0.5012987012987012 0.540625 0.5688311688311688 0.3109375
14 0.5012987012987012 0.346875 0.7558441558441559 0.075
14 0.2649350649350649 0.246875 0.2857142857142857 0.021875
18 0.4987012987012987 0.0171875 0.9974025974025974 0.034375