9 0.5 0.48359375 1 0.7359375
6 0.9376623376623376 0.8890625 0.04415584415584416 0.034375
6 0.8181818181818182 0.8890625 0.05714285714285714 0.0296875
14 0.3116883116883117 0.878125 0.35064935064935066 0.021875
14 0.1974025974025974 0.90625 0.12207792207792208 0.0203125
7 0.06233766233766234 0.8890625 0.10649350649350649 0.0640625
7 0.4987012987012987 0.7703125 0.9766233766233766 0.1625
7 0.4987012987012987 0.5484375 0.9766233766233766 0.2671875
14 0.11948051948051948 0.6296875 0.11428571428571428 0.0296875
14 0.13246753246753246 0.5984375 0.14285714285714285 0.0125
7 0.4987012987012987 0.271875 0.9766233766233766 0.26875
14 0.13506493506493505 0.3546875 0.14545454545454545 0.0296875
14 0.12727272727272726 0.321875 0.12987012987012986 0.0109375
17 0.4987012987012987 0.075 0.9974025974025974 0.078125
14 0.4987012987012987 0.0703125 0.17142857142857143 0.0171875
6 0.9324675324675324 0.0765625 0.05974025974025974 0.0375
6 0.06753246753246753 0.075 0.05454545454545454 0.0265625
18 0.4987012987012987 0.0171875 0.9974025974025974 0.034375