7 0.5 0.309375 1 0.54375
14 0.09610389610389611 0.4703125 0.0987012987012987 0.0109375
14 0.11948051948051948 0.5109375 0.14285714285714285 0.0265625
8 0.8883116883116883 0.4984375 0.12207792207792208 0.0734375
6 0.9324675324675324 0.0765625 0.05974025974025974 0.0375
6 0.06753246753246753 0.0765625 0.04935064935064935 0.0265625
10 0.4987012987012987 0.790625 0.9974025974025974 0.415625
16 0.15584415584415584 0.7234375 0.11168831168831168 0.1
16 0.38441558441558443 0.7234375 0.1012987012987013 0.1015625
16 0.612987012987013 0.721875 0.14285714285714285 0.10625
16 0.8467532467532467 0.7234375 0.12467532467532468 0.1078125
16 0.15324675324675324 0.8984375 0.16363636363636364 0.1046875
16 0.38441558441558443 0.8984375 0.11948051948051948 0.10625
16 0.6155844155844156 0.90625 0.21038961038961038 0.1296875
14 0.6155844155844156 0.953125 0.21038961038961038 0.034375
14 0.38441558441558443 0.94375 0.10909090909090909 0.0140625
14 0.15324675324675324 0.94375 0.16363636363636364 0.0140625
7 0.6233766233766234 0.8796875 0.1012987012987013 0.0734375
7 0.38441558441558443 0.8796875 0.11948051948051948 0.071875
7 0.15324675324675324 0.8796875 0.1012987012987013 0.065625
14 0.8441558441558441 0.7671875 0.12467532467532468 0.01875
14 0.6155844155844156 0.7671875 0.14025974025974025 0.015625
14 0.38441558441558443 0.765625 0.09610389610389611 0.0140625
14 0.15584415584415584 0.7671875 0.11168831168831168 0.015625
7 0.8467532467532467 0.7015625 0.11428571428571428 0.065625
7 0.6155844155844156 0.7015625 0.11428571428571428 0.06875
7 0.38441558441558443 0.7015625 0.1012987012987013 0.059375
7 0.15324675324675324 0.7015625 0.09610389610389611 0.0578125
14 0.07792207792207792 0.6125 0.07532467532467532 0.01875
18 0.4987012987012987 0.0171875 0.9974025974025974 0.034375