10 0.5012987012987012 0.5171875 0.7532467532467533 0.7796875
14 0.4987012987012987 0.2296875 0.42077922077922075 0.0796875
14 0.4987012987012987 0.315625 0.5766233766233766 0.0484375
14 0.5038961038961038 0.3796875 0.22077922077922077 0.021875
14 0.4987012987012987 0.4703125 0.5662337662337662 0.1
16 0.4987012987012987 0.5921875 0.6545454545454545 0.065625
16 0.5012987012987012 0.6875 0.6545454545454545 0.065625
16 0.4987012987012987 0.7828125 0.6545454545454545 0.065625
18 0.4987012987012987 0.0171875 0.9974025974025974 0.034375
6 0.22857142857142856 0.59375 0.06233766233766234 0.0359375
6 0.22857142857142856 0.6890625 0.05194805194805195 0.0328125
6 0.22857142857142856 0.784375 0.04415584415584416 0.028125
14 0.5012987012987012 0.5921875 0.32727272727272727 0.0171875
14 0.5012987012987012 0.690625 0.22857142857142856 0.021875
14 0.5012987012987012 0.7859375 0.18181818181818182 0.021875