4 0.42077922077922075 0.5171875 0.8415584415584415 0.9640625
9 0.42337662337662335 0.4953125 0.8441558441558441 0.678125
14 0.23896103896103896 0.409375 0.12727272727272726 0.0171875
7 0.42077922077922075 0.09375 0.3012987012987013 0.059375
14 0.21818181818181817 0.2 0.08311688311688312 0.015625
14 0.24415584415584415 0.271875 0.13766233766233765 0.0203125
14 0.2571428571428571 0.3390625 0.16623376623376623 0.0171875
14 0.22337662337662337 0.4796875 0.0987012987012987 0.0171875
14 0.2987012987012987 0.578125 0.24675324675324675 0.0203125
14 0.2805194805194805 0.6484375 0.21038961038961038 0.0203125
14 0.23636363636363636 0.7171875 0.12467532467532468 0.0203125
14 0.2545454545454545 0.7875 0.15844155844155844 0.0203125
14 0.12207792207792208 0.88125 0.16623376623376623 0.0171875
14 0.14025974025974025 0.9515625 0.2025974025974026 0.0171875
6 0.06753246753246753 0.7859375 0.04415584415584416 0.0296875
6 0.06753246753246753 0.715625 0.05714285714285714 0.034375
6 0.06753246753246753 0.6453125 0.05974025974025974 0.021875
6 0.06753246753246753 0.5765625 0.05974025974025974 0.028125
6 0.06753246753246753 0.4796875 0.05974025974025974 0.0265625
6 0.06753246753246753 0.409375 0.05714285714285714 0.034375
6 0.06753246753246753 0.3390625 0.05974025974025974 0.028125
6 0.06753246753246753 0.26875 0.05974025974025974 0.0234375
6 0.06753246753246753 0.1984375 0.05974025974025974 0.0234375
18 0.4987012987012987 0.0171875 0.9974025974025974 0.034375