5 0.4987012987012987 0.6796875 0.825974025974026 0.0328125
5 0.4987012987012987 0.6015625 0.825974025974026 0.0328125
14 0.5922077922077922 0.240625 0.5532467532467532 0.0640625
14 0.14025974025974025 0.5953125 0.1012987012987013 0.0203125
14 0.18181818181818182 0.6765625 0.18441558441558442 0.0265625
14 0.4831168831168831 0.9671875 0.7896103896103897 0.01875
14 0.3090909090909091 0.90625 0.42857142857142855 0.015625
15 0.4987012987012987 0.8234375 0.8233766233766234 0.053125
15 0.5012987012987012 0.753125 0.825974025974026 0.053125
15 0.4987012987012987 0.4765625 0.8233766233766234 0.053125
14 0.5012987012987012 0.5390625 0.033766233766233764 0.0140625
6 0.2025974025974026 0.2390625 0.14285714285714285 0.0875
18 0.4987012987012987 0.0171875 0.9974025974025974 0.034375
14 0.5012987012987012 0.478125 0.37662337662337664 0.015625
14 0.5012987012987012 0.7546875 0.3922077922077922 0.0140625
14 0.5012987012987012 0.825 0.15064935064935064 0.0140625