10 0.4987012987012987 0.534375 0.7740259740259741 0.5828125
15 0.4987012987012987 0.76875 0.6987012987012987 0.0703125
15 0.4987012987012987 0.6875 0.6961038961038961 0.0703125
15 0.4987012987012987 0.60625 0.6987012987012987 0.075
15 0.4987012987012987 0.5234375 0.6987012987012987 0.0734375
15 0.4987012987012987 0.4421875 0.6961038961038961 0.0734375
15 0.4987012987012987 0.359375 0.6961038961038961 0.071875
14 0.4987012987012987 0.2859375 0.33506493506493507 0.0265625
18 0.4987012987012987 0.0171875 0.9974025974025974 0.034375
14 0.4987012987012987 0.3609375 0.21038961038961038 0.015625
14 0.5012987012987012 0.4421875 0.2727272727272727 0.015625
14 0.5012987012987012 0.525 0.22597402597402597 0.015625
14 0.4987012987012987 0.60625 0.17662337662337663 0.015625
14 0.5012987012987012 0.6875 0.15844155844155844 0.015625
14 0.5012987012987012 0.7703125 0.13246753246753246 0.015625