4 0.2909090909090909 0.5578125 0.5818181818181818 0.8828125
9 0.2909090909090909 0.5578125 0.5818181818181818 0.8828125
14 0.11168831168831168 0.9734375 0.17662337662337663 0.0171875
14 0.21558441558441557 0.9109375 0.37922077922077924 0.0203125
14 0.18961038961038962 0.846875 0.3246753246753247 0.0203125
14 0.16623376623376623 0.7828125 0.2779220779220779 0.0203125
14 0.19220779220779222 0.71875 0.32987012987012987 0.0203125
14 0.18441558441558442 0.6546875 0.3194805194805195 0.0203125
14 0.12987012987012986 0.5890625 0.2051948051948052 0.0203125
14 0.10649350649350649 0.5234375 0.15844155844155844 0.0171875
14 0.10649350649350649 0.4609375 0.15844155844155844 0.0203125
14 0.12467532467532468 0.39375 0.2 0.01875
14 0.05974025974025974 0.33125 0.06753246753246753 0.0171875
14 0.21558441558441557 0.2671875 0.38441558441558443 0.015625
14 0.12207792207792208 0.2015625 0.18961038961038962 0.0171875
14 0.11688311688311688 0.1390625 0.18181818181818182 0.0203125
17 0.4987012987012987 0.0765625 0.9974025974025974 0.08125
14 0.35584415584415585 0.0796875 0.35844155844155845 0.0296875
6 0.9402597402597402 0.0765625 0.06493506493506493 0.0359375
6 0.06753246753246753 0.075 0.03896103896103896 0.025
18 0.4987012987012987 0.0171875 0.9974025974025974 0.034375