10 0.4987012987012987 0.7921875 0.9974025974025974 0.4140625
14 0.5064935064935064 0.859375 0.6207792207792208 0.0234375
14 0.23376623376623376 0.825 0.08311688311688312 0.021875
14 0.3012987012987013 0.7328125 0.21298701298701297 0.021875
6 0.0987012987012987 0.8390625 0.07012987012987013 0.0390625
6 0.09610389610389611 0.7328125 0.06753246753246753 0.0375
15 0.7428571428571429 0.946875 0.45714285714285713 0.075
15 0.2571428571428571 0.946875 0.45714285714285713 0.0765625
14 0.5012987012987012 0.6328125 0.23636363636363636 0.028125
6 0.9116883116883117 0.7328125 0.05714285714285714 0.025
18 0.4987012987012987 0.0171875 0.9974025974025974 0.034375
14 0.2571428571428571 0.9484375 0.14545454545454545 0.021875
14 0.7428571428571429 0.9484375 0.1038961038961039 0.0234375