4 0.36623376623376624 0.5171875 0.7298701298701299 0.9640625
9 0.36363636363636365 0.33125 0.7272727272727273 0.5109375
9 0.36363636363636365 0.79375 0.7246753246753247 0.4125
6 0.07792207792207792 0.25625 0.04415584415584416 0.0296875
6 0.07792207792207792 0.4640625 0.04935064935064935 0.0265625
6 0.07792207792207792 0.534375 0.04935064935064935 0.0296875
6 0.07792207792207792 0.9859375 0.07532467532467532 0.025
14 0.36103896103896105 0.9890625 0.4077922077922078 0.0203125
6 0.07792207792207792 0.9203125 0.07532467532467532 0.03125
14 0.37922077922077924 0.921875 0.44935064935064933 0.028125
6 0.07532467532467532 0.8484375 0.04415584415584416 0.0234375
14 0.22597402597402597 0.85 0.14025974025974025 0.021875
6 0.3246753246753247 0.83125 0.05454545454545454 0.0296875
6 0.07792207792207792 0.7796875 0.046753246753246755 0.028125
14 0.23376623376623376 0.7828125 0.15324675324675324 0.0265625
6 0.07532467532467532 0.709375 0.04415584415584416 0.0265625
14 0.2805194805194805 0.7125 0.24935064935064935 0.0265625
6 0.07532467532467532 0.6390625 0.046753246753246755 0.0296875
14 0.24935064935064935 0.6421875 0.17922077922077922 0.028125
14 0.23376623376623376 0.5359375 0.15324675324675324 0.021875
14 0.24415584415584415 0.4671875 0.17402597402597403 0.021875
6 0.07792207792207792 0.3953125 0.04415584415584416 0.0328125
14 0.24415584415584415 0.396875 0.17922077922077922 0.021875
6 0.07792207792207792 0.3265625 0.05194805194805195 0.021875
14 0.22077922077922077 0.3265625 0.13246753246753246 0.021875
14 0.2649350649350649 0.25625 0.21818181818181817 0.021875
6 0.07532467532467532 0.1859375 0.04155844155844156 0.025
14 0.2 0.1890625 0.08311688311688312 0.028125
6 0.07532467532467532 0.1171875 0.046753246753246755 0.0265625
14 0.3064935064935065 0.1203125 0.3064935064935065 0.0265625
18 0.4987012987012987 0.0171875 0.9974025974025974 0.034375