9 0.5 0.4515625 1 0.66875
6 0.08311688311688312 0.1578125 0.04155844155844156 0.0296875
3 0.5688311688311688 0.159375 0.7532467532467533 0.0265625
14 0.32987012987012987 0.1609375 0.2753246753246753 0.0234375
6 0.08051948051948052 0.2421875 0.04935064935064935 0.0328125
14 0.24155844155844156 0.2421875 0.10649350649350649 0.01875
6 0.08311688311688312 0.325 0.04155844155844156 0.03125
14 0.37662337662337664 0.325 0.37922077922077924 0.01875
6 0.08051948051948052 0.4078125 0.05454545454545454 0.034375
14 0.4701298701298701 0.409375 0.5584415584415584 0.01875
6 0.08311688311688312 0.4921875 0.04935064935064935 0.0296875
14 0.5298701298701298 0.4953125 0.6753246753246753 0.0234375
6 0.08311688311688312 0.5765625 0.04415584415584416 0.0265625
14 0.23636363636363636 0.5765625 0.09090909090909091 0.01875
6 0.08311688311688312 0.659375 0.04935064935064935 0.0234375
14 0.2857142857142857 0.659375 0.19220779220779222 0.01875
6 0.08311688311688312 0.74375 0.04935064935064935 0.0296875
14 0.3090909090909091 0.7453125 0.23376623376623376 0.0234375
14 0.17142857142857143 0.965625 0.2649350649350649 0.0203125
17 0.5 0.07578125 1 0.0796875
6 0.06753246753246753 0.0765625 0.046753246753246755 0.021875
14 0.2675324675324675 0.0796875 0.17922077922077922 0.0296875
18 0.4987012987012987 0.0171875 0.9974025974025974 0.034375