9 0.5 0.26171875 1 0.2859375
6 0.08311688311688312 0.3578125 0.05714285714285714 0.0296875
14 0.2623376623376623 0.359375 0.14025974025974025 0.0234375
6 0.08311688311688312 0.2609375 0.04935064935064935 0.021875
14 0.34805194805194806 0.2625 0.3142857142857143 0.021875
6 0.08311688311688312 0.1640625 0.05974025974025974 0.0265625
14 0.2857142857142857 0.1671875 0.18701298701298702 0.0234375
17 0.4987012987012987 0.0765625 0.9974025974025974 0.08125
14 0.36623376623376624 0.078125 0.38181818181818183 0.021875
6 0.06753246753246753 0.0765625 0.046753246753246755 0.021875
18 0.4987012987012987 0.0171875 0.9974025974025974 0.034375