0 0.4987012987012987 0.5171875 0.9974025974025974 0.9640625
5 0.4987012987012987 0.590625 0.9532467532467532 0.0359375
14 0.15064935064935064 0.58125 0.08051948051948052 0.0171875
6 0.06753246753246753 0.5796875 0.03896103896103896 0.0140625
15 0.4987012987012987 0.9296875 0.18181818181818182 0.1109375
16 0.4987012987012987 0.475 0.9506493506493506 0.05625
14 0.4987012987012987 0.5421875 0.15064935064935064 0.0109375
14 0.5012987012987012 0.396875 0.37142857142857144 0.025
18 0.4987012987012987 0.0171875 0.9974025974025974 0.034375
14 0.4987012987012987 0.93125 0.06753246753246753 0.009375
14 0.5012987012987012 0.4765625 0.3220779220779221 0.0203125
7 0.08311688311688312 0.475 0.07792207792207792 0.046875