10 0.4987012987012987 0.5109375 0.8337662337662337 0.928125
9 0.4987012987012987 0.8140625 0.8363636363636363 0.1796875
9 0.4987012987012987 0.4859375 0.8337662337662337 0.3546875
14 0.34025974025974026 0.1875 0.09350649350649351 0.01875
14 0.5012987012987012 0.0890625 0.2649350649350649 0.01875
15 0.4987012987012987 0.940625 0.8363636363636363 0.0703125
14 0.3948051948051948 0.8890625 0.2025974025974026 0.025
6 0.19480519480519481 0.8953125 0.04935064935064935 0.0171875
14 0.41818181818181815 0.8 0.2519480519480519 0.015625
14 0.37662337662337664 0.76875 0.16363636363636364 0.0203125
6 0.19480519480519481 0.7828125 0.05714285714285714 0.0125
14 0.37402597402597404 0.69375 0.5012987012987012 0.0125
14 0.41818181818181815 0.6203125 0.2545454545454545 0.0171875
14 0.35584415584415585 0.5921875 0.12207792207792208 0.0234375
6 0.19480519480519481 0.603125 0.05454545454545454 0.0328125
14 0.42077922077922075 0.5015625 0.2519480519480519 0.0171875
14 0.43636363636363634 0.4703125 0.2883116883116883 0.01875
6 0.19480519480519481 0.484375 0.04935064935064935 0.0296875
14 0.41818181818181815 0.3828125 0.2519480519480519 0.015625
14 0.34025974025974026 0.353125 0.09090909090909091 0.01875
6 0.19480519480519481 0.365625 0.033766233766233764 0.03125
14 0.2545454545454545 0.2765625 0.2571428571428571 0.0125
14 0.5012987012987012 0.9421875 0.13766233766233765 0.015625
18 0.4987012987012987 0.0171875 0.9974025974025974 0.034375