15 0.4987012987012987 0.6515625 0.4987012987012987 0.0578125
14 0.4987012987012987 0.565625 0.6805194805194805 0.028125
6 0.4987012987012987 0.4859375 0.16103896103896104 0.0703125
17 0.4987012987012987 0.0765625 0.9974025974025974 0.0796875
14 0.3116883116883117 0.0765625 0.32727272727272727 0.025
6 0.9454545454545454 0.0765625 0.012987012987012988 0.0265625
6 0.8415584415584415 0.0765625 0.04415584415584416 0.0265625
6 0.7272727272727273 0.0765625 0.04415584415584416 0.0265625
6 0.06753246753246753 0.0765625 0.04935064935064935 0.021875
18 0.4987012987012987 0.0171875 0.9974025974025974 0.034375
14 0.4987012987012987 0.653125 0.34025974025974026 0.01875