14 0.9324675324675324 0.6546875 0.09350649350649351 0.0171875
7 0.4987012987012987 0.8390625 0.3064935064935065 0.2546875
7 0.825974025974026 0.83125 0.3064935064935065 0.271875
7 0.17142857142857143 0.828125 0.2831168831168831 0.2796875
14 0.08051948051948052 0.6578125 0.11948051948051948 0.025
15 0.4987012987012987 0.503125 0.6779220779220779 0.0578125
14 0.5012987012987012 0.44375 0.36363636363636365 0.0234375
14 0.4987012987012987 0.384375 0.787012987012987 0.028125
6 0.4987012987012987 0.3046875 0.16103896103896104 0.0703125
14 0.14545454545454545 0.15625 0.2571428571428571 0.0265625
17 0.4987012987012987 0.0765625 0.9974025974025974 0.08125
14 0.21558441558441557 0.078125 0.12727272727272726 0.021875
6 0.9454545454545454 0.0765625 0.01038961038961039 0.025
6 0.8441558441558441 0.0765625 0.04415584415584416 0.0265625
6 0.06753246753246753 0.075 0.04935064935064935 0.0203125
18 0.4987012987012987 0.0171875 0.9974025974025974 0.034375
14 0.4987012987012987 0.50625 0.5194805194805194 0.0234375