4 0.38961038961038963 0.5171875 0.7766233766233767 0.9640625
9 0.38701298701298703 0.5984375 0.7740259740259741 0.221875
9 0.38701298701298703 0.303125 0.7740259740259741 0.225
9 0.38701298701298703 0.8140625 0.7740259740259741 0.2046875
15 0.08571428571428572 0.9578125 0.09350649350649351 0.034375
6 0.06753246753246753 0.8984375 0.04935064935064935 0.0296875
6 0.06753246753246753 0.828125 0.046753246753246755 0.0265625
6 0.06753246753246753 0.7578125 0.04935064935064935 0.025
6 0.06753246753246753 0.6625 0.046753246753246755 0.028125
6 0.06753246753246753 0.5921875 0.04935064935064935 0.021875
6 0.06753246753246753 0.521875 0.04935064935064935 0.0265625
6 0.06753246753246753 0.36875 0.04935064935064935 0.0265625
6 0.06753246753246753 0.2984375 0.046753246753246755 0.0171875
6 0.06753246753246753 0.228125 0.04935064935064935 0.0234375
14 0.4051948051948052 0.959375 0.4649350649350649 0.0234375
14 0.3038961038961039 0.8984375 0.2571428571428571 0.021875
14 0.23636363636363636 0.8296875 0.12727272727272726 0.021875
14 0.2987012987012987 0.759375 0.24935064935064935 0.021875
14 0.3194805194805195 0.6625 0.2883116883116883 0.01875
14 0.2675324675324675 0.5921875 0.18701298701298702 0.01875
14 0.21558441558441557 0.521875 0.08311688311688312 0.01875
14 0.23376623376623376 0.453125 0.38961038961038963 0.021875
14 0.24155844155844156 0.36875 0.13766233766233765 0.01875
14 0.2701298701298701 0.3 0.19220779220779222 0.021875
14 0.22077922077922077 0.228125 0.09090909090909091 0.0171875
14 0.09350649350649351 0.159375 0.10649350649350649 0.021875
14 0.22597402597402597 0.0765625 0.37922077922077924 0.021875
18 0.4987012987012987 0.0171875 0.9974025974025974 0.034375
14 0.08571428571428572 0.959375 0.05714285714285714 0.0203125