9 0.5 0.43125 1 0.4
14 0.2987012987012987 0.43125 0.24415584415584415 0.0203125
14 0.2753246753246753 0.3546875 0.2 0.01875
14 0.2987012987012987 0.28125 0.24415584415584415 0.0234375
6 0.9324675324675324 0.965625 0.05714285714285714 0.034375
14 0.24155844155844156 0.584375 0.13506493506493505 0.01875
6 0.08831168831168831 0.5828125 0.09610389610389611 0.059375
14 0.22857142857142856 0.509375 0.10649350649350649 0.0234375
6 0.08831168831168831 0.5078125 0.0987012987012987 0.059375
6 0.08831168831168831 0.4296875 0.0987012987012987 0.059375
6 0.08831168831168831 0.353125 0.0987012987012987 0.059375
6 0.08831168831168831 0.278125 0.0987012987012987 0.059375
14 0.24935064935064935 0.184375 0.14805194805194805 0.021875
14 0.21298701298701297 0.153125 0.07532467532467532 0.01875
6 0.08831168831168831 0.1671875 0.09610389610389611 0.0578125
6 0.06233766233766234 0.965625 0.046753246753246755 0.0359375
11 0.4987012987012987 0.0765625 0.9974025974025974 0.08125
6 0.8727272727272727 0.0765625 0.08831168831168831 0.0125
6 0.6233766233766234 0.0765625 0.06233766233766234 0.0375
6 0.37402597402597404 0.0765625 0.06493506493506493 0.0375
6 0.12467532467532468 0.0765625 0.06493506493506493 0.0390625
18 0.4987012987012987 0.0171875 0.9974025974025974 0.034375