9 0.5 0.30234375 1 0.3703125
3 0.4935064935064935 0.4359375 0.9038961038961039 0.0515625
14 0.2623376623376623 0.4515625 0.44155844155844154 0.0203125
14 0.15064935064935064 0.4234375 0.21818181818181817 0.0234375
14 0.4077922077922078 0.33125 0.7376623376623377 0.04375
14 0.22077922077922077 0.290625 0.36103896103896105 0.0234375
14 0.4805194805194805 0.2 0.8805194805194805 0.04375
14 0.24675324675324675 0.159375 0.4155844155844156 0.0234375
17 0.5 0.07578125 1 0.0796875
14 0.412987012987013 0.0796875 0.5272727272727272 0.028125
6 0.06753246753246753 0.0765625 0.04155844155844156 0.0234375
18 0.4987012987012987 0.0171875 0.9974025974025974 0.034375