10 0.4987012987012987 0.5171875 0.9194805194805195 0.59375
14 0.8467532467532467 0.7734375 0.10909090909090909 0.015625
14 0.5792207792207792 0.659375 0.2753246753246753 0.015625
6 0.3194805194805195 0.6578125 0.09610389610389611 0.0734375
14 0.5896103896103896 0.5328125 0.2935064935064935 0.0140625
6 0.3194805194805195 0.5265625 0.12207792207792208 0.0734375
14 0.5974025974025974 0.39375 0.3064935064935065 0.0203125
6 0.3194805194805195 0.3953125 0.0987012987012987 0.08125
14 0.4779220779220779 0.2734375 0.5662337662337662 0.0265625
6 0.13506493506493505 0.2703125 0.05974025974025974 0.0421875
18 0.4987012987012987 0.0171875 0.9974025974025974 0.034375