9 0.5 0.634375 1 0.73125
14 0.4987012987012987 0.1546875 0.5194805194805194 0.0234375
14 0.5012987012987012 0.21875 0.9012987012987013 0.0515625
7 0.12207792207792208 0.3421875 0.16363636363636364 0.1
14 0.38701298701298703 0.3125 0.2857142857142857 0.01875
3 0.6025974025974026 0.3421875 0.7142857142857143 0.0359375
14 0.36103896103896105 0.3375 0.23116883116883116 0.0171875
7 0.12207792207792208 0.490625 0.16363636363636364 0.0984375
14 0.3142857142857143 0.459375 0.14025974025974025 0.01875
3 0.6025974025974026 0.490625 0.7168831168831169 0.0359375
14 0.36103896103896105 0.4859375 0.23376623376623376 0.0171875
7 0.12207792207792208 0.6390625 0.16363636363636364 0.1
14 0.2779220779220779 0.6078125 0.07012987012987013 0.0171875
3 0.6025974025974026 0.6390625 0.7168831168831169 0.0359375
14 0.36103896103896105 0.6328125 0.23376623376623376 0.0171875
7 0.12207792207792208 0.7875 0.16363636363636364 0.0984375
14 0.3038961038961039 0.759375 0.11948051948051948 0.021875
3 0.6025974025974026 0.7875 0.7142857142857143 0.0359375
14 0.36103896103896105 0.78125 0.23116883116883116 0.0171875
7 0.12207792207792208 0.934375 0.16363636363636364 0.0984375
14 0.2831168831168831 0.9046875 0.07792207792207792 0.0171875
3 0.6025974025974026 0.934375 0.7142857142857143 0.0359375
14 0.36103896103896105 0.9296875 0.23116883116883116 0.0171875
17 0.5 0.0765625 1 0.08125
14 0.935064935064935 0.0765625 0.08831168831168831 0.015625
14 0.3012987012987013 0.0765625 0.33246753246753247 0.0203125
6 0.06753246753246753 0.0765625 0.04155844155844156 0.025
18 0.4987012987012987 0.0171875 0.9974025974025974 0.034375