14 0.4987012987012987 0.9296875 0.2727272727272727 0.0203125
14 0.4987012987012987 0.71875 0.4727272727272727 0.0203125
16 0.4987012987012987 0.6375 0.4701298701298701 0.0703125
16 0.4987012987012987 0.4578125 0.4701298701298701 0.0703125
14 0.5012987012987012 0.3640625 0.8493506493506493 0.0453125
7 0.4987012987012987 0.1234375 0.36363636363636365 0.109375
18 0.4987012987012987 0.0171875 0.9974025974025974 0.034375
14 0.4987012987012987 0.5484375 0.033766233766233764 0.0109375
14 0.5402597402597402 0.4609375 0.35324675324675325 0.0234375
7 0.3142857142857143 0.4578125 0.04935064935064935 0.0359375
6 0.32987012987012987 0.6390625 0.04415584415584416 0.0234375
14 0.522077922077922 0.640625 0.3012987012987013 0.015625