10 0.4987012987012987 0.5359375 0.6077922077922078 0.4484375
5 0.4987012987012987 0.4375 0.548051948051948 0.0328125
5 0.4987012987012987 0.509375 0.548051948051948 0.03125
5 0.4987012987012987 0.58125 0.548051948051948 0.03125
14 0.3090909090909091 0.578125 0.16883116883116883 0.025
14 0.2623376623376623 0.50625 0.07272727272727272 0.025
14 0.2831168831168831 0.43125 0.11168831168831168 0.0203125
14 0.5012987012987012 0.375 0.23116883116883116 0.0203125
15 0.5012987012987012 0.64375 0.5688311688311688 0.0578125
15 0.5012987012987012 0.7140625 0.5688311688311688 0.0703125
18 0.4987012987012987 0.0171875 0.9974025974025974 0.034375
14 0.5012987012987012 0.64375 0.04155844155844156 0.0140625
14 0.5012987012987012 0.7140625 0.12467532467532468 0.0140625