14 0.2623376623376623 0.5546875 0.21038961038961038 0.0203125
14 0.7376623376623377 0.553125 0.2961038961038961 0.01875
15 0.8545454545454545 0.4796875 0.19480519480519481 0.0515625
8 0.922077922077922 0.3875 0.07792207792207792 0.046875
8 0.8207792207792208 0.3875 0.07792207792207792 0.046875
8 0.922077922077922 0.3234375 0.08051948051948052 0.0484375
8 0.8207792207792208 0.3234375 0.07792207792207792 0.0484375
14 0.7064935064935065 0.390625 0.04155844155844156 0.0171875
14 0.7090909090909091 0.325 0.02077922077922078 0.0171875
14 0.14545454545454545 0.3921875 0.2077922077922078 0.0234375
14 0.15324675324675324 0.328125 0.22597402597402597 0.0234375
14 0.17402597402597403 0.2375 0.2649350649350649 0.01875
14 0.11688311688311688 0.1984375 0.15584415584415584 0.01875
7 0.12727272727272726 0.1109375 0.17402597402597403 0.10625
18 0.4987012987012987 0.0171875 0.9974025974025974 0.034375
14 0.8571428571428571 0.48125 0.04415584415584416 0.015625