5 0.4987012987012987 0.4171875 0.961038961038961 0.0578125
5 0.4987012987012987 0.3296875 0.961038961038961 0.053125
14 0.1974025974025974 0.403125 0.16623376623376623 0.0203125
14 0.23896103896103896 0.3140625 0.24675324675324675 0.021875
6 0.05714285714285714 0.403125 0.04935064935064935 0.0296875
6 0.05454545454545454 0.3140625 0.04935064935064935 0.0203125
14 0.4987012987012987 0.9328125 0.42597402597402595 0.021875
15 0.4987012987012987 0.5421875 0.961038961038961 0.090625
14 0.4987012987012987 0.465625 0.6441558441558441 0.01875
14 0.4987012987012987 0.2359375 0.33246753246753247 0.0265625
7 0.4987012987012987 0.1453125 0.2987012987012987 0.0875
18 0.4987012987012987 0.0171875 0.9974025974025974 0.034375
14 0.5012987012987012 0.5453125 0.12987012987012986 0.0265625