4 0.42077922077922075 0.5171875 0.8415584415584415 0.9640625
7 0.42077922077922075 0.0921875 0.8415584415584415 0.1109375
16 0.7038961038961039 0.2546875 0.2805194805194805 0.0859375
16 0.42077922077922075 0.2546875 0.2831168831168831 0.0859375
16 0.14025974025974025 0.2546875 0.2779220779220779 0.0859375
9 0.42337662337662335 0.6140625 0.8441558441558441 0.3859375
9 0.42077922077922075 0.9046875 0.8415584415584415 0.190625
14 0.18701298701298702 0.340625 0.2883116883116883 0.0234375
14 0.2 0.4640625 0.2519480519480519 0.01875
14 0.22857142857142856 0.5265625 0.3116883116883117 0.01875
14 0.17922077922077922 0.5921875 0.2077922077922078 0.025
14 0.15584415584415584 0.6546875 0.16623376623376623 0.0234375
14 0.21818181818181817 0.7171875 0.2857142857142857 0.0234375
14 0.3038961038961039 0.7796875 0.4597402597402597 0.025
6 0.7974025974025974 0.9859375 0.033766233766233764 0.0125
14 0.14545454545454545 0.9859375 0.2025974025974026 0.021875
6 0.7974025974025974 0.915625 0.033766233766233764 0.0125
14 0.16623376623376623 0.9171875 0.24675324675324675 0.0234375
6 0.7974025974025974 0.84375 0.033766233766233764 0.0109375
14 0.22857142857142856 0.8453125 0.37142857142857144 0.0203125
6 0.7974025974025974 0.4078125 0.033766233766233764 0.0125
14 0.11168831168831168 0.4078125 0.13506493506493505 0.01875
14 0.35324675324675325 0.1828125 0.4883116883116883 0.0203125
7 0.06233766233766234 0.18125 0.04155844155844156 0.025
14 0.38181818181818183 0.084375 0.43636363636363634 0.0234375
6 0.08831168831168831 0.08125 0.09610389610389611 0.0578125
18 0.4987012987012987 0.0171875 0.9974025974025974 0.034375
14 0.14025974025974025 0.271875 0.12987012987012986 0.0171875
14 0.42077922077922075 0.26875 0.15844155844155844 0.0140625
14 0.7038961038961039 0.271875 0.22077922077922077 0.0140625
6 0.7038961038961039 0.2390625 0.02857142857142857 0.0234375
6 0.42077922077922075 0.2375 0.04415584415584416 0.01875
6 0.14025974025974025 0.2390625 0.03636363636363636 0.01875