17 0.5 0.075 1 0.08125
15 0.7454545454545455 0.959375 0.4805194805194805 0.0640625
15 0.2519480519480519 0.959375 0.4831168831168831 0.0625
12 0.509090909090909 0.1296875 0.10909090909090909 0.0125
14 0.22337662337662337 0.0765625 0.12727272727272726 0.0234375
7 0.08831168831168831 0.0765625 0.09610389610389611 0.053125
10 0.4987012987012987 0.5171875 0.6987012987012987 0.5328125
15 0.34025974025974026 0.7296875 0.3064935064935065 0.0625
15 0.6597402597402597 0.7296875 0.3064935064935065 0.0640625
14 0.4857142857142857 0.578125 0.5714285714285714 0.15
7 0.4987012987012987 0.3671875 0.625974025974026 0.1890625
18 0.4987012987012987 0.0171875 0.9974025974025974 0.034375
14 0.34025974025974026 0.73125 0.10909090909090909 0.0171875
14 0.6597402597402597 0.7296875 0.16883116883116883 0.0171875
14 0.2519480519480519 0.9609375 0.15844155844155844 0.0203125
14 0.7480519480519481 0.9609375 0.2623376623376623 0.0203125