0 0.4987012987012987 0.5171875 0.9974025974025974 0.9640625
5 0.4987012987012987 0.7546875 0.9376623376623376 0.0640625
5 0.4987012987012987 0.6921875 0.9376623376623376 0.065625
14 0.24415584415584415 0.75625 0.16363636363636364 0.0171875
14 0.2077922077922078 0.6921875 0.08571428571428572 0.0171875
6 0.08311688311688312 0.75625 0.03896103896103896 0.028125
6 0.08311688311688312 0.6921875 0.05454545454545454 0.0203125
15 0.2545454545454545 0.8421875 0.44935064935064933 0.0625
15 0.7454545454545455 0.8421875 0.44935064935064933 0.0640625
15 0.4987012987012987 0.94375 0.9376623376623376 0.0640625
7 0.5012987012987012 0.1796875 0.5636363636363636 0.1171875
18 0.4987012987012987 0.0171875 0.9974025974025974 0.034375
14 0.2571428571428571 0.84375 0.08311688311688312 0.0171875
14 0.7454545454545455 0.84375 0.14025974025974025 0.0171875
14 0.5012987012987012 0.946875 0.35324675324675325 0.021875