5 0.5012987012987012 0.68125 0.922077922077922 0.0375
5 0.4987012987012987 0.596875 0.9194805194805195 0.0359375
5 0.4987012987012987 0.5125 0.922077922077922 0.0359375
5 0.5012987012987012 0.4265625 0.922077922077922 0.0359375
5 0.4987012987012987 0.3421875 0.922077922077922 0.034375
5 0.6415584415584416 0.25625 0.6415584415584416 0.034375
5 0.6415584415584416 0.171875 0.638961038961039 0.0359375
14 0.24415584415584415 0.675 0.4051948051948052 0.0234375
14 0.11428571428571428 0.590625 0.14285714285714285 0.021875
14 0.12727272727272726 0.503125 0.16883116883116883 0.01875
14 0.08831168831168831 0.41875 0.09350649350649351 0.01875
14 0.12727272727272726 0.3328125 0.17662337662337663 0.0171875
14 0.41818181818181815 0.2484375 0.18701298701298702 0.0171875
14 0.4155844155844156 0.1640625 0.18701298701298702 0.01875
7 0.16103896103896104 0.2078125 0.24415584415584415 0.146875
14 0.5012987012987012 0.840625 0.7714285714285715 0.015625
6 0.06753246753246753 0.0765625 0.03896103896103896 0.0234375
15 0.4987012987012987 0.7734375 0.9194805194805195 0.065625
14 0.2597402597402597 0.078125 0.16363636363636364 0.028125
18 0.4987012987012987 0.0171875 0.9974025974025974 0.034375
14 0.4987012987012987 0.775 0.14805194805194805 0.0171875