4 0.34025974025974026 0.5171875 0.6805194805194805 0.9640625
9 0.34025974025974026 0.475 0.6779220779220779 0.8796875
6 0.06233766233766234 0.8640625 0.046753246753246755 0.0296875
6 0.06233766233766234 0.7765625 0.04935064935064935 0.0296875
6 0.06233766233766234 0.6890625 0.04935064935064935 0.0296875
6 0.06233766233766234 0.6015625 0.04935064935064935 0.0296875
6 0.06233766233766234 0.515625 0.04935064935064935 0.028125
6 0.06233766233766234 0.428125 0.04935064935064935 0.0296875
6 0.06233766233766234 0.340625 0.04935064935064935 0.025
6 0.06233766233766234 0.253125 0.04935064935064935 0.0296875
6 0.06233766233766234 0.165625 0.04935064935064935 0.0296875
6 0.06233766233766234 0.078125 0.04935064935064935 0.028125
14 0.24675324675324675 0.865625 0.14025974025974025 0.0234375
14 0.24415584415584415 0.7765625 0.13766233766233765 0.01875
14 0.2831168831168831 0.6890625 0.21558441558441557 0.01875
14 0.22857142857142856 0.6015625 0.1038961038961039 0.01875
14 0.23376623376623376 0.5140625 0.11688311688311688 0.01875
14 0.2649350649350649 0.4296875 0.17402597402597403 0.0234375
14 0.22337662337662337 0.340625 0.09350649350649351 0.01875
14 0.36623376623376624 0.2546875 0.37922077922077924 0.0234375
14 0.23376623376623376 0.165625 0.11688311688311688 0.01875
14 0.2649350649350649 0.078125 0.17922077922077922 0.01875
18 0.4987012987012987 0.0171875 0.9974025974025974 0.034375