4 0.36363636363636365 0.5578125 0.7272727272727273 0.8828125
17 0.4987012987012987 0.0765625 0.9974025974025974 0.08125
5 0.5688311688311688 0.0765625 0.7844155844155845 0.046875
6 0.06753246753246753 0.0765625 0.03636363636363636 0.0234375
6 0.36363636363636365 0.190625 0.19480519480519481 0.1171875
14 0.36363636363636365 0.265625 0.17402597402597403 0.0171875
14 0.36363636363636365 0.3 0.33506493506493507 0.0203125
15 0.36363636363636365 0.365625 0.21558441558441557 0.04375
14 0.32727272727272727 0.4671875 0.23376623376623376 0.0296875
14 0.34545454545454546 0.55 0.2727272727272727 0.0296875
14 0.37402597402597404 0.6328125 0.32727272727272727 0.0296875
15 0.36363636363636365 0.9625 0.38961038961038963 0.0703125
6 0.11428571428571428 0.634375 0.05974025974025974 0.03125
6 0.11428571428571428 0.55 0.06493506493506493 0.0375
6 0.11428571428571428 0.465625 0.05714285714285714 0.0390625
18 0.4987012987012987 0.0171875 0.9974025974025974 0.034375
14 0.41818181818181815 0.08125 0.3012987012987013 0.0171875
6 0.24155844155844156 0.0796875 0.03116883116883117 0.01875
14 0.36623376623376624 0.3671875 0.15584415584415584 0.021875
14 0.36623376623376624 0.9609375 0.2779220779220779 0.0140625