11 0.5 0.15234375 1 0.0671875
17 0.5 0.0765625 1 0.08125
7 0.5012987012987012 0.8796875 0.9636363636363636 0.2046875
14 0.2779220779220779 0.7171875 0.5168831168831168 0.0171875
7 0.4987012987012987 0.5890625 0.961038961038961 0.203125
14 0.45714285714285713 0.428125 0.8727272727272727 0.0203125
7 0.5012987012987012 0.2984375 0.9636363636363636 0.2046875
14 0.4 0.1515625 0.17402597402597403 0.015625
14 0.14285714285714285 0.15 0.22077922077922077 0.0171875
14 0.6051948051948052 0.1515625 0.09350649350649351 0.015625
14 0.2597402597402597 0.0765625 0.22337662337662337 0.0265625
6 0.9402597402597402 0.075 0.05714285714285714 0.034375
6 0.06753246753246753 0.0765625 0.04935064935064935 0.021875
18 0.5 0.0171875 1 0.034375