0 0.4987012987012987 0.5171875 0.9974025974025974 0.9640625
16 0.4987012987012987 0.8078125 0.8987012987012987 0.0953125
16 0.4987012987012987 0.7109375 0.8987012987012987 0.0953125
16 0.4987012987012987 0.6125 0.8987012987012987 0.0953125
16 0.5012987012987012 0.5140625 0.8987012987012987 0.0953125
7 0.4987012987012987 0.284375 0.19480519480519481 0.096875
14 0.4987012987012987 0.36875 0.36623376623376624 0.0171875
18 0.4987012987012987 0.0171875 0.9974025974025974 0.034375
6 0.12727272727272726 0.5140625 0.02857142857142857 0.0328125
6 0.13766233766233765 0.6125 0.07272727272727272 0.04375
6 0.12987012987012986 0.7109375 0.05714285714285714 0.034375
6 0.12727272727272726 0.809375 0.04935064935064935 0.0234375
14 0.5168831168831168 0.5140625 0.43116883116883115 0.0171875
14 0.4935064935064935 0.6140625 0.38181818181818183 0.021875
14 0.4909090909090909 0.7109375 0.37662337662337664 0.0171875
14 0.4623376623376623 0.8109375 0.3220779220779221 0.021875