10 0.4987012987012987 0.5171875 0.7402597402597403 0.7203125
16 0.32987012987012987 0.3609375 0.3168831168831169 0.1921875
16 0.6701298701298701 0.3609375 0.3220779220779221 0.1921875
16 0.32987012987012987 0.565625 0.3220779220779221 0.1921875
16 0.6701298701298701 0.565625 0.3220779220779221 0.1921875
16 0.32987012987012987 0.76875 0.3194805194805195 0.19375
14 0.32727272727272727 0.8078125 0.3090909090909091 0.01875
7 0.33766233766233766 0.746875 0.08831168831168831 0.0640625
7 0.6701298701298701 0.5421875 0.1038961038961039 0.0640625
7 0.32987012987012987 0.54375 0.11428571428571428 0.0640625
14 0.33246753246753247 0.4015625 0.16623376623376623 0.01875
7 0.32987012987012987 0.3390625 0.09350649350649351 0.05625
7 0.6701298701298701 0.3390625 0.11688311688311688 0.071875
14 0.6675324675324675 0.60625 0.23896103896103896 0.01875
14 0.32987012987012987 0.609375 0.18181818181818182 0.0234375
14 0.6701298701298701 0.4015625 0.15844155844155844 0.0203125
14 0.7740259740259741 0.1890625 0.01818181818181818 0.015625
14 0.6935064935064935 0.1890625 0.12207792207792208 0.0171875
6 0.812987012987013 0.1890625 0.03896103896103896 0.0234375
14 0.23636363636363636 0.2046875 0.12987012987012986 0.0265625
18 0.4987012987012987 0.0171875 0.9974025974025974 0.034375