4 0.36883116883116884 0.5578125 0.7376623376623377 0.8828125
17 0.4987012987012987 0.0765625 0.9974025974025974 0.0796875
16 0.1038961038961039 0.9484375 0.1012987012987013 0.078125
16 0.2753246753246753 0.946875 0.08051948051948052 0.075
16 0.44675324675324674 0.9484375 0.16363636363636364 0.0796875
16 0.6181818181818182 0.946875 0.06753246753246753 0.0765625
9 0.36883116883116884 0.5609375 0.7376623376623377 0.4171875
7 0.36883116883116884 0.2328125 0.7376623376623377 0.234375
14 0.22597402597402597 0.0765625 0.18441558441558442 0.0265625
6 0.06753246753246753 0.0765625 0.046753246753246755 0.0296875
6 0.35584415584415585 0.0765625 0.03116883116883117 0.0125
6 0.6987012987012987 0.0765625 0.046753246753246755 0.028125
6 0.8181818181818182 0.0765625 0.046753246753246755 0.0265625
6 0.9402597402597402 0.0765625 0.012987012987012988 0.0265625
14 0.2649350649350649 0.3921875 0.18441558441558442 0.021875
14 0.2519480519480519 0.478125 0.15324675324675324 0.025
14 0.24675324675324675 0.559375 0.14285714285714285 0.0234375
14 0.2701298701298701 0.6421875 0.18961038961038962 0.025
14 0.35324675324675325 0.721875 0.35064935064935066 0.0203125
14 0.10649350649350649 0.9796875 0.0987012987012987 0.015625
14 0.2753246753246753 0.978125 0.07792207792207792 0.0125
14 0.44675324675324674 0.9796875 0.16363636363636364 0.0171875
14 0.6207792207792208 0.978125 0.046753246753246755 0.0125
6 0.10649350649350649 0.9296875 0.07012987012987013 0.040625
6 0.2753246753246753 0.9296875 0.07012987012987013 0.040625
6 0.44675324675324674 0.9296875 0.07012987012987013 0.040625
6 0.6181818181818182 0.9296875 0.06753246753246753 0.040625
6 0.08831168831168831 0.721875 0.05714285714285714 0.034375
6 0.08831168831168831 0.6390625 0.05714285714285714 0.034375
6 0.08831168831168831 0.55625 0.04935064935064935 0.0359375
6 0.08831168831168831 0.475 0.05714285714285714 0.0296875
6 0.08831168831168831 0.390625 0.06233766233766234 0.034375
18 0.4987012987012987 0.0171875 0.9974025974025974 0.034375