14 0.5012987012987012 0.915625 0.37662337662337664 0.0203125
14 0.4987012987012987 0.9515625 0.22597402597402597 0.0203125
6 0.948051948051948 0.0765625 0.01038961038961039 0.025
10 0.4987012987012987 0.534375 0.9012987012987013 0.5453125
15 0.4987012987012987 0.7453125 0.787012987012987 0.05625
14 0.4883116883116883 0.678125 0.7792207792207793 0.04375
14 0.4987012987012987 0.634375 0.37662337662337664 0.0265625
7 0.5012987012987012 0.478125 0.32987012987012987 0.19375
14 0.2545454545454545 0.30625 0.32987012987012987 0.0234375
6 0.8987012987012987 0.303125 0.01038961038961039 0.0234375
18 0.4987012987012987 0.0171875 0.9974025974025974 0.034375
14 0.5012987012987012 0.74375 0.1012987012987013 0.0140625