8 0.8935064935064935 0.9359375 0.13506493506493505 0.08125
15 0.4987012987012987 0.7390625 0.44415584415584414 0.0484375
14 0.4987012987012987 0.634375 0.7272727272727273 0.065625
14 0.4987012987012987 0.559375 0.37922077922077924 0.028125
7 0.4987012987012987 0.3484375 0.4883116883116883 0.146875
5 0.5012987012987012 0.14375 0.9948051948051948 0.0703125
14 0.24935064935064935 0.1453125 0.2623376623376623 0.021875
6 0.05714285714285714 0.14375 0.04415584415584416 0.0265625
11 0.5 0.06953125 1 0.0703125
6 0.8987012987012987 0.0703125 0.05714285714285714 0.034375
6 0.6987012987012987 0.0703125 0.05454545454545454 0.0359375
6 0.4987012987012987 0.0734375 0.06233766233766234 0.0359375
6 0.2987012987012987 0.0703125 0.07532467532467532 0.03125
6 0.0987012987012987 0.06875 0.05974025974025974 0.0328125
18 0.5 0.0171875 1 0.034375
6 0.8961038961038961 0.934375 0.04935064935064935 0.028125