4 0.6103896103896104 0.5171875 0.7766233766233767 0.9640625
14 0.5064935064935064 0.0765625 0.4909090909090909 0.028125
14 0.6077922077922078 0.153125 0.4 0.0203125
14 0.9116883116883117 0.175 0.04935064935064935 0.015625
14 0.3012987012987013 0.175 0.03636363636363636 0.0171875
14 0.7220779220779221 0.2953125 0.12987012987012986 0.021875
14 0.32727272727272727 0.29375 0.01038961038961039 0.0171875
14 0.7220779220779221 0.465625 0.12987012987012986 0.021875
14 0.32727272727272727 0.465625 0.01038961038961039 0.0171875
14 0.7220779220779221 0.6375 0.13246753246753246 0.021875
14 0.32727272727272727 0.6375 0.01038961038961039 0.0140625
14 0.32987012987012987 0.925 0.15064935064935064 0.01875
14 0.32727272727272727 0.9609375 0.14805194805194805 0.0265625
15 0.787012987012987 0.9453125 0.34285714285714286 0.053125
7 0.5142857142857142 0.6375 0.19220779220779222 0.0921875
7 0.5142857142857142 0.465625 0.18441558441558442 0.1078125
7 0.5116883116883116 0.2953125 0.18701298701298702 0.0890625
18 0.4987012987012987 0.0171875 0.9974025974025974 0.034375
14 0.787012987012987 0.946875 0.17662337662337663 0.015625