10 0.4987012987012987 0.5171875 0.7766233766233767 0.5515625
7 0.2519480519480519 0.9484375 0.4675324675324675 0.1015625
7 0.7480519480519481 0.946875 0.4779220779220779 0.1046875
14 0.7480519480519481 0.8578125 0.19220779220779222 0.0140625
14 0.24935064935064935 0.859375 0.23636363636363636 0.01875
6 0.9454545454545454 0.0765625 0.04935064935064935 0.025
14 0.2935064935064935 0.0796875 0.23376623376623376 0.028125
6 0.06753246753246753 0.0765625 0.04935064935064935 0.025
14 0.4987012987012987 0.74375 0.5714285714285714 0.0375
14 0.5012987012987012 0.6609375 0.22597402597402597 0.025
15 0.6831168831168831 0.540625 0.3168831168831169 0.0828125
15 0.3168831168831169 0.540625 0.3168831168831169 0.0828125
14 0.4987012987012987 0.425 0.5168831168831168 0.025
16 0.5012987012987012 0.3296875 0.4701298701298701 0.059375
18 0.4987012987012987 0.0171875 0.9974025974025974 0.034375
14 0.5272727272727272 0.3328125 0.36883116883116884 0.021875
7 0.3012987012987013 0.3296875 0.033766233766233764 0.0203125
14 0.3168831168831169 0.54375 0.12467532467532468 0.0265625
14 0.6831168831168831 0.54375 0.16103896103896104 0.0265625