4 0.34025974025974026 0.5171875 0.6779220779220779 0.9625
9 0.34285714285714286 0.45625 0.6831168831168831 0.415625
14 0.2519480519480519 0.28125 0.15324675324675324 0.0171875
14 0.3194805194805195 0.35 0.2857142857142857 0.0171875
14 0.22077922077922077 0.421875 0.09350649350649351 0.0171875
14 0.2753246753246753 0.490625 0.19480519480519481 0.01875
14 0.2857142857142857 0.5625 0.21818181818181817 0.0203125
14 0.2857142857142857 0.63125 0.21818181818181817 0.0171875
6 0.06753246753246753 0.63125 0.05974025974025974 0.0203125
6 0.06753246753246753 0.5609375 0.04935064935064935 0.028125
6 0.06753246753246753 0.4921875 0.05454545454545454 0.021875
6 0.06753246753246753 0.421875 0.04935064935064935 0.0296875
6 0.06753246753246753 0.35 0.033766233766233764 0.025
6 0.06753246753246753 0.28125 0.04935064935064935 0.0296875
7 0.34025974025974026 0.134375 0.6779220779220779 0.1953125
18 0.4987012987012987 0.0171875 0.9974025974025974 0.034375