7 0.7974025974025974 0.8 0.24155844155844156 0.19375
7 0.4805194805194805 0.8 0.23896103896103896 0.19375
7 0.16103896103896104 0.8 0.23896103896103896 0.19375
7 0.7974025974025974 0.5828125 0.23896103896103896 0.1953125
7 0.4805194805194805 0.5828125 0.23896103896103896 0.1953125
7 0.16103896103896104 0.58125 0.23896103896103896 0.1953125
7 0.7974025974025974 0.3640625 0.23896103896103896 0.1953125
7 0.4805194805194805 0.3640625 0.23896103896103896 0.1953125
7 0.16363636363636364 0.3640625 0.23636363636363636 0.19375
14 0.4779220779220779 0.44375 0.21038961038961038 0.0140625
14 0.7948051948051948 0.4421875 0.1038961038961039 0.0140625
14 0.4805194805194805 0.6609375 0.15064935064935064 0.0140625
14 0.7948051948051948 0.6609375 0.08311688311688312 0.0140625
14 0.7948051948051948 0.878125 0.15324675324675324 0.0140625
14 0.4779220779220779 0.878125 0.12987012987012986 0.0140625
14 0.16103896103896104 0.878125 0.17402597402597403 0.0140625
14 0.16103896103896104 0.6609375 0.09610389610389611 0.0140625
14 0.16103896103896104 0.44375 0.1038961038961039 0.0140625
14 0.13246753246753246 0.965625 0.14545454545454545 0.0203125
8 0.7974025974025974 0.8 0.07272727272727272 0.04375
8 0.4805194805194805 0.8 0.07272727272727272 0.0421875
8 0.16363636363636364 0.8 0.07272727272727272 0.04375
8 0.7974025974025974 0.5828125 0.07272727272727272 0.04375
8 0.4805194805194805 0.5828125 0.07272727272727272 0.04375
8 0.16363636363636364 0.58125 0.07272727272727272 0.04375
8 0.4805194805194805 0.3640625 0.07272727272727272 0.04375
8 0.16363636363636364 0.3640625 0.07272727272727272 0.04375
8 0.7974025974025974 0.3640625 0.07012987012987013 0.04375
14 0.4987012987012987 0.196875 0.7506493506493507 0.0484375
14 0.4987012987012987 0.1390625 0.4857142857142857 0.0328125
6 0.922077922077922 0.08125 0.04415584415584416 0.0265625
18 0.4987012987012987 0.0171875 0.9974025974025974 0.034375
6 0.16103896103896104 0.8 0.033766233766233764 0.0203125
6 0.4805194805194805 0.8015625 0.03116883116883117 0.0203125
6 0.7974025974025974 0.8 0.033766233766233764 0.0203125
6 0.7974025974025974 0.5828125 0.03636363636363636 0.0203125
6 0.4805194805194805 0.5828125 0.033766233766233764 0.021875
6 0.16363636363636364 0.5828125 0.03636363636363636 0.021875
6 0.16363636363636364 0.3640625 0.03636363636363636 0.021875
6 0.4805194805194805 0.3640625 0.033766233766233764 0.0203125
6 0.7974025974025974 0.3640625 0.033766233766233764 0.0203125