0 0.4987012987012987 0.5171875 0.9974025974025974 0.9640625
12 0.4987012987012987 0.7875 0.0987012987012987 0.015625
7 0.4987012987012987 0.109375 0.42597402597402595 0.06875
14 0.4987012987012987 0.7046875 0.5116883116883116 0.0703125
8 0.13766233766233765 0.8609375 0.14545454545454545 0.071875
15 0.5792207792207792 0.8609375 0.7220779220779221 0.0734375
16 0.13506493506493505 0.9484375 0.14545454545454545 0.071875
15 0.5792207792207792 0.946875 0.7194805194805195 0.0734375
18 0.4987012987012987 0.0171875 0.9974025974025974 0.034375
6 0.13246753246753246 0.8625 0.09350649350649351 0.0515625
6 0.13506493506493505 0.9390625 0.07532467532467532 0.0328125
14 0.13506493506493505 0.96875 0.05974025974025974 0.015625
14 0.5792207792207792 0.9484375 0.3038961038961039 0.028125
14 0.5818181818181818 0.8609375 0.33506493506493507 0.028125