0 0.4987012987012987 0.5171875 0.9974025974025974 0.9640625
7 0.2935064935064935 0.3234375 0.12727272727272726 0.071875
14 0.587012987012987 0.3296875 0.36363636363636365 0.05625
14 0.4987012987012987 0.3859375 0.4987012987012987 0.0234375
12 0.5012987012987012 0.6296875 0.0987012987012987 0.0125
14 0.4987012987012987 0.9609375 0.6155844155844156 0.0265625
14 0.5012987012987012 0.9078125 0.7714285714285715 0.0171875
16 0.4987012987012987 0.684375 0.9974025974025974 0.0734375
16 0.4987012987012987 0.759375 0.9974025974025974 0.0734375
16 0.4987012987012987 0.8328125 0.9974025974025974 0.0734375
18 0.4987012987012987 0.0171875 0.9974025974025974 0.034375
7 0.1038961038961039 0.684375 0.07272727272727272 0.0421875
7 0.10649350649350649 0.759375 0.07272727272727272 0.0421875
7 0.1038961038961039 0.8328125 0.07272727272727272 0.0421875
14 0.44675324675324674 0.6859375 0.4883116883116883 0.0171875
14 0.42337662337662335 0.7609375 0.44155844155844154 0.01875
14 0.3922077922077922 0.834375 0.37662337662337664 0.0171875