4 0.36623376623376624 0.5171875 0.7298701298701299 0.9625
9 0.36363636363636365 0.4375 0.7272727272727273 0.3734375
6 0.06753246753246753 0.578125 0.05714285714285714 0.0328125
6 0.06753246753246753 0.5078125 0.05714285714285714 0.0328125
6 0.06753246753246753 0.4375 0.04155844155844156 0.0296875
6 0.06233766233766234 0.3671875 0.04935064935064935 0.03125
6 0.06233766233766234 0.296875 0.04935064935064935 0.0234375
14 0.16883116883116883 0.74375 0.2571428571428571 0.021875
14 0.1012987012987013 0.6734375 0.12467532467532468 0.021875
14 0.23376623376623376 0.5796875 0.11428571428571428 0.021875
14 0.23376623376623376 0.509375 0.11168831168831168 0.021875
14 0.2753246753246753 0.4375 0.19480519480519481 0.01875
14 0.24675324675324675 0.3703125 0.16103896103896104 0.021875
14 0.24155844155844156 0.3 0.14285714285714285 0.0203125
6 0.11688311688311688 0.1046875 0.15844155844155844 0.09375
6 0.6597402597402597 0.209375 0.02857142857142857 0.0078125
14 0.22857142857142856 0.225 0.37662337662337664 0.021875
14 0.13246753246753246 0.196875 0.18701298701298702 0.021875
18 0.4987012987012987 0.0171875 0.9974025974025974 0.034375