14 0.09090909090909091 0.0734375 0.1038961038961039 0.0171875
14 0.16883116883116883 0.128125 0.2571428571428571 0.01875
10 0.4987012987012987 0.5171875 0.8727272727272727 0.5921875
14 0.2883116883116883 0.2671875 0.32727272727272727 0.0234375
9 0.3142857142857143 0.509375 0.37402597402597404 0.3828125
3 0.3116883116883117 0.334375 0.36623376623376624 0.0296875
14 0.36623376623376624 0.3359375 0.2545454545454545 0.025
3 0.3064935064935065 0.403125 0.36103896103896105 0.0296875
14 0.36363636363636365 0.40625 0.24675324675324675 0.025
3 0.22337662337662337 0.4734375 0.19480519480519481 0.0296875
14 0.2831168831168831 0.475 0.07792207792207792 0.0203125
3 0.2753246753246753 0.54375 0.2935064935064935 0.0296875
14 0.33246753246753247 0.5453125 0.17922077922077922 0.0203125
3 0.21818181818181817 0.6140625 0.18181818181818182 0.0296875
14 0.2753246753246753 0.6140625 0.06753246753246753 0.0203125
3 0.2675324675324675 0.684375 0.2831168831168831 0.0296875
14 0.32727272727272727 0.684375 0.16883116883116883 0.0203125
14 0.812987012987013 0.771875 0.12727272727272726 0.0140625
18 0.4987012987012987 0.0171875 0.9974025974025974 0.034375