0 0.4987012987012987 0.5171875 0.9974025974025974 0.9640625
7 0.5038961038961038 0.21875 0.44155844155844154 0.1171875
14 0.4987012987012987 0.3609375 0.22337662337662337 0.0671875
14 0.4987012987012987 0.453125 0.509090909090909 0.0640625
12 0.4883116883116883 0.54375 0.13766233766233765 0.01875
16 0.4987012987012987 0.646875 0.9506493506493506 0.0734375
16 0.4987012987012987 0.7421875 0.9506493506493506 0.0734375
15 0.2545454545454545 0.8375 0.4649350649350649 0.0734375
15 0.7428571428571429 0.8375 0.4649350649350649 0.0734375
14 0.4987012987012987 0.928125 0.21038961038961038 0.0234375
18 0.4987012987012987 0.0171875 0.9974025974025974 0.034375
14 0.5454545454545454 0.65 0.35584415584415585 0.0234375
14 0.5324675324675324 0.7453125 0.38181818181818183 0.021875
14 0.2545454545454545 0.8421875 0.14805194805194805 0.025
14 0.7454545454545455 0.840625 0.10649350649350649 0.025
6 0.2883116883116883 0.7421875 0.02857142857142857 0.0296875
6 0.3012987012987013 0.646875 0.05454545454545454 0.028125