0 0.4987012987012987 0.5 0.9974025974025974 0.9984375
7 0.4987012987012987 0.2796875 0.2935064935064935 0.059375
14 0.4987012987012987 0.3453125 0.16363636363636364 0.0171875
14 0.5012987012987012 0.3984375 0.6987012987012987 0.05
12 0.4987012987012987 0.6703125 0.1038961038961039 0.0125
16 0.4987012987012987 0.7625 0.9012987012987013 0.0640625
16 0.4987012987012987 0.8453125 0.9038961038961039 0.0640625
15 0.2675324675324675 0.928125 0.43636363636363634 0.0609375
15 0.7324675324675325 0.928125 0.43636363636363634 0.0609375
14 0.2675324675324675 0.9296875 0.12467532467532468 0.0203125
14 0.7324675324675325 0.93125 0.1038961038961039 0.0203125
14 0.5324675324675324 0.8484375 0.3246753246753247 0.0203125
14 0.5324675324675324 0.7625 0.36363636363636365 0.015625
7 0.0987012987012987 0.8453125 0.05974025974025974 0.0359375
7 0.0987012987012987 0.7625 0.05974025974025974 0.0359375