17 0.4987012987012987 0.0765625 0.9974025974025974 0.08125
6 0.023376623376623377 0.0765625 0.01818181818181818 0.0203125
7 0.4987012987012987 0.2109375 0.9974025974025974 0.1859375
15 0.4987012987012987 0.6515625 0.6571428571428571 0.0703125
15 0.4987012987012987 0.559375 0.6571428571428571 0.0703125
14 0.5012987012987012 0.428125 0.7766233766233767 0.1140625
14 0.2753246753246753 0.0765625 0.2597402597402597 0.021875
7 0.08051948051948052 0.0765625 0.08571428571428572 0.05
18 0.4987012987012987 0.0171875 0.9974025974025974 0.034375
14 0.4987012987012987 0.559375 0.42337662337662335 0.01875
14 0.4987012987012987 0.653125 0.522077922077922 0.01875