5 0.5012987012987012 0.1640625 0.8649350649350649 0.071875
5 0.5012987012987012 0.234375 0.8649350649350649 0.0703125
17 0.4987012987012987 0.0765625 0.9974025974025974 0.08125
14 0.2831168831168831 0.234375 0.18701298701298702 0.0203125
14 0.24155844155844156 0.1640625 0.1012987012987013 0.0203125
6 0.12207792207792208 0.234375 0.03116883116883117 0.0203125
6 0.12207792207792208 0.165625 0.03636363636363636 0.015625
14 0.5012987012987012 0.890625 0.43896103896103894 0.0203125
14 0.787012987012987 0.3953125 0.2909090909090909 0.021875
16 0.4987012987012987 0.528125 0.8649350649350649 0.0703125
15 0.5012987012987012 0.328125 0.8649350649350649 0.0703125
6 0.06753246753246753 0.0765625 0.04935064935064935 0.0234375
14 0.22077922077922077 0.0796875 0.14805194805194805 0.028125
18 0.4987012987012987 0.0171875 0.9974025974025974 0.034375
14 0.5012987012987012 0.33125 0.15064935064935064 0.028125
14 0.5012987012987012 0.5296875 0.2545454545454545 0.0234375
6 0.12727272727272726 0.5296875 0.025974025974025976 0.0328125