7 0.4987012987012987 0.2421875 0.9974025974025974 0.2375
14 0.4987012987012987 0.2453125 0.7766233766233767 0.0671875
15 0.4987012987012987 0.865625 0.9038961038961039 0.0546875
14 0.5246753246753246 0.8078125 0.32727272727272727 0.0171875
15 0.4987012987012987 0.7375 0.9012987012987013 0.05625
14 0.5246753246753246 0.6828125 0.3090909090909091 0.021875
7 0.09610389610389611 0.5875 0.0987012987012987 0.0578125
14 0.5168831168831168 0.590625 0.6415584415584416 0.046875
7 0.09610389610389611 0.4921875 0.0987012987012987 0.0578125
14 0.4935064935064935 0.4921875 0.5948051948051948 0.0421875
14 0.2701298701298701 0.409375 0.43896103896103894 0.021875
17 0.5 0.07890625 1 0.0859375
6 0.9454545454545454 0.078125 0.04415584415584416 0.0265625
6 0.05194805194805195 0.078125 0.05194805194805195 0.0265625
14 0.2935064935064935 0.0796875 0.32987012987012987 0.0234375
18 0.4987012987012987 0.0171875 0.9974025974025974 0.034375
14 0.5012987012987012 0.740625 0.12207792207792208 0.025
14 0.5012987012987012 0.865625 0.17142857142857143 0.01875