7 0.7298701298701299 0.8625 0.44155844155844154 0.271875
7 0.2701298701298701 0.8625 0.44155844155844154 0.271875
7 0.7298701298701299 0.56875 0.44155844155844154 0.2921875
7 0.2675324675324675 0.56875 0.44155844155844154 0.2921875
7 0.4987012987012987 0.2015625 0.5168831168831168 0.1203125
14 0.5662337662337662 0.671875 0.07012987012987013 0.015625
14 0.6311688311688312 0.9765625 0.1974025974025974 0.015625
14 0.12207792207792208 0.9765625 0.10909090909090909 0.015625
14 0.12987012987012986 0.6734375 0.12467532467532468 0.015625
14 0.4987012987012987 0.36875 0.6597402597402597 0.0234375
14 0.4987012987012987 0.309375 0.6051948051948052 0.0296875
14 0.5012987012987012 0.0828125 0.2051948051948052 0.0203125
14 0.8753246753246753 0.0828125 0.07272727272727272 0.015625
18 0.4987012987012987 0.0171875 0.9974025974025974 0.034375