0 0.4987012987012987 0.5171875 0.9974025974025974 0.9640625
5 0.4987012987012987 0.478125 0.8441558441558441 0.0359375
5 0.4987012987012987 0.5921875 0.8441558441558441 0.034375
5 0.4987012987012987 0.703125 0.8441558441558441 0.0328125
14 0.5012987012987012 0.1015625 0.3220779220779221 0.03125
16 0.4987012987012987 0.196875 0.8415584415584415 0.0640625
16 0.4987012987012987 0.284375 0.8415584415584415 0.0640625
14 0.5012987012987012 0.375 0.03116883116883117 0.0125
14 0.11428571428571428 0.7625 0.07532467532467532 0.025
14 0.6311688311688312 0.759375 0.13766233766233765 0.0203125
14 0.4987012987012987 0.934375 0.8051948051948052 0.0421875
15 0.4987012987012987 0.85625 0.8441558441558441 0.0640625
18 0.4987012987012987 0.0171875 0.9974025974025974 0.034375
14 0.5012987012987012 0.196875 0.16363636363636364 0.0171875
14 0.5012987012987012 0.2875 0.11688311688311688 0.021875
6 0.16623376623376623 0.196875 0.02857142857142857 0.034375
6 0.16623376623376623 0.2859375 0.05194805194805195 0.03125
14 0.4987012987012987 0.859375 0.13766233766233765 0.025