6 0.16103896103896104 0.540625 0.23376623376623376 0.0234375
6 0.07012987012987013 0.6765625 0.06233766233766234 0.0390625
15 0.6519480519480519 0.959375 0.6597402597402597 0.059375
15 0.16103896103896104 0.959375 0.2831168831168831 0.059375
14 0.4753246753246753 0.8890625 0.8701298701298701 0.05
14 0.4779220779220779 0.809375 0.8753246753246753 0.0453125
14 0.24415584415584415 0.74375 0.4025974025974026 0.01875
14 0.18181818181818182 0.6765625 0.07792207792207792 0.0171875
14 0.38441558441558443 0.6078125 0.4831168831168831 0.021875
7 0.07012987012987013 0.60625 0.06493506493506493 0.0375
14 0.8363636363636363 0.5421875 0.24675324675324675 0.01875
14 0.4909090909090909 0.453125 0.8987012987012987 0.0578125
6 0.9402597402597402 0.0765625 0.04935064935064935 0.0265625
6 0.06753246753246753 0.0765625 0.03896103896103896 0.0234375
7 0.4987012987012987 0.215625 0.9974025974025974 0.359375
18 0.4987012987012987 0.0171875 0.9974025974025974 0.034375
14 0.16103896103896104 0.959375 0.10649350649350649 0.0140625
14 0.6519480519480519 0.959375 0.17402597402597403 0.015625