2 0.2571428571428571 0.753125 0.4597402597402597 0.3453125
2 0.7454545454545455 0.753125 0.45454545454545453 0.34375
2 0.7454545454545455 0.3875 0.45714285714285713 0.3453125
2 0.2545454545454545 0.3890625 0.45714285714285713 0.3453125
7 0.2545454545454545 0.7171875 0.45454545454545453 0.271875
7 0.7454545454545455 0.7171875 0.45454545454545453 0.271875
14 0.6805194805194805 0.9 0.2779220779220779 0.0171875
14 0.7376623376623377 0.8796875 0.38961038961038963 0.0171875
14 0.21038961038961038 0.9 0.3142857142857143 0.0171875
14 0.21558441558441557 0.878125 0.3246753246753247 0.0125
14 0.19480519480519481 0.5359375 0.2857142857142857 0.0171875
14 0.2025974025974026 0.5125 0.3038961038961039 0.0140625
14 0.6935064935064935 0.5359375 0.3038961038961039 0.0171875
14 0.6779220779220779 0.5140625 0.2753246753246753 0.0140625
7 0.7454545454545455 0.353125 0.45714285714285713 0.271875
7 0.2571428571428571 0.353125 0.45454545454545453 0.271875
11 0.5 0.16015625 1 0.0703125
14 0.6077922077922078 0.15625 0.08051948051948052 0.015625
14 0.44935064935064933 0.15625 0.11428571428571428 0.015625
14 0.2753246753246753 0.15625 0.11688311688311688 0.015625
14 0.1012987012987013 0.15625 0.11428571428571428 0.015625
17 0.5 0.07890625 1 0.0890625
14 0.23376623376623376 0.0765625 0.11688311688311688 0.0234375
6 0.06753246753246753 0.0765625 0.04155844155844156 0.025
18 0.4987012987012987 0.0171875 0.9974025974025974 0.034375