5 0.4987012987012987 0.509375 0.8831168831168831 0.0328125
5 0.4987012987012987 0.5921875 0.8831168831168831 0.034375
14 0.17402597402597403 0.584375 0.18441558441558442 0.0203125
14 0.17662337662337663 0.503125 0.19220779220779222 0.01875
6 0.9272727272727272 0.0984375 0.05454545454545454 0.0328125
6 0.8311688311688312 0.1 0.03896103896103896 0.0359375
7 0.4987012987012987 0.2671875 0.6077922077922078 0.0890625
14 0.5688311688311688 0.64375 0.23636363636363636 0.015625
15 0.4987012987012987 0.775 0.9012987012987013 0.0703125
14 0.2987012987012987 0.9015625 0.2077922077922078 0.0203125
14 0.4883116883116883 0.9015625 0.05714285714285714 0.0171875
14 0.6883116883116883 0.9015625 0.22857142857142856 0.0203125
14 0.4987012987012987 0.93125 0.37142857142857144 0.0109375
14 0.5012987012987012 0.9625 0.4051948051948052 0.0140625
18 0.4987012987012987 0.0171875 0.9974025974025974 0.034375
13 0.825974025974026 0.64375 0.23636363636363636 0.040625
14 0.7688311688311689 0.64375 0.05974025974025974 0.015625
14 0.5012987012987012 0.778125 0.08831168831168831 0.01875