0 0.4987012987012987 0.5171875 0.9974025974025974 0.9640625
6 0.06753246753246753 0.0765625 0.033766233766233764 0.01875
6 0.9454545454545454 0.0765625 0.012987012987012988 0.025
7 0.4987012987012987 0.1984375 0.2935064935064935 0.10625
14 0.5012987012987012 0.2890625 0.7012987012987013 0.0515625
16 0.4987012987012987 0.46875 0.922077922077922 0.0640625
16 0.5012987012987012 0.55625 0.922077922077922 0.0640625
14 0.5012987012987012 0.6265625 0.3168831168831169 0.0171875
16 0.4987012987012987 0.6953125 0.922077922077922 0.0640625
14 0.5012987012987012 0.9671875 0.787012987012987 0.04375
18 0.4987012987012987 0.0171875 0.9974025974025974 0.034375
14 0.4831168831168831 0.46875 0.16883116883116883 0.01875
14 0.4805194805194805 0.5609375 0.12207792207792208 0.0234375
7 0.09350649350649351 0.46875 0.05974025974025974 0.0359375
7 0.09090909090909091 0.55625 0.05974025974025974 0.034375
6 0.1038961038961039 0.6953125 0.04415584415584416 0.01875
14 0.2 0.696875 0.08831168831168831 0.0171875