4 0.34025974025974026 0.5171875 0.6779220779220779 0.9640625
7 0.34025974025974026 0.1578125 0.6779220779220779 0.24375
14 0.17402597402597403 0.2453125 0.2675324675324675 0.0203125
6 0.612987012987013 0.240625 0.04935064935064935 0.03125
7 0.11168831168831168 0.090625 0.12727272727272726 0.0765625
9 0.34025974025974026 0.56875 0.6805194805194805 0.575
14 0.22077922077922077 0.328125 0.09090909090909091 0.0171875
14 0.2545454545454545 0.3984375 0.15584415584415584 0.0171875
14 0.24155844155844156 0.4703125 0.13246753246753246 0.021875
14 0.2753246753246753 0.540625 0.2 0.021875
14 0.3116883116883117 0.6109375 0.2727272727272727 0.021875
14 0.2753246753246753 0.68125 0.1974025974025974 0.0203125
14 0.3090909090909091 0.7515625 0.2649350649350649 0.0203125
14 0.23636363636363636 0.821875 0.12467532467532468 0.0203125
6 0.06753246753246753 0.81875 0.04935064935064935 0.03125
6 0.06753246753246753 0.7484375 0.05194805194805195 0.0296875
6 0.06753246753246753 0.678125 0.046753246753246755 0.0296875
6 0.06753246753246753 0.6078125 0.03636363636363636 0.0265625
6 0.06493506493506493 0.5375 0.04935064935064935 0.0296875
6 0.06753246753246753 0.4671875 0.04935064935064935 0.03125
6 0.06753246753246753 0.3984375 0.05194805194805195 0.028125
6 0.06753246753246753 0.3265625 0.04935064935064935 0.0265625
18 0.4987012987012987 0.0171875 0.9974025974025974 0.034375