5 0.5012987012987012 0.4734375 0.7142857142857143 0.034375
5 0.4987012987012987 0.5484375 0.7116883116883117 0.034375
14 0.2701298701298701 0.5421875 0.2051948051948052 0.0203125
14 0.21818181818181817 0.4671875 0.1038961038961039 0.0203125
7 0.4987012987012987 0.2875 0.9038961038961039 0.1796875
15 0.3064935064935065 0.615625 0.32727272727272727 0.059375
15 0.6909090909090909 0.6140625 0.32727272727272727 0.059375
15 0.4987012987012987 0.7546875 0.7090909090909091 0.059375
15 0.4987012987012987 0.8421875 0.7090909090909091 0.059375
18 0.4987012987012987 0.0171875 0.9974025974025974 0.034375
14 0.3090909090909091 0.61875 0.12987012987012986 0.021875
14 0.6935064935064935 0.6171875 0.1012987012987013 0.025
14 0.5012987012987012 0.7578125 0.3064935064935065 0.0234375
14 0.5012987012987012 0.8453125 0.07272727272727272 0.021875