10 0.5012987012987012 0.5171875 0.6519480519480519 0.4265625
7 0.14285714285714285 0.203125 0.2831168831168831 0.1703125
14 0.5766233766233766 0.8421875 0.1038961038961039 0.0203125
14 0.5766233766233766 0.815625 0.10649350649350649 0.01875
14 0.7402597402597403 0.7703125 0.42597402597402595 0.0453125
14 0.08311688311688312 0.8421875 0.1038961038961039 0.01875
14 0.08051948051948052 0.815625 0.10649350649350649 0.01875
14 0.2519480519480519 0.7703125 0.44415584415584414 0.0453125
14 0.38441558441558443 0.2359375 0.16103896103896104 0.0171875
14 0.5376623376623376 0.2078125 0.4649350649350649 0.021875
14 0.4623376623376623 0.1765625 0.3168831168831169 0.0234375
17 0.5 0.07578125 1 0.0796875
6 0.9376623376623376 0.0796875 0.05974025974025974 0.0359375
6 0.825974025974026 0.078125 0.05714285714285714 0.0375
6 0.06753246753246753 0.0765625 0.04155844155844156 0.0234375
16 0.6311688311688312 0.4734375 0.14285714285714285 0.128125
7 0.6311688311688312 0.4515625 0.14285714285714285 0.084375
16 0.36883116883116884 0.471875 0.14545454545454545 0.1234375
7 0.36883116883116884 0.453125 0.14545454545454545 0.0859375
16 0.36883116883116884 0.6375 0.14545454545454545 0.1234375
7 0.36883116883116884 0.61875 0.14545454545454545 0.084375
14 0.36883116883116884 0.690625 0.12727272727272726 0.0171875
14 0.6311688311688312 0.5265625 0.10909090909090909 0.021875
14 0.36883116883116884 0.525 0.11428571428571428 0.01875
14 0.5376623376623376 0.3390625 0.3090909090909091 0.021875
6 0.21558441558441557 0.3390625 0.05714285714285714 0.0359375
18 0.4987012987012987 0.0171875 0.9974025974025974 0.034375