17 0.4987012987012987 0.0765625 0.9974025974025974 0.0796875
7 0.4987012987012987 0.24375 0.9974025974025974 0.25625
5 0.5012987012987012 0.4484375 0.8181818181818182 0.0296875
5 0.5012987012987012 0.509375 0.8181818181818182 0.0296875
14 0.17662337662337663 0.50625 0.16363636363636364 0.0234375
14 0.14025974025974025 0.4421875 0.09090909090909091 0.01875
14 0.4987012987012987 0.078125 0.3116883116883117 0.025
6 0.06753246753246753 0.0765625 0.04155844155844156 0.0234375
6 0.8233766233766234 0.078125 0.05974025974025974 0.0375
6 0.935064935064935 0.0796875 0.06493506493506493 0.0375
14 0.17662337662337663 0.2234375 0.2077922077922078 0.0265625
14 0.3116883116883117 0.2578125 0.412987012987013 0.0265625
15 0.5038961038961038 0.5828125 0.8389610389610389 0.0703125
16 0.5038961038961038 0.6640625 0.8389610389610389 0.06875
14 0.5038961038961038 0.7515625 0.32987012987012987 0.0171875
14 0.5012987012987012 0.81875 0.6649350649350649 0.0515625
15 0.5038961038961038 0.9046875 0.8389610389610389 0.0703125
18 0.4987012987012987 0.0171875 0.9974025974025974 0.034375
14 0.5038961038961038 0.90625 0.17402597402597403 0.0203125
14 0.5506493506493506 0.665625 0.42857142857142855 0.01875
14 0.5038961038961038 0.584375 0.12987012987012986 0.01875
7 0.2805194805194805 0.6640625 0.06753246753246753 0.0421875