10 0.5012987012987012 0.5171875 0.8701298701298701 0.575
14 0.45714285714285713 0.4984375 0.6883116883116883 0.025
15 0.7012987012987013 0.7703125 0.4649350649350649 0.06875
15 0.2649350649350649 0.7703125 0.4 0.0703125
15 0.5012987012987012 0.678125 0.7948051948051948 0.05625
15 0.5012987012987012 0.58125 0.7948051948051948 0.053125
14 0.37402597402597404 0.40625 0.5194805194805194 0.084375
14 0.13766233766233765 0.2828125 0.06753246753246753 0.021875
18 0.4987012987012987 0.0171875 0.9974025974025974 0.034375
14 0.4987012987012987 0.5828125 0.2805194805194805 0.0203125
14 0.5012987012987012 0.678125 0.34285714285714286 0.0171875
14 0.2649350649350649 0.7703125 0.1012987012987013 0.015625
14 0.7012987012987013 0.771875 0.1974025974025974 0.01875