4 0.34025974025974026 0.5171875 0.6779220779220779 0.9625
14 0.2623376623376623 0.0859375 0.3246753246753247 0.0359375
14 0.13246753246753246 0.171875 0.18701298701298702 0.0203125
14 0.22597402597402597 0.2 0.37402597402597404 0.021875
7 0.06233766233766234 0.084375 0.05454545454545454 0.0546875
9 0.34025974025974026 0.3859375 0.6805194805194805 0.3046875
6 0.06753246753246753 0.2796875 0.046753246753246755 0.0265625
6 0.06753246753246753 0.3515625 0.04155844155844156 0.0265625
6 0.06753246753246753 0.4203125 0.04155844155844156 0.03125
6 0.06753246753246753 0.490625 0.04935064935064935 0.0296875
6 0.06753246753246753 0.5859375 0.04935064935064935 0.0328125
14 0.23896103896103896 0.5890625 0.12727272727272726 0.021875
14 0.3246753246753247 0.49375 0.2987012987012987 0.021875
14 0.22077922077922077 0.28125 0.09350649350649351 0.0171875
14 0.2519480519480519 0.353125 0.15584415584415584 0.021875
14 0.2649350649350649 0.4234375 0.17922077922077922 0.021875
18 0.4987012987012987 0.0171875 0.9974025974025974 0.034375