10 0.4987012987012987 0.5171875 0.7038961038961039 0.421875
14 0.37922077922077924 0.35 0.34025974025974026 0.01875
9 0.509090909090909 0.50625 0.5948051948051948 0.2171875
3 0.509090909090909 0.4125 0.5948051948051948 0.0296875
14 0.35324675324675325 0.415625 0.2779220779220779 0.021875
3 0.509090909090909 0.459375 0.5948051948051948 0.028125
14 0.34805194805194806 0.459375 0.2701298701298701 0.01875
3 0.5116883116883116 0.50625 0.5922077922077922 0.028125
14 0.36883116883116884 0.509375 0.3064935064935065 0.021875
3 0.5116883116883116 0.553125 0.5948051948051948 0.028125
14 0.3194805194805195 0.5546875 0.21298701298701297 0.0203125
3 0.5116883116883116 0.6 0.5948051948051948 0.028125
14 0.2597402597402597 0.6 0.09350649350649351 0.01875
14 0.7454545454545455 0.6890625 0.04935064935064935 0.01875
18 0.4987012987012987 0.0171875 0.9974025974025974 0.034375