5 0.5012987012987012 0.6796875 0.922077922077922 0.059375
14 0.18441558441558442 0.6796875 0.22597402597402597 0.0140625
14 0.4987012987012987 0.9671875 0.4597402597402597 0.01875
15 0.4987012987012987 0.890625 0.9194805194805195 0.0578125
15 0.4987012987012987 0.825 0.9194805194805195 0.0578125
15 0.5012987012987012 0.74375 0.922077922077922 0.0578125
7 0.4987012987012987 0.4046875 0.3220779220779221 0.2046875
14 0.4987012987012987 0.56875 0.6909090909090909 0.071875
7 0.4987012987012987 0.2234375 0.9194805194805195 0.3765625
18 0.4987012987012987 0.0171875 0.9974025974025974 0.034375
14 0.4987012987012987 0.7453125 0.3220779220779221 0.0171875
14 0.4987012987012987 0.8265625 0.3922077922077922 0.0171875
14 0.4987012987012987 0.89375 0.34805194805194806 0.0203125