4 0.36363636363636365 0.5171875 0.7272727272727273 0.9640625
6 0.6623376623376623 0.0765625 0.05974025974025974 0.0359375
6 0.15584415584415584 0.1875 0.23376623376623376 0.140625
14 0.14025974025974025 0.296875 0.2051948051948052 0.0203125
9 0.36103896103896105 0.5578125 0.7220779220779221 0.440625
14 0.18961038961038962 0.3890625 0.1038961038961039 0.01875
14 0.17142857142857143 0.4703125 0.07012987012987013 0.01875
14 0.1974025974025974 0.55625 0.12207792207792208 0.025
14 0.22077922077922077 0.6359375 0.16623376623376623 0.0203125
14 0.21038961038961038 0.7171875 0.14805194805194805 0.0203125
14 0.18961038961038962 0.9640625 0.21038961038961038 0.025
14 0.42857142857142855 0.959375 0.18181818181818182 0.0203125
6 0.05714285714285714 0.9578125 0.04155844155844156 0.0296875
6 0.06753246753246753 0.715625 0.05974025974025974 0.0359375
6 0.06753246753246753 0.634375 0.046753246753246755 0.0359375
6 0.06753246753246753 0.553125 0.06233766233766234 0.0328125
6 0.06753246753246753 0.4703125 0.05974025974025974 0.0359375
6 0.06753246753246753 0.3875 0.046753246753246755 0.0359375
18 0.4987012987012987 0.0171875 0.9974025974025974 0.034375