14 0.4987012987012987 0.6625 0.21558441558441557 0.021875
0 0.4987012987012987 0.4703125 0.9974025974025974 0.8703125
7 0.4987012987012987 0.1375 0.24415584415584415 0.146875
14 0.4987012987012987 0.25 0.4675324675324675 0.0328125
15 0.4987012987012987 0.3953125 0.7090909090909091 0.09375
14 0.4987012987012987 0.3078125 0.2831168831168831 0.0328125
14 0.4961038961038961 0.4828125 0.548051948051948 0.0234375
14 0.4961038961038961 0.51875 0.6025974025974026 0.0234375
14 0.4987012987012987 0.5546875 0.4961038961038961 0.021875
14 0.4961038961038961 0.5890625 0.2025974025974026 0.025
12 0.4935064935064935 0.953125 0.11688311688311688 0.015625
18 0.4987012987012987 0.0171875 0.9974025974025974 0.034375
14 0.5012987012987012 0.4 0.24675324675324675 0.0421875