4 0.38961038961038963 0.5171875 0.7766233766233767 0.9640625
14 0.10909090909090909 0.140625 0.09610389610389611 0.0203125
14 0.6571428571428571 0.1453125 0.12727272727272726 0.0125
9 0.38961038961038963 0.3140625 0.7766233766233767 0.26875
14 0.23116883116883116 0.23125 0.10909090909090909 0.01875
14 0.33506493506493507 0.315625 0.3194805194805195 0.0265625
14 0.2935064935064935 0.396875 0.24155844155844156 0.0265625
14 0.37922077922077924 0.5046875 0.4103896103896104 0.0265625
9 0.38961038961038963 0.7328125 0.7766233766233767 0.3515625
14 0.35844155844155845 0.6109375 0.36363636363636365 0.0265625
14 0.36883116883116884 0.6921875 0.38181818181818183 0.0234375
14 0.3064935064935065 0.7734375 0.2649350649350649 0.0203125
14 0.2935064935064935 0.8578125 0.23376623376623376 0.0265625
8 0.6363636363636364 0.9640625 0.11428571428571428 0.06875
8 0.4701298701298701 0.9640625 0.11688311688311688 0.06875
8 0.3064935064935065 0.9640625 0.11428571428571428 0.06875
8 0.14025974025974025 0.9640625 0.11428571428571428 0.06875
6 0.08831168831168831 0.8546875 0.05714285714285714 0.034375
6 0.08831168831168831 0.7734375 0.05974025974025974 0.0328125
6 0.08831168831168831 0.690625 0.04415584415584416 0.0359375
6 0.08831168831168831 0.609375 0.05454545454545454 0.0359375
6 0.08571428571428572 0.5015625 0.05974025974025974 0.0359375
6 0.08831168831168831 0.3953125 0.06233766233766234 0.0234375
6 0.08831168831168831 0.3125 0.05974025974025974 0.0328125
6 0.08831168831168831 0.23125 0.05974025974025974 0.0328125
18 0.4987012987012987 0.0171875 0.9974025974025974 0.034375
6 0.14025974025974025 0.965625 0.023376623376623377 0.028125
6 0.4701298701298701 0.9640625 0.03896103896103896 0.0234375
7 0.3064935064935065 0.965625 0.04415584415584416 0.025
7 0.6363636363636364 0.965625 0.04415584415584416 0.0265625