5 0.4987012987012987 0.4640625 0.8077922077922078 0.03125
5 0.4987012987012987 0.5515625 0.8077922077922078 0.0328125
14 0.2051948051948052 0.4578125 0.19220779220779222 0.01875
14 0.21038961038961038 0.546875 0.2051948051948052 0.0203125
14 0.4987012987012987 0.9765625 0.16883116883116883 0.0140625
14 0.4987012987012987 0.3828125 0.37402597402597404 0.0234375
7 0.5168831168831168 0.2828125 0.18701298701298702 0.1125
15 0.4987012987012987 0.64375 0.35064935064935066 0.0609375
14 0.5012987012987012 0.721875 0.33766233766233766 0.0203125
14 0.5012987012987012 0.93125 0.4623376623376623 0.0203125
18 0.4987012987012987 0.0171875 0.9974025974025974 0.034375
14 0.5012987012987012 0.6453125 0.09090909090909091 0.0140625