0 0.4987012987012987 0.5 0.9974025974025974 0.9984375
7 0.4987012987012987 0.6015625 0.05714285714285714 0.0390625
14 0.5012987012987012 0.6640625 0.6311688311688312 0.0546875
12 0.5012987012987012 0.7125 0.12727272727272726 0.009375
15 0.4987012987012987 0.7640625 0.922077922077922 0.053125
15 0.5012987012987012 0.840625 0.922077922077922 0.053125
14 0.4987012987012987 0.903125 0.21818181818181817 0.0171875
7 0.4987012987012987 0.9546875 0.2805194805194805 0.0359375
7 0.4987012987012987 0.11875 0.2753246753246753 0.19375
14 0.5038961038961038 0.2328125 0.07272727272727272 0.0078125
7 0.509090909090909 0.259375 0.16623376623376623 0.028125
14 0.4987012987012987 0.7671875 0.12987012987012986 0.021875
14 0.5012987012987012 0.84375 0.1038961038961039 0.0234375