10 0.5012987012987012 0.5171875 0.7558441558441559 0.5125
6 0.17142857142857143 0.2953125 0.05714285714285714 0.034375
6 0.8233766233766234 0.2953125 0.05974025974025974 0.034375
14 0.36623376623376624 0.2984375 0.2909090909090909 0.0203125
14 0.4987012987012987 0.384375 0.6805194805194805 0.06875
9 0.5038961038961038 0.6046875 0.7246753246753247 0.3125
3 0.4935064935064935 0.465625 0.6961038961038961 0.0296875
14 0.22077922077922077 0.4671875 0.14805194805194805 0.0265625
3 0.4935064935064935 0.53125 0.6961038961038961 0.0296875
14 0.2 0.5328125 0.11168831168831168 0.0203125
3 0.4935064935064935 0.6 0.6961038961038961 0.0296875
14 0.22597402597402597 0.6 0.16103896103896104 0.0203125
3 0.4935064935064935 0.6671875 0.6961038961038961 0.0296875
14 0.2805194805194805 0.6671875 0.2701298701298701 0.0203125
3 0.4935064935064935 0.7359375 0.6961038961038961 0.03125
14 0.23376623376623376 0.7390625 0.17402597402597403 0.025
18 0.4987012987012987 0.0171875 0.9974025974025974 0.034375