4 0.38701298701298703 0.5171875 0.7740259740259741 0.9640625
9 0.38961038961038963 0.646875 0.7766233766233767 0.7046875
6 0.06753246753246753 0.9625 0.03636363636363636 0.021875
6 0.06753246753246753 0.8921875 0.023376623376623377 0.021875
6 0.06753246753246753 0.821875 0.02077922077922078 0.021875
6 0.06753246753246753 0.7515625 0.03636363636363636 0.0203125
6 0.06753246753246753 0.68125 0.046753246753246755 0.034375
6 0.06753246753246753 0.6109375 0.03636363636363636 0.0109375
6 0.06753246753246753 0.5421875 0.033766233766233764 0.021875
6 0.06753246753246753 0.4703125 0.046753246753246755 0.01875
6 0.06753246753246753 0.3984375 0.03636363636363636 0.025
6 0.06753246753246753 0.328125 0.04935064935064935 0.025
14 0.3220779220779221 0.9625 0.2935064935064935 0.0171875
14 0.33506493506493507 0.89375 0.3168831168831169 0.0171875
14 0.35844155844155845 0.8234375 0.36103896103896105 0.01875
14 0.34285714285714286 0.753125 0.33506493506493507 0.0171875
14 0.2779220779220779 0.6828125 0.2025974025974026 0.0171875
14 0.3194805194805195 0.6125 0.2857142857142857 0.015625
14 0.35844155844155845 0.5421875 0.36363636363636365 0.015625
14 0.24415584415584415 0.471875 0.13766233766233765 0.015625
14 0.21818181818181817 0.4 0.08311688311688312 0.0171875
14 0.22077922077922077 0.3296875 0.09090909090909091 0.015625
14 0.15844155844155844 0.2421875 0.23636363636363636 0.021875
14 0.10909090909090909 0.2015625 0.14285714285714285 0.0171875
6 0.13506493506493505 0.1171875 0.16363636363636364 0.1
18 0.4987012987012987 0.0171875 0.9974025974025974 0.034375