17 0.4987012987012987 0.075 0.9974025974025974 0.0765625
2 0.7480519480519481 0.8859375 0.4909090909090909 0.228125
7 0.7246753246753247 0.9046875 0.35844155844155845 0.0921875
2 0.2519480519480519 0.884375 0.4909090909090909 0.2296875
7 0.22597402597402597 0.896875 0.12727272727272726 0.203125
2 0.7480519480519481 0.553125 0.4909090909090909 0.425
6 0.8961038961038961 0.734375 0.04935064935064935 0.03125
15 0.6727272727272727 0.7359375 0.3012987012987013 0.040625
2 0.2519480519480519 0.553125 0.4909090909090909 0.425
6 0.4 0.734375 0.04935064935064935 0.03125
15 0.17662337662337663 0.7359375 0.3012987012987013 0.040625
14 0.6103896103896104 0.6796875 0.13766233766233765 0.0140625
14 0.625974025974026 0.6546875 0.16363636363636364 0.0140625
14 0.11948051948051948 0.6546875 0.14805194805194805 0.0140625
14 0.7428571428571429 0.6109375 0.4025974025974026 0.0421875
14 0.24675324675324675 0.6109375 0.4025974025974026 0.04375
7 0.7246753246753247 0.4734375 0.12727272727272726 0.2171875
7 0.22857142857142856 0.475 0.18181818181818182 0.2171875
7 0.5012987012987012 0.228125 0.9896103896103896 0.21875
14 0.2987012987012987 0.0765625 0.3038961038961039 0.01875
6 0.935064935064935 0.075 0.04935064935064935 0.0296875
6 0.8181818181818182 0.075 0.04415584415584416 0.0265625
6 0.06753246753246753 0.0765625 0.04155844155844156 0.025
18 0.4987012987012987 0.0171875 0.9974025974025974 0.034375
14 0.17662337662337663 0.7375 0.21298701298701297 0.015625
14 0.6727272727272727 0.7375 0.21558441558441557 0.0140625