0 0.4987012987012987 0.51875 0.9974025974025974 0.9625
5 0.4987012987012987 0.4 0.7090909090909091 0.053125
5 0.4987012987012987 0.5328125 0.7090909090909091 0.0546875
5 0.4987012987012987 0.66875 0.7090909090909091 0.0546875
14 0.2545454545454545 0.3828125 0.19220779220779222 0.01875
6 0.05454545454545454 0.071875 0.05974025974025974 0.0328125
14 0.509090909090909 0.0734375 0.44155844155844154 0.025
7 0.4987012987012987 0.1859375 0.36623376623376624 0.08125
15 0.4987012987012987 0.759375 0.41818181818181815 0.05625
14 0.4987012987012987 0.8875 0.6623376623376623 0.0265625
14 0.4987012987012987 0.9671875 0.6675324675324675 0.040625
18 0.4987012987012987 0.01875 0.9974025974025974 0.0359375
14 0.4987012987012987 0.759375 0.3038961038961039 0.01875