14 0.4987012987012987 0.353125 0.5298701298701298 0.0546875
14 0.5012987012987012 0.4515625 0.7532467532467533 0.0609375
14 0.4987012987012987 0.6453125 0.34285714285714286 0.025
12 0.4961038961038961 0.6828125 0.12727272727272726 0.0125
15 0.4987012987012987 0.7640625 0.9272727272727272 0.065625
16 0.5012987012987012 0.853125 0.9272727272727272 0.065625
16 0.2649350649350649 0.9421875 0.45714285714285713 0.0703125
16 0.7350649350649351 0.9421875 0.45714285714285713 0.0703125
18 0.4987012987012987 0.0171875 0.9974025974025974 0.034375
14 0.4987012987012987 0.76875 0.14545454545454545 0.0265625
14 0.5558441558441558 0.8578125 0.4831168831168831 0.028125
7 0.14025974025974025 0.853125 0.05974025974025974 0.0359375
14 0.7636363636363637 0.94375 0.22077922077922077 0.01875
6 0.5584415584415584 0.9421875 0.04935064935064935 0.0296875
6 0.08831168831168831 0.9421875 0.04935064935064935 0.03125
14 0.2935064935064935 0.9453125 0.14025974025974025 0.0234375