0 0.4987012987012987 0.5171875 0.9974025974025974 0.9625
5 0.4987012987012987 0.4671875 0.9194805194805195 0.0640625
5 0.4987012987012987 0.5328125 0.9194805194805195 0.0640625
14 0.4623376623376623 0.4703125 0.3090909090909091 0.021875
14 0.44935064935064933 0.534375 0.2857142857142857 0.021875
14 0.15324675324675324 0.5328125 0.16623376623376623 0.0171875
14 0.11688311688311688 0.4671875 0.09350649350649351 0.0171875
7 0.5012987012987012 0.375 0.44415584415584414 0.0390625
14 0.16363636363636364 0.6765625 0.23896103896103896 0.01875
14 0.5376623376623376 0.675 0.2077922077922078 0.0125
14 0.8805194805194805 0.6765625 0.15064935064935064 0.01875
15 0.5012987012987012 0.6140625 0.922077922077922 0.053125
18 0.4987012987012987 0.0171875 0.9974025974025974 0.034375
14 0.5012987012987012 0.6171875 0.09090909090909091 0.0234375