0 0.4987012987012987 0.4734375 0.9974025974025974 0.875
5 0.4987012987012987 0.4015625 0.587012987012987 0.0265625
5 0.4987012987012987 0.4921875 0.5844155844155844 0.0328125
5 0.4987012987012987 0.584375 0.587012987012987 0.03125
14 0.5038961038961038 0.3953125 0.15324675324675324 0.0140625
14 0.4987012987012987 0.5765625 0.14805194805194805 0.0140625
14 0.4987012987012987 0.4828125 0.08311688311688312 0.0140625
7 0.4987012987012987 0.16875 0.19220779220779222 0.11875
14 0.4987012987012987 0.79375 0.12987012987012986 0.01875
14 0.4987012987012987 0.8515625 0.6233766233766234 0.015625
15 0.4987012987012987 0.9546875 0.9974025974025974 0.0875
18 0.4987012987012987 0.0171875 0.9974025974025974 0.034375
14 0.5012987012987012 0.95625 0.14025974025974025 0.015625