4 0.2909090909090909 0.5578125 0.5818181818181818 0.88125
17 0.4987012987012987 0.0765625 0.9974025974025974 0.08125
8 0.8675324675324675 0.9203125 0.13766233766233765 0.0828125
6 0.8441558441558441 0.0765625 0.03116883116883117 0.0328125
6 0.9454545454545454 0.0765625 0.012987012987012988 0.025
6 0.06753246753246753 0.0765625 0.046753246753246755 0.028125
14 0.2987012987012987 0.0796875 0.3090909090909091 0.0296875
9 0.2909090909090909 0.3890625 0.5818181818181818 0.54375
14 0.2623376623376623 0.15 0.11428571428571428 0.0203125
14 0.3168831168831169 0.2171875 0.22337662337662337 0.021875
14 0.24415584415584415 0.2859375 0.08571428571428572 0.021875
14 0.2675324675324675 0.3515625 0.13506493506493505 0.021875
14 0.33766233766233766 0.421875 0.2727272727272727 0.028125
14 0.2909090909090909 0.4875 0.17922077922077922 0.021875
14 0.3116883116883117 0.55625 0.21558441558441557 0.0265625
14 0.2805194805194805 0.6234375 0.15844155844155844 0.0265625
6 0.08571428571428572 0.15 0.08311688311688312 0.05
6 0.08831168831168831 0.21875 0.09090909090909091 0.0546875
6 0.08571428571428572 0.284375 0.05714285714285714 0.046875
6 0.08831168831168831 0.353125 0.046753246753246755 0.0265625
6 0.08571428571428572 0.4203125 0.05974025974025974 0.0421875
6 0.08571428571428572 0.4875 0.04935064935064935 0.0421875
6 0.08571428571428572 0.5546875 0.06753246753246753 0.040625
6 0.08571428571428572 0.621875 0.05714285714285714 0.0375
18 0.4987012987012987 0.0171875 0.9974025974025974 0.034375
6 0.8675324675324675 0.91875 0.04415584415584416 0.0265625