0 0.4987012987012987 0.5171875 0.9974025974025974 0.9640625
14 0.4987012987012987 0.4296875 0.37402597402597404 0.0578125
7 0.5012987012987012 0.3375 0.535064935064935 0.065625
12 0.4987012987012987 0.73125 0.15584415584415584 0.0125
16 0.4987012987012987 0.7953125 0.922077922077922 0.0703125
14 0.7558441558441559 0.953125 0.10909090909090909 0.01875
14 0.2857142857142857 0.953125 0.37922077922077924 0.0171875
16 0.2857142857142857 0.8765625 0.4935064935064935 0.0703125
16 0.7558441558441559 0.8765625 0.4103896103896104 0.071875
18 0.4987012987012987 0.0171875 0.9974025974025974 0.034375
14 0.548051948051948 0.7984375 0.5246753246753246 0.021875
14 0.33246753246753247 0.878125 0.12207792207792208 0.0171875
14 0.8025974025974026 0.8796875 0.15324675324675324 0.021875
6 0.6103896103896104 0.8765625 0.04935064935064935 0.0296875
7 0.0987012987012987 0.8765625 0.04935064935064935 0.0265625
7 0.09610389610389611 0.7953125 0.046753246753246755 0.028125