0 0.4987012987012987 0.515625 0.9974025974025974 0.9671875
14 0.4987012987012987 0.875 0.033766233766233764 0.015625
16 0.5012987012987012 0.93125 0.922077922077922 0.0703125
16 0.4987012987012987 0.815625 0.922077922077922 0.0703125
16 0.4987012987012987 0.728125 0.9194805194805195 0.06875
16 0.5012987012987012 0.640625 0.922077922077922 0.0703125
14 0.4987012987012987 0.34375 0.42597402597402595 0.04375
14 0.3168831168831169 0.078125 0.34285714285714286 0.0265625
6 0.06753246753246753 0.0765625 0.03896103896103896 0.021875
18 0.4987012987012987 0.015625 0.9974025974025974 0.0296875
14 0.5246753246753246 0.6421875 0.4 0.0171875
14 0.5246753246753246 0.7296875 0.44675324675324674 0.01875
14 0.5246753246753246 0.8171875 0.36363636363636365 0.01875
14 0.5246753246753246 0.934375 0.44155844155844154 0.01875
6 0.09350649350649351 0.9328125 0.04935064935064935 0.0296875
6 0.09350649350649351 0.8171875 0.04935064935064935 0.0296875
7 0.09350649350649351 0.7296875 0.05194805194805195 0.03125
7 0.09090909090909091 0.640625 0.04415584415584416 0.0296875