4 0.34025974025974026 0.5171875 0.6779220779220779 0.9625
6 0.9454545454545454 0.0765625 0.01038961038961039 0.0234375
6 0.8415584415584415 0.0765625 0.05974025974025974 0.0375
6 0.7272727272727273 0.0765625 0.05714285714285714 0.0359375
9 0.34025974025974026 0.3296875 0.6779220779220779 0.584375
14 0.2857142857142857 0.0828125 0.22597402597402597 0.01875
14 0.2779220779220779 0.153125 0.21038961038961038 0.0234375
14 0.2675324675324675 0.221875 0.18701298701298702 0.0203125
14 0.3220779220779221 0.29375 0.2987012987012987 0.0234375
14 0.2649350649350649 0.3625 0.18181818181818182 0.0203125
14 0.37142857142857144 0.434375 0.3948051948051948 0.0234375
14 0.38441558441558443 0.5046875 0.42077922077922075 0.021875
14 0.32727272727272727 0.5734375 0.3142857142857143 0.0203125
9 0.34025974025974026 0.7359375 0.6779220779220779 0.225
14 0.22337662337662337 0.66875 0.09610389610389611 0.01875
14 0.22857142857142856 0.7390625 0.10909090909090909 0.0171875
14 0.2051948051948052 0.809375 0.05974025974025974 0.01875
6 0.06753246753246753 0.809375 0.04935064935064935 0.0296875
6 0.07012987012987013 0.7375 0.05194805194805195 0.028125
6 0.06753246753246753 0.6671875 0.05194805194805195 0.0296875
6 0.06753246753246753 0.5765625 0.05714285714285714 0.028125
6 0.06753246753246753 0.5015625 0.05194805194805195 0.021875
6 0.07012987012987013 0.434375 0.05714285714285714 0.0265625
6 0.06753246753246753 0.3625 0.04935064935064935 0.0296875
6 0.06753246753246753 0.2921875 0.05974025974025974 0.0234375
6 0.07012987012987013 0.221875 0.05974025974025974 0.034375
6 0.06753246753246753 0.1515625 0.05714285714285714 0.03125
6 0.06753246753246753 0.08125 0.04935064935064935 0.0265625
18 0.4987012987012987 0.0171875 0.9974025974025974 0.034375