17 0.4987012987012987 0.071875 0.9974025974025974 0.065625
9 0.5012987012987012 0.421875 0.9298701298701298 0.6046875
14 0.13246753246753246 0.496875 0.10909090909090909 0.0171875
14 0.14025974025974025 0.46875 0.12467532467532468 0.01875
14 0.16103896103896104 0.175 0.17142857142857143 0.015625
6 0.06753246753246753 0.0703125 0.03896103896103896 0.025
14 0.14285714285714285 0.6875 0.12727272727272726 0.021875
14 0.13506493506493505 0.6046875 0.11428571428571428 0.0171875
14 0.21298701298701297 0.578125 0.2675324675324675 0.0234375
14 0.16623376623376623 0.390625 0.17662337662337663 0.01875
14 0.15064935064935064 0.3625 0.14025974025974025 0.0234375
14 0.08831168831168831 0.2828125 0.015584415584415584 0.0140625
14 0.16363636363636364 0.253125 0.17402597402597403 0.01875
14 0.2649350649350649 0.071875 0.18181818181818182 0.0234375
14 0.16363636363636364 0.1453125 0.16623376623376623 0.01875
18 0.4987012987012987 0.015625 0.9974025974025974 0.0296875