17 0.4987012987012987 0.075 0.9974025974025974 0.08125
9 0.5 0.559375 1 0.88125
7 0.8337662337662337 0.9703125 0.2519480519480519 0.0546875
14 0.21038961038961038 0.9546875 0.34025974025974026 0.021875
14 0.08051948051948052 0.803125 0.08051948051948052 0.0171875
7 0.8337662337662337 0.821875 0.2519480519480519 0.1515625
14 0.21818181818181817 0.7578125 0.35844155844155845 0.021875
14 0.08051948051948052 0.66875 0.08051948051948052 0.015625
14 0.34025974025974026 0.6171875 0.6 0.04375
7 0.8337662337662337 0.6265625 0.2519480519480519 0.1515625
14 0.17922077922077922 0.5609375 0.2805194805194805 0.01875
14 0.08051948051948052 0.4734375 0.08051948051948052 0.0171875
14 0.2935064935064935 0.421875 0.5142857142857142 0.0453125
7 0.8337662337662337 0.4296875 0.2519480519480519 0.1515625
14 0.2805194805194805 0.365625 0.4831168831168831 0.021875
14 0.08051948051948052 0.2765625 0.08051948051948052 0.0171875
14 0.2961038961038961 0.225 0.5116883116883116 0.0453125
7 0.8337662337662337 0.2328125 0.2519480519480519 0.1515625
14 0.21038961038961038 0.1671875 0.34805194805194806 0.01875
14 0.4987012987012987 0.0875 0.17142857142857143 0.0140625
14 0.4987012987012987 0.065625 0.5324675324675324 0.0203125
6 0.9324675324675324 0.0765625 0.04935064935064935 0.03125
6 0.06753246753246753 0.0765625 0.03896103896103896 0.021875
8 0.8831168831168831 0.9296875 0.11948051948051948 0.071875
18 0.4987012987012987 0.0171875 0.9974025974025974 0.034375
6 0.8831168831168831 0.9296875 0.04155844155844156 0.025