17 0.5 0.078125 1 0.084375
6 0.9324675324675324 0.0765625 0.04935064935064935 0.0296875
6 0.7948051948051948 0.0765625 0.04155844155844156 0.0265625
14 0.2805194805194805 0.0765625 0.2077922077922078 0.025
6 0.06753246753246753 0.075 0.046753246753246755 0.0203125
11 0.5 0.15390625 1 0.0671875
14 0.24935064935064935 0.153125 0.11428571428571428 0.015625
14 0.7506493506493507 0.153125 0.12467532467532468 0.015625
14 0.4987012987012987 0.2328125 0.08051948051948052 0.0484375
6 0.06753246753246753 0.3359375 0.05974025974025974 0.0359375
5 0.5688311688311688 0.3390625 0.787012987012987 0.0375
14 0.3246753246753247 0.3328125 0.2935064935064935 0.021875
6 0.06753246753246753 0.41875 0.05974025974025974 0.0359375
5 0.5688311688311688 0.4234375 0.787012987012987 0.0375
14 0.2805194805194805 0.41875 0.2051948051948052 0.028125
6 0.06753246753246753 0.503125 0.05974025974025974 0.0359375
5 0.5688311688311688 0.5109375 0.787012987012987 0.0296875
14 0.23116883116883116 0.503125 0.10909090909090909 0.0140625
14 0.5012987012987012 0.6015625 0.8987012987012987 0.04375
14 0.5012987012987012 0.6625 0.6311688311688312 0.0203125
3 0.4077922077922078 0.7421875 0.7038961038961039 0.0328125
14 0.4701298701298701 0.74375 0.5818181818181818 0.0296875
15 0.4987012987012987 0.8359375 0.922077922077922 0.0703125
14 0.5012987012987012 0.9421875 0.7090909090909091 0.04375
18 0.4987012987012987 0.0171875 0.9974025974025974 0.034375
14 0.5012987012987012 0.8359375 0.12727272727272726 0.0203125