6 0.9766233766233766 0.8640625 0.02077922077922078 0.0203125
14 0.4987012987012987 0.575 0.8233766233766234 0.08125
14 0.5012987012987012 0.68125 0.8389610389610389 0.065625
14 0.8649350649350649 0.8640625 0.17922077922077922 0.01875
12 0.5012987012987012 0.8640625 0.13766233766233765 0.009375
15 0.7506493506493507 0.95625 0.4727272727272727 0.06875
15 0.24935064935064935 0.95625 0.4701298701298701 0.0671875
7 0.5038961038961038 0.253125 0.7090909090909091 0.340625
18 0.4987012987012987 0.0171875 0.9974025974025974 0.034375
14 0.24935064935064935 0.95625 0.11428571428571428 0.0171875
14 0.7506493506493507 0.9578125 0.35324675324675325 0.0171875