0 0.4987012987012987 0.5171875 0.9974025974025974 0.9640625
14 0.4987012987012987 0.16875 0.45714285714285713 0.0421875
16 0.4987012987012987 0.703125 0.8831168831168831 0.0703125
16 0.5012987012987012 0.796875 0.8831168831168831 0.0703125
15 0.5012987012987012 0.8703125 0.12987012987012986 0.03125
14 0.41818181818181815 0.9203125 0.08571428571428572 0.01875
14 0.5766233766233766 0.921875 0.09350649350649351 0.0203125
14 0.4961038961038961 0.921875 0.03116883116883117 0.0125
14 0.5012987012987012 0.9671875 0.4909090909090909 0.015625
18 0.4987012987012987 0.0171875 0.9974025974025974 0.034375
14 0.5012987012987012 0.703125 0.16363636363636364 0.0171875
14 0.4987012987012987 0.796875 0.11948051948051948 0.0171875
14 0.5012987012987012 0.871875 0.06493506493506493 0.0109375
7 0.13766233766233765 0.796875 0.05974025974025974 0.0296875
7 0.13766233766233765 0.703125 0.04935064935064935 0.0296875