0 0.4987012987012987 0.5171875 0.9974025974025974 0.9640625
5 0.5012987012987012 0.5265625 0.6441558441558441 0.034375
5 0.5012987012987012 0.596875 0.6441558441558441 0.0359375
14 0.2701298701298701 0.5890625 0.16623376623376623 0.01875
14 0.23636363636363636 0.51875 0.0987012987012987 0.01875
7 0.4987012987012987 0.19375 0.34545454545454546 0.0609375
14 0.4987012987012987 0.2703125 0.2 0.021875
16 0.4987012987012987 0.3203125 0.6467532467532467 0.053125
16 0.4987012987012987 0.3875 0.6493506493506493 0.053125
14 0.4987012987012987 0.4578125 0.03896103896103896 0.0171875
6 0.06753246753246753 0.5203125 0.04935064935064935 0.025
6 0.06753246753246753 0.590625 0.046753246753246755 0.0359375
14 0.4987012987012987 0.7578125 0.2675324675324675 0.021875
14 0.4987012987012987 0.79375 0.2077922077922078 0.021875
15 0.4987012987012987 0.6875 0.6493506493506493 0.053125
14 0.5012987012987012 0.8546875 0.2805194805194805 0.021875
14 0.4987012987012987 0.8875 0.16623376623376623 0.01875
18 0.4987012987012987 0.0171875 0.9974025974025974 0.034375
14 0.4987012987012987 0.6875 0.11948051948051948 0.0234375
14 0.5012987012987012 0.31875 0.17142857142857143 0.01875
14 0.4987012987012987 0.3890625 0.13246753246753246 0.025
6 0.22077922077922077 0.3890625 0.03116883116883117 0.0203125
7 0.22077922077922077 0.321875 0.05714285714285714 0.034375