12 0.4987012987012987 0.7625 0.07272727272727272 0.015625
15 0.4987012987012987 0.84375 0.8363636363636363 0.05
15 0.2805194805194805 0.9296875 0.4155844155844156 0.0515625
15 0.7194805194805195 0.9296875 0.4155844155844156 0.0515625
14 0.4987012987012987 0.065625 0.4597402597402597 0.015625
14 0.4935064935064935 0.6328125 0.36623376623376624 0.0515625
7 0.4987012987012987 0.384375 0.43896103896103894 0.2828125
18 0.4987012987012987 0.0171875 0.9974025974025974 0.034375
14 0.5012987012987012 0.8453125 0.12727272727272726 0.015625
14 0.2805194805194805 0.93125 0.1012987012987013 0.015625
14 0.7194805194805195 0.93125 0.23636363636363636 0.0140625