10 0.4987012987012987 0.5171875 0.8701298701298701 0.9171875
14 0.3948051948051948 0.1078125 0.5428571428571428 0.028125
9 0.37402597402597404 0.5234375 0.4987012987012987 0.7359375
3 0.3064935064935065 0.171875 0.35584415584415585 0.0296875
14 0.36103896103896105 0.1734375 0.24415584415584415 0.025
3 0.2675324675324675 0.240625 0.2805194805194805 0.0265625
14 0.3246753246753247 0.240625 0.16623376623376623 0.01875
3 0.35324675324675325 0.3109375 0.44935064935064933 0.0296875
14 0.4103896103896104 0.3140625 0.33506493506493507 0.025
3 0.36103896103896105 0.3828125 0.4675324675324675 0.0296875
14 0.41818181818181815 0.384375 0.35584415584415585 0.0265625
3 0.2805194805194805 0.4515625 0.3064935064935065 0.0265625
14 0.33766233766233766 0.4515625 0.19220779220779222 0.0203125
3 0.3038961038961039 0.521875 0.34805194805194806 0.0296875
14 0.35844155844155845 0.525 0.23636363636363636 0.025
3 0.2883116883116883 0.5921875 0.3168831168831169 0.0265625
14 0.34545454545454546 0.5921875 0.2051948051948052 0.0203125
3 0.2935064935064935 0.6609375 0.33246753246753247 0.0265625
14 0.35064935064935066 0.6625 0.21818181818181817 0.0203125
3 0.33506493506493507 0.7328125 0.412987012987013 0.0296875
14 0.3922077922077922 0.734375 0.2987012987012987 0.0265625
3 0.37142857142857144 0.803125 0.4831168831168831 0.0265625
14 0.42597402597402595 0.803125 0.36883116883116884 0.0203125
3 0.3064935064935065 0.871875 0.35324675324675325 0.0265625
14 0.36103896103896105 0.8734375 0.24155844155844156 0.0203125
14 0.8285714285714286 0.9359375 0.04155844155844156 0.015625
14 0.6571428571428571 0.9359375 0.12727272727272726 0.0140625
18 0.4987012987012987 0.0171875 0.9974025974025974 0.034375