10 0.5012987012987012 0.5171875 0.922077922077922 0.55625
17 0.5 0.0765625 1 0.08125
6 0.8233766233766234 0.0765625 0.04415584415584416 0.0265625
14 0.34805194805194806 0.0796875 0.2987012987012987 0.0296875
6 0.06753246753246753 0.0765625 0.046753246753246755 0.01875
6 0.9428571428571428 0.0765625 0.046753246753246755 0.01875
15 0.8285714285714286 0.175 0.24155844155844156 0.0421875
6 0.09090909090909091 0.1765625 0.08311688311688312 0.034375
14 0.41818181818181815 0.178125 0.42597402597402595 0.0375
6 0.13766233766233765 0.2890625 0.05714285714285714 0.0375
14 0.4831168831168831 0.2921875 0.5688311688311688 0.028125
14 0.4857142857142857 0.4015625 0.7272727272727273 0.06875
14 0.4779220779220779 0.4859375 0.7142857142857143 0.04375
3 0.612987012987013 0.5671875 0.17662337662337663 0.028125
3 0.22337662337662337 0.5671875 0.16623376623376623 0.0265625
14 0.2545454545454545 0.5671875 0.10649350649350649 0.0171875
14 0.6441558441558441 0.56875 0.10909090909090909 0.0203125
3 0.5974025974025974 0.625 0.14545454545454545 0.028125
3 0.2077922077922078 0.625 0.14025974025974025 0.028125
14 0.23896103896103896 0.6265625 0.07532467532467532 0.0140625
14 0.6285714285714286 0.628125 0.08051948051948052 0.01875
3 0.5948051948051948 0.684375 0.14025974025974025 0.028125
3 0.2025974025974026 0.684375 0.12727272727272726 0.0265625
14 0.23376623376623376 0.684375 0.06493506493506493 0.0171875
14 0.625974025974026 0.6875 0.07532467532467532 0.01875
14 0.6831168831168831 0.7546875 0.12727272727272726 0.0140625
14 0.8545454545454545 0.7546875 0.04155844155844156 0.015625
18 0.4987012987012987 0.0171875 0.9974025974025974 0.034375