0 0.4987012987012987 0.5171875 0.9974025974025974 0.9640625
14 0.4987012987012987 0.3453125 0.8779220779220779 0.0703125
7 0.4987012987012987 0.234375 0.4701298701298701 0.075
14 0.638961038961039 0.95 0.18961038961038962 0.0203125
14 0.36883116883116884 0.95 0.17662337662337663 0.0203125
16 0.4987012987012987 0.6953125 0.9038961038961039 0.0640625
16 0.4987012987012987 0.7921875 0.9038961038961039 0.0640625
18 0.4987012987012987 0.0171875 0.9974025974025974 0.034375
14 0.5506493506493506 0.6984375 0.33246753246753247 0.0203125
14 0.548051948051948 0.7953125 0.2909090909090909 0.01875
6 0.09610389610389611 0.6953125 0.023376623376623377 0.03125
7 0.09610389610389611 0.79375 0.04155844155844156 0.0265625