17 0.5012987012987012 0.075 0.9974025974025974 0.08125
9 0.5 0.559375 1 0.88125
14 0.3168831168831169 0.959375 0.16103896103896104 0.0203125
14 0.35844155844155845 0.91875 0.24155844155844156 0.0265625
7 0.11688311688311688 0.934375 0.16103896103896104 0.0953125
14 0.3090909090909091 0.8328125 0.13766233766233765 0.01875
14 0.35844155844155845 0.7890625 0.23376623376623376 0.025
7 0.11688311688311688 0.8078125 0.15844155844155844 0.0953125
14 0.3168831168831169 0.7078125 0.15844155844155844 0.0203125
14 0.3220779220779221 0.6640625 0.16623376623376623 0.021875
7 0.11688311688311688 0.6828125 0.16103896103896104 0.096875
14 0.3168831168831169 0.58125 0.15844155844155844 0.0203125
14 0.34545454545454546 0.5375 0.21298701298701297 0.0234375
14 0.3168831168831169 0.45625 0.15844155844155844 0.0203125
14 0.38961038961038963 0.415625 0.2987012987012987 0.028125
7 0.11688311688311688 0.43125 0.16103896103896104 0.096875
14 0.3090909090909091 0.3296875 0.13766233766233765 0.0203125
14 0.3038961038961039 0.2859375 0.12727272727272726 0.0234375
7 0.11688311688311688 0.3046875 0.16103896103896104 0.096875
14 0.3090909090909091 0.2046875 0.13766233766233765 0.0203125
14 0.34545454545454546 0.159375 0.21298701298701297 0.0234375
7 0.11688311688311688 0.1796875 0.16103896103896104 0.096875
14 0.2597402597402597 0.0796875 0.16363636363636364 0.028125
6 0.07012987012987013 0.0765625 0.03116883116883117 0.0296875
18 0.4987012987012987 0.0171875 0.9974025974025974 0.034375