0 0.4987012987012987 0.5171875 0.9974025974025974 0.9640625
7 0.4987012987012987 0.096875 0.7688311688311689 0.0765625
7 0.24155844155844156 0.39375 0.18441558441558442 0.178125
14 0.6077922077922078 0.3953125 0.37142857142857144 0.075
14 0.5012987012987012 0.95 0.5246753246753246 0.025
15 0.4987012987012987 0.6953125 0.8441558441558441 0.0875
15 0.2701298701298701 0.81875 0.38441558441558443 0.0890625
15 0.7298701298701299 0.81875 0.38441558441558443 0.0875
18 0.4987012987012987 0.0171875 0.9974025974025974 0.034375
14 0.5012987012987012 0.6953125 0.5194805194805194 0.0203125
14 0.2701298701298701 0.81875 0.16623376623376623 0.01875
14 0.7298701298701299 0.81875 0.12727272727272726 0.01875