4 0.34025974025974026 0.5171875 0.6805194805194805 0.9640625
14 0.4051948051948052 0.10625 0.3974025974025974 0.046875
7 0.10909090909090909 0.10625 0.14805194805194805 0.0890625
9 0.34025974025974026 0.5984375 0.6779220779220779 0.6828125
14 0.08831168831168831 0.2953125 0.10649350649350649 0.01875
14 0.18961038961038962 0.3734375 0.3038961038961039 0.0234375
14 0.16623376623376623 0.446875 0.2597402597402597 0.0203125
14 0.14805194805194805 0.5265625 0.22337662337662337 0.025
14 0.16363636363636364 0.6015625 0.2519480519480519 0.025
14 0.18701298701298702 0.678125 0.2987012987012987 0.0234375
14 0.12727272727272726 0.7515625 0.17402597402597403 0.0203125
14 0.2 0.8296875 0.32987012987012987 0.025
14 0.1012987012987013 0.90625 0.13246753246753246 0.021875
18 0.4987012987012987 0.0171875 0.9974025974025974 0.034375