4 0.38961038961038963 0.5171875 0.7766233766233767 0.9625
6 0.9454545454545454 0.0765625 0.012987012987012988 0.025
7 0.38961038961038963 0.128125 0.21298701298701297 0.128125
9 0.38961038961038963 0.5 0.7766233766233767 0.4984375
6 0.06753246753246753 0.2859375 0.046753246753246755 0.0265625
6 0.06753246753246753 0.35625 0.04415584415584416 0.025
6 0.06753246753246753 0.4265625 0.046753246753246755 0.021875
6 0.06753246753246753 0.496875 0.025974025974025976 0.028125
6 0.06753246753246753 0.5671875 0.04415584415584416 0.01875
6 0.06753246753246753 0.6375 0.04415584415584416 0.0234375
6 0.06753246753246753 0.7078125 0.04415584415584416 0.0234375
14 0.2545454545454545 0.7078125 0.15844155844155844 0.0171875
14 0.2597402597402597 0.640625 0.16883116883116883 0.0203125
14 0.22857142857142856 0.5703125 0.1038961038961039 0.0203125
14 0.24935064935064935 0.496875 0.14805194805194805 0.0171875
14 0.24415584415584415 0.4296875 0.13506493506493505 0.0203125
14 0.24415584415584415 0.3578125 0.13506493506493505 0.0171875
14 0.24935064935064935 0.2875 0.14805194805194805 0.0171875
18 0.4987012987012987 0.0171875 0.9974025974025974 0.034375