4 0.36623376623376624 0.5171875 0.7298701298701299 0.9640625
7 0.36363636363636365 0.159375 0.3194805194805195 0.190625
9 0.36623376623376624 0.4953125 0.7298701298701299 0.4
6 0.07012987012987013 0.315625 0.07532467532467532 0.0375
6 0.07012987012987013 0.3875 0.06753246753246753 0.0390625
6 0.07272727272727272 0.459375 0.07012987012987013 0.0375
6 0.07532467532467532 0.5296875 0.07012987012987013 0.0359375
6 0.07532467532467532 0.6 0.07012987012987013 0.0375
6 0.07272727272727272 0.671875 0.06493506493506493 0.0390625
6 0.6961038961038961 0.6703125 0.02077922077922078 0.021875
14 0.19480519480519481 0.6734375 0.1012987012987013 0.021875
14 0.21298701298701297 0.6015625 0.13506493506493505 0.0234375
14 0.23376623376623376 0.53125 0.17922077922077922 0.0234375
15 0.6571428571428571 0.6015625 0.14805194805194805 0.0359375
14 0.2987012987012987 0.4609375 0.3064935064935065 0.028125
14 0.21298701298701297 0.3890625 0.13506493506493505 0.021875
14 0.24155844155844156 0.3203125 0.19480519480519481 0.0296875
14 0.2545454545454545 0.978125 0.43896103896103894 0.01875
18 0.4987012987012987 0.0171875 0.9974025974025974 0.034375
14 0.6623376623376623 0.603125 0.08051948051948052 0.015625