4 0.34025974025974026 0.5171875 0.6779220779220779 0.9625
7 0.34025974025974026 0.1234375 0.6779220779220779 0.1765625
7 0.35064935064935066 0.1015625 0.3064935064935065 0.034375
9 0.34025974025974026 0.3640625 0.6805194805194805 0.303125
14 0.2909090909090909 0.259375 0.23376623376623376 0.01875
14 0.22077922077922077 0.328125 0.09350649350649351 0.01875
14 0.24675324675324675 0.4 0.14805194805194805 0.0171875
14 0.22597402597402597 0.471875 0.10909090909090909 0.0203125
9 0.34025974025974026 0.759375 0.6779220779220779 0.48125
14 0.23636363636363636 0.5671875 0.12207792207792208 0.021875
14 0.23896103896103896 0.6375 0.12987012987012986 0.021875
14 0.22597402597402597 0.70625 0.1012987012987013 0.01875
14 0.24935064935064935 0.7765625 0.15064935064935064 0.0234375
14 0.21818181818181817 0.846875 0.09350649350649351 0.01875
14 0.2883116883116883 0.915625 0.22597402597402597 0.01875
14 0.2623376623376623 0.9875 0.17662337662337663 0.021875
6 0.06753246753246753 0.984375 0.05454545454545454 0.028125
6 0.06753246753246753 0.9171875 0.05454545454545454 0.021875
6 0.06753246753246753 0.8453125 0.033766233766233764 0.0328125
6 0.06753246753246753 0.775 0.046753246753246755 0.028125
6 0.06753246753246753 0.7046875 0.04935064935064935 0.0328125
6 0.06753246753246753 0.6359375 0.04155844155844156 0.0328125
6 0.06753246753246753 0.565625 0.05454545454545454 0.0328125
6 0.06753246753246753 0.4703125 0.05454545454545454 0.0328125
6 0.06753246753246753 0.4 0.05454545454545454 0.0265625
6 0.06753246753246753 0.3296875 0.03636363636363636 0.0359375
6 0.06753246753246753 0.259375 0.05454545454545454 0.0328125
18 0.4987012987012987 0.0171875 0.9974025974025974 0.034375