10 0.5012987012987012 0.5171875 0.7012987012987013 0.44375
14 0.4987012987012987 0.80625 0.45194805194805193 0.0265625
6 0.6103896103896104 0.0765625 0.06753246753246753 0.0359375
6 0.7246753246753247 0.0765625 0.05974025974025974 0.0390625
6 0.8441558441558441 0.0765625 0.06233766233766234 0.0390625
6 0.7844155844155845 0.4171875 0.02077922077922078 0.00625
6 0.7818181818181819 0.4890625 0.023376623376623377 0.00625
6 0.7818181818181819 0.5609375 0.023376623376623377 0.00625
6 0.7844155844155845 0.634375 0.025974025974025976 0.0078125
14 0.5428571428571428 0.6328125 0.15324675324675324 0.01875
14 0.5454545454545454 0.5640625 0.16103896103896104 0.021875
14 0.5818181818181818 0.490625 0.23896103896103896 0.01875
14 0.509090909090909 0.4171875 0.08571428571428572 0.01875
15 0.5012987012987012 0.703125 0.6987012987012987 0.071875
14 0.22077922077922077 0.6328125 0.08831168831168831 0.0171875
14 0.22857142857142856 0.5640625 0.10649350649350649 0.0203125
14 0.22597402597402597 0.4890625 0.1012987012987013 0.01875
14 0.23116883116883116 0.4171875 0.11428571428571428 0.01875
14 0.3168831168831169 0.3390625 0.2779220779220779 0.0265625
6 0.7818181818181819 0.3375 0.06753246753246753 0.0390625
18 0.4987012987012987 0.0171875 0.9974025974025974 0.034375
14 0.5012987012987012 0.7046875 0.08831168831168831 0.015625