17 0.5 0.07578125 1 0.0828125
6 0.8441558441558441 0.0765625 0.05454545454545454 0.0359375
6 0.9454545454545454 0.075 0.01038961038961039 0.025
14 0.4675324675324675 0.078125 0.5792207792207792 0.0296875
6 0.06753246753246753 0.0765625 0.04155844155844156 0.025
10 0.4987012987012987 0.5171875 0.8727272727272727 0.7203125
14 0.2649350649350649 0.20625 0.2831168831168831 0.028125
9 0.33246753246753247 0.55 0.4155844155844156 0.5921875
3 0.23636363636363636 0.2703125 0.21818181818181817 0.0296875
14 0.2935064935064935 0.271875 0.1012987012987013 0.025
3 0.24675324675324675 0.3390625 0.23896103896103896 0.03125
14 0.3038961038961039 0.3421875 0.12467532467532468 0.0265625
3 0.2623376623376623 0.409375 0.2701298701298701 0.028125
14 0.3194805194805195 0.409375 0.15584415584415584 0.021875
3 0.2753246753246753 0.4796875 0.2961038961038961 0.0296875
14 0.32987012987012987 0.4796875 0.18181818181818182 0.021875
3 0.2727272727272727 0.55 0.2935064935064935 0.028125
14 0.33246753246753247 0.55 0.17922077922077922 0.0203125
3 0.24155844155844156 0.6203125 0.22857142857142856 0.0296875
14 0.2987012987012987 0.6234375 0.11428571428571428 0.025
3 0.2519480519480519 0.690625 0.2519480519480519 0.03125
14 0.3090909090909091 0.69375 0.13766233766233765 0.025
3 0.2519480519480519 0.7609375 0.2519480519480519 0.03125
14 0.3090909090909091 0.7640625 0.13506493506493505 0.025
3 0.22597402597402597 0.83125 0.19480519480519481 0.028125
14 0.2805194805194805 0.834375 0.08311688311688312 0.015625
14 0.09090909090909091 0.9265625 0.13246753246753246 0.0203125
14 0.15584415584415584 0.975 0.2675324675324675 0.01875
18 0.4987012987012987 0.0171875 0.9974025974025974 0.034375