17 0.4987012987012987 0.0765625 0.9974025974025974 0.08125
2 0.5012987012987012 0.75 0.9714285714285714 0.353125
2 0.4987012987012987 0.3421875 0.9714285714285714 0.4390625
14 0.2753246753246753 0.9046875 0.4675324675324675 0.021875
6 0.8779220779220779 0.50625 0.04935064935064935 0.0265625
14 0.34285714285714286 0.4546875 0.6 0.021875
7 0.4987012987012987 0.71875 0.9688311688311688 0.2921875
14 0.08571428571428572 0.5328125 0.08571428571428572 0.0140625
14 0.0987012987012987 0.503125 0.11428571428571428 0.0140625
7 0.4987012987012987 0.26875 0.9688311688311688 0.2921875
14 0.3116883116883117 0.0765625 0.2675324675324675 0.0234375
6 0.9402597402597402 0.0765625 0.033766233766233764 0.01875
6 0.06753246753246753 0.0765625 0.04155844155844156 0.0234375
18 0.4987012987012987 0.0171875 0.9974025974025974 0.034375