3 0.4444444444444444 0.871875 0.7444444444444445 0.0765625
14 0.2388888888888889 0.065625 0.3611111111111111 0.0203125
14 0.4444444444444444 0.1515625 0.775 0.05
14 0.20277777777777778 0.228125 0.26944444444444443 0.0203125
14 0.18333333333333332 0.2859375 0.23333333333333334 0.021875
14 0.175 0.3421875 0.22777777777777777 0.0171875
14 0.4722222222222222 0.390625 0.8277777777777777 0.0546875
14 0.4861111111111111 0.871875 0.6611111111111111 0.075
14 0.16666666666666666 0.965625 0.16111111111111112 0.0171875
14 0.8166666666666667 0.965625 0.10555555555555556 0.0171875
6 0.9138888888888889 0.965625 0.016666666666666666 0.0171875
18 0.4986111111111111 0.015625 0.9972222222222222 0.03125