18 0.5 0.0140625 0.9972222222222222 0.0265625
14 0.55 0.078125 0.2777777777777778 0.0328125
7 0.3472222222222222 0.0765625 0.08055555555555556 0.0453125
7 0.4305555555555556 0.3671875 0.8611111111111112 0.471875
14 0.5 0.64375 0.48333333333333334 0.025
14 0.49722222222222223 0.703125 0.5888888888888889 0.0546875
12 0.49444444444444446 0.759375 0.1 0.0125
15 0.2777777777777778 0.840625 0.4027777777777778 0.0671875
15 0.7194444444444444 0.8421875 0.4027777777777778 0.065625
14 0.46111111111111114 0.9234375 0.33611111111111114 0.021875
6 0.675 0.9203125 0.03888888888888889 0.021875
14 0.2777777777777778 0.8453125 0.10277777777777777 0.0203125
14 0.7222222222222222 0.8453125 0.13055555555555556 0.0203125