14 0.5 0.0734375 0.24722222222222223 0.0359375
14 0.5 0.228125 0.12777777777777777 0.0109375
14 0.8333333333333334 0.2265625 0.16111111111111112 0.0125
5 0.5388888888888889 0.3140625 0.8472222222222222 0.0375
14 0.2361111111111111 0.30625 0.2361111111111111 0.021875
5 0.5361111111111111 0.403125 0.8444444444444444 0.034375
14 0.19444444444444445 0.396875 0.15555555555555556 0.021875
5 0.5361111111111111 0.4921875 0.85 0.0359375
14 0.2222222222222222 0.4828125 0.21666666666666667 0.0203125
5 0.28888888888888886 0.5671875 0.34444444444444444 0.0609375
14 0.2 0.546875 0.16666666666666666 0.021875
5 0.7888888888888889 0.5671875 0.34444444444444444 0.0546875
14 0.6833333333333333 0.546875 0.13333333333333333 0.0140625
14 0.2222222222222222 0.578125 0.20833333333333334 0.0203125
14 0.7111111111111111 0.5765625 0.1638888888888889 0.0203125
14 0.09722222222222222 0.78125 0.12222222222222222 0.015625
14 0.12777777777777777 0.8171875 0.18333333333333332 0.0171875
14 0.16666666666666666 0.853125 0.2638888888888889 0.015625
14 0.09166666666666666 0.8875 0.1111111111111111 0.015625
14 0.06944444444444445 0.925 0.058333333333333334 0.0203125
14 0.12777777777777777 0.9609375 0.18055555555555555 0.01875
7 0.7305555555555555 0.8734375 0.041666666666666664 0.0234375
7 0.8222222222222222 0.8734375 0.041666666666666664 0.0234375
7 0.9166666666666666 0.8734375 0.044444444444444446 0.0203125
6 0.5666666666666667 0.571875 0.05 0.0296875
6 0.9416666666666667 0.571875 0.016666666666666666 0.0078125
6 0.06666666666666667 0.5734375 0.041666666666666664 0.0234375
6 0.06111111111111111 0.4828125 0.03611111111111111 0.0234375
6 0.06111111111111111 0.39375 0.041666666666666664 0.0203125
6 0.06111111111111111 0.30625 0.041666666666666664 0.0203125
11 0.5 0.1453125 1 0.059375
6 0.24444444444444444 0.14375 0.05277777777777778 0.028125
6 0.7527777777777778 0.14375 0.06111111111111111 0.0234375
6 0.9194444444444444 0.06875 0.05277777777777778 0.021875
15 0.16666666666666666 0.2265625 0.225 0.0359375
15 0.5 0.678125 0.9222222222222223 0.075
18 0.4986111111111111 0.015625 0.9972222222222222 0.03125
14 0.5 0.6796875 0.3277777777777778 0.01875
14 0.16666666666666666 0.228125 0.17222222222222222 0.0109375