4 0.3055555555555556 0.5484375 0.6083333333333333 0.9
9 0.3055555555555556 0.54375 0.6083333333333333 0.4796875
14 0.1527777777777778 0.75 0.2111111111111111 0.015625
14 0.21666666666666667 0.68125 0.33611111111111114 0.0203125
14 0.125 0.615625 0.1527777777777778 0.0234375
14 0.09444444444444444 0.546875 0.08611111111111111 0.025
14 0.13055555555555556 0.475 0.16111111111111112 0.01875
14 0.20555555555555555 0.3375 0.14166666666666666 0.01875
14 0.17222222222222222 0.40625 0.06944444444444445 0.01875
6 0.07777777777777778 0.40625 0.05 0.0203125
6 0.07777777777777778 0.3375 0.06111111111111111 0.015625
14 0.2361111111111111 0.25 0.37777777777777777 0.046875
15 0.38055555555555554 0.165625 0.325 0.0625
18 0.4986111111111111 0.015625 0.9972222222222222 0.03125
17 0.5 0.065625 1 0.0640625
6 0.9194444444444444 0.065625 0.05277777777777778 0.0296875
6 0.12222222222222222 0.165625 0.14722222222222223 0.0828125
6 0.058333333333333334 0.065625 0.04722222222222222 0.0203125
14 0.38055555555555554 0.1703125 0.28055555555555556 0.021875