5 0.5 0.265625 0.9027777777777778 0.0359375
5 0.5 0.184375 0.9027777777777778 0.034375
14 0.25555555555555554 0.178125 0.4083333333333333 0.021875
14 0.15555555555555556 0.259375 0.20833333333333334 0.021875
15 0.5 0.9015625 0.9027777777777778 0.0484375
14 0.7555555555555555 0.3375 0.3472222222222222 0.0171875
18 0.4986111111111111 0.015625 0.9972222222222222 0.03125
17 0.5 0.071875 1 0.0765625
6 0.06666666666666667 0.071875 0.03888888888888889 0.021875
14 0.24166666666666667 0.075 0.13055555555555556 0.0265625
14 0.5 0.9015625 0.13333333333333333 0.015625