14 0.2972222222222222 0.0734375 0.2388888888888889 0.0203125
14 0.5 0.140625 0.15833333333333333 0.021875
14 0.12222222222222222 0.321875 0.17777777777777778 0.0234375
14 0.3888888888888889 0.321875 0.19166666666666668 0.0234375
14 0.6555555555555556 0.31875 0.10555555555555556 0.0203125
14 0.9166666666666666 0.31875 0.16111111111111112 0.0203125
14 0.5 0.409375 0.16111111111111112 0.021875
14 0.12222222222222222 0.5875 0.08611111111111111 0.01875
14 0.3888888888888889 0.5875 0.1361111111111111 0.0203125
14 0.6555555555555556 0.5875 0.14444444444444443 0.0203125
14 0.9138888888888889 0.5875 0.16666666666666666 0.0203125
14 0.12222222222222222 0.8578125 0.12777777777777777 0.01875
14 0.3888888888888889 0.8578125 0.125 0.0203125
14 0.6555555555555556 0.85625 0.07222222222222222 0.0203125
14 0.9055555555555556 0.8578125 0.18611111111111112 0.01875
15 0.5 0.965625 0.9972222222222222 0.06875
14 0.49444444444444446 0.678125 0.1361111111111111 0.021875
6 0.06666666666666667 0.06875 0.05 0.0203125
6 0.9305555555555556 0.0703125 0.05555555555555555 0.0296875
7 0.12222222222222222 0.228125 0.24166666666666667 0.1359375
7 0.3888888888888889 0.228125 0.24166666666666667 0.1359375
7 0.6555555555555556 0.228125 0.24166666666666667 0.1359375
7 0.9 0.228125 0.19444444444444445 0.1359375
7 0.12222222222222222 0.496875 0.24166666666666667 0.1375
7 0.3888888888888889 0.496875 0.24444444444444444 0.1375
7 0.6555555555555556 0.496875 0.24166666666666667 0.1375
7 0.9 0.496875 0.19444444444444445 0.1375
7 0.12222222222222222 0.765625 0.24166666666666667 0.1359375
7 0.3888888888888889 0.765625 0.24444444444444444 0.1359375
7 0.6555555555555556 0.765625 0.24166666666666667 0.1359375
7 0.9 0.765625 0.19444444444444445 0.1359375
18 0.4986111111111111 0.015625 0.9972222222222222 0.03125
14 0.5 0.96875 0.37777777777777777 0.0296875