14 0.28888888888888886 0.9375 0.3111111111111111 0.021875
14 0.725 0.9359375 0.2777777777777778 0.021875
14 0.5 0.3390625 0.7361111111111112 0.059375
14 0.49722222222222223 0.25625 0.6583333333333333 0.0234375
16 0.5 0.8734375 0.7305555555555555 0.065625
16 0.5 0.7875 0.725 0.0640625
12 0.5 0.7125 0.3277777777777778 0.021875
7 0.8416666666666667 0.125 0.2777777777777778 0.1546875
7 0.17222222222222222 0.4640625 0.225 0.1515625
18 0.4986111111111111 0.015625 0.9972222222222222 0.03125
14 0.5416666666666666 0.790625 0.41944444444444445 0.0265625
14 0.525 0.8765625 0.3888888888888889 0.025
7 0.19444444444444445 0.8734375 0.041666666666666664 0.0234375
6 0.19444444444444445 0.7875 0.025 0.0296875