5 0.5 0.2171875 0.9222222222222223 0.078125
14 0.4722222222222222 0.2203125 0.5888888888888889 0.0234375
14 0.3972222222222222 0.1140625 0.6805555555555556 0.0796875
14 0.3416666666666667 0.33125 0.5638888888888889 0.028125
6 0.10833333333333334 0.2171875 0.044444444444444446 0.025
16 0.19722222222222222 0.4484375 0.28055555555555556 0.1359375
14 0.2 0.471875 0.14444444444444443 0.0359375
16 0.5 0.4484375 0.28055555555555556 0.1359375
14 0.5 0.471875 0.1638888888888889 0.0359375
16 0.8 0.4484375 0.2833333333333333 0.1359375
14 0.8 0.475 0.15833333333333333 0.0390625
16 0.2 0.5953125 0.2833333333333333 0.1359375
14 0.2 0.628125 0.16944444444444445 0.0359375
16 0.5 0.596875 0.28055555555555556 0.1359375
14 0.5 0.628125 0.18611111111111112 0.0359375
16 0.8 0.596875 0.2833333333333333 0.1359375
14 0.8 0.628125 0.16111111111111112 0.0359375
14 0.3611111111111111 0.728125 0.6055555555555555 0.0203125
16 0.2 0.8484375 0.2833333333333333 0.1375
14 0.19722222222222222 0.878125 0.17777777777777778 0.0359375
16 0.5 0.8484375 0.2833333333333333 0.1359375
14 0.5 0.878125 0.13055555555555556 0.0359375
16 0.8 0.8484375 0.2833333333333333 0.1359375
14 0.8 0.878125 0.20277777777777778 0.0359375
1 0.5 0.9609375 1 0.0765625
16 0.125 0.965625 0.07777777777777778 0.0515625
14 0.125 0.984375 0.07777777777777778 0.0125
16 0.375 0.965625 0.16944444444444445 0.05
14 0.375 0.984375 0.17222222222222222 0.0109375
16 0.625 0.9671875 0.10555555555555556 0.0515625
14 0.625 0.9859375 0.10833333333333334 0.015625
16 0.875 0.965625 0.14444444444444443 0.05
14 0.875 0.984375 0.14444444444444443 0.0125
6 0.125 0.9546875 0.05555555555555555 0.0296875
6 0.375 0.9546875 0.05555555555555555 0.028125
6 0.625 0.9546875 0.05277777777777778 0.0265625
6 0.8722222222222222 0.9546875 0.05555555555555555 0.03125
7 0.8 0.8171875 0.06944444444444445 0.0359375
7 0.5 0.8171875 0.06666666666666667 0.03125
7 0.2 0.8171875 0.07222222222222222 0.0296875
7 0.2 0.565625 0.06388888888888888 0.0375
7 0.5 0.565625 0.06666666666666667 0.0375
7 0.8 0.565625 0.06666666666666667 0.0375
7 0.2 0.4125 0.075 0.0390625
7 0.5 0.4125 0.05 0.0390625
7 0.8 0.4109375 0.07222222222222222 0.025
18 0.4986111111111111 0.015625 0.9972222222222222 0.03125