0 0.5 0.515625 0.9972222222222222 0.965625
14 0.5 0.3828125 0.2388888888888889 0.040625
14 0.5 0.3265625 0.37222222222222223 0.03125
14 0.5 0.475 0.6555555555555556 0.0484375
15 0.5 0.946875 0.9222222222222223 0.0625
15 0.5 0.8078125 0.9194444444444444 0.0625
16 0.5 0.734375 0.9222222222222223 0.0625
14 0.5 0.878125 0.05277777777777778 0.01875
6 0.06666666666666667 0.071875 0.03611111111111111 0.0203125
12 0.5 0.421875 0.23333333333333334 0.021875
18 0.4986111111111111 0.015625 0.9972222222222222 0.03125
14 0.525 0.7390625 0.5 0.0265625
14 0.5 0.8109375 0.14722222222222223 0.028125
14 0.5 0.9484375 0.35833333333333334 0.0203125
6 0.10277777777777777 0.7359375 0.025 0.028125