18 0.4986111111111111 0.015625 0.9972222222222222 0.03125
4 0.3888888888888889 0.515625 0.775 0.965625
14 0.21666666666666667 0.090625 0.09722222222222222 0.015625
14 0.3111111111111111 0.11875 0.2833333333333333 0.0171875
9 0.3888888888888889 0.303125 0.775 0.20625
14 0.21388888888888888 0.23125 0.09166666666666666 0.015625
14 0.24722222222222223 0.29375 0.1638888888888889 0.015625
14 0.21944444444444444 0.359375 0.10277777777777777 0.0203125
9 0.3888888888888889 0.575 0.775 0.3328125
14 0.25833333333333336 0.453125 0.17222222222222222 0.0203125
14 0.21388888888888888 0.515625 0.09444444444444444 0.0171875
14 0.30277777777777776 0.578125 0.275 0.0171875
14 0.2722222222222222 0.64375 0.21388888888888888 0.0203125
14 0.22777777777777777 0.70625 0.125 0.01875
6 0.08611111111111111 0.10625 0.09444444444444444 0.053125
6 0.06666666666666667 0.23125 0.04722222222222222 0.0265625
6 0.06666666666666667 0.29375 0.04722222222222222 0.0265625
6 0.06666666666666667 0.3578125 0.04722222222222222 0.0265625
6 0.06666666666666667 0.4515625 0.05555555555555555 0.028125
6 0.06666666666666667 0.515625 0.04722222222222222 0.028125
6 0.06666666666666667 0.578125 0.041666666666666664 0.0265625
6 0.06666666666666667 0.6421875 0.03611111111111111 0.0265625
6 0.06666666666666667 0.70625 0.04722222222222222 0.0265625