5 0.5 0.4375 0.9222222222222223 0.0546875
5 0.5 0.36875 0.9222222222222223 0.0546875
14 0.1361111111111111 0.4375 0.14166666666666666 0.0140625
14 0.10277777777777777 0.36875 0.07777777777777778 0.0140625
7 0.5 0.128125 0.3194444444444444 0.034375
14 0.49722222222222223 0.1734375 0.3277777777777778 0.01875
14 0.49722222222222223 0.30625 0.11666666666666667 0.01875
14 0.8388888888888889 0.490625 0.2388888888888889 0.015625
14 0.5 0.60625 0.03333333333333333 0.0125
15 0.5 0.725 0.9222222222222223 0.0546875
14 0.49722222222222223 0.959375 0.6888888888888889 0.0328125
16 0.2638888888888889 0.659375 0.4527777777777778 0.0546875
16 0.7361111111111112 0.659375 0.4527777777777778 0.0546875
15 0.5 0.5515625 0.9222222222222223 0.0546875
18 0.4986111111111111 0.015625 0.9972222222222222 0.03125
14 0.5 0.553125 0.12222222222222222 0.0203125
14 0.2916666666666667 0.659375 0.16666666666666666 0.015625
7 0.09166666666666666 0.659375 0.05 0.028125
14 0.7638888888888888 0.6625 0.11944444444444445 0.01875
7 0.5666666666666667 0.659375 0.041666666666666664 0.025
14 0.5027777777777778 0.725 0.4027777777777778 0.015625