5 0.5 0.28125 0.9083333333333333 0.0296875
5 0.5 0.3671875 0.9111111111111111 0.0296875
14 0.1638888888888889 0.3609375 0.20555555555555555 0.01875
14 0.11666666666666667 0.2765625 0.11388888888888889 0.0203125
17 0.5 0.071875 1 0.075
14 0.30833333333333335 0.0703125 0.3194444444444444 0.021875
14 0.5 0.184375 0.8722222222222222 0.03125
14 0.5 0.453125 0.5638888888888889 0.0265625
14 0.5 0.5296875 0.6583333333333333 0.028125
15 0.5 0.95625 0.9972222222222222 0.0875
6 0.06666666666666667 0.0703125 0.041666666666666664 0.021875
18 0.4986111111111111 0.015625 0.9972222222222222 0.03125
14 0.5 0.959375 0.16111111111111112 0.0296875