5 0.5 0.3046875 0.8444444444444444 0.040625
5 0.5 0.1875 0.8472222222222222 0.0421875
14 0.17777777777777778 0.2921875 0.19166666666666668 0.0171875
14 0.21666666666666667 0.1765625 0.2722222222222222 0.0171875
17 0.5 0.0703125 1 0.075
14 0.4222222222222222 0.075 0.49444444444444446 0.028125
14 0.5 0.490625 0.3 0.0171875
15 0.5 0.41875 0.925 0.0765625
6 0.06666666666666667 0.071875 0.044444444444444446 0.025
18 0.4986111111111111 0.015625 0.9972222222222222 0.03125
14 0.5 0.41875 0.16944444444444445 0.0203125