0 0.5 0.55625 0.9972222222222222 0.8859375
17 0.5 0.071875 1 0.0796875
14 0.2722222222222222 0.071875 0.26666666666666666 0.021875
14 0.49722222222222223 0.2125 0.49722222222222223 0.0203125
14 0.5 0.303125 0.5638888888888889 0.0828125
14 0.49722222222222223 0.809375 0.5805555555555556 0.0546875
6 0.06666666666666667 0.071875 0.03888888888888889 0.0234375
6 0.9388888888888889 0.0703125 0.05 0.028125
8 0.8916666666666667 0.940625 0.1361111111111111 0.078125
18 0.4986111111111111 0.015625 0.9972222222222222 0.03125
6 0.8944444444444445 0.9390625 0.058333333333333334 0.0328125