18 0.5 0.0125 0.9972222222222222 0.025
17 0.5 0.0671875 1 0.0828125
6 0.06666666666666667 0.0703125 0.03888888888888889 0.021875
14 0.26944444444444443 0.071875 0.18888888888888888 0.025
9 0.5 0.7015625 1 0.4390625
14 0.15555555555555556 0.9015625 0.23055555555555557 0.01875
14 0.17222222222222222 0.825 0.26666666666666666 0.0203125
14 0.17222222222222222 0.75 0.2638888888888889 0.01875
14 0.13055555555555556 0.6734375 0.18055555555555555 0.01875
14 0.19166666666666668 0.596875 0.3055555555555556 0.0203125
14 0.14722222222222223 0.51875 0.21388888888888888 0.01875
7 0.5 0.2953125 0.9972222222222222 0.371875
1 0.5 0.9625 1 0.075
6 0.1 0.9609375 0.044444444444444446 0.0234375
6 0.3 0.959375 0.041666666666666664 0.0234375
6 0.5 0.959375 0.05 0.025
6 0.6972222222222222 0.9609375 0.04722222222222222 0.028125
6 0.9 0.9609375 0.05 0.028125