6 0.9444444444444444 0.071875 0.013888888888888888 0.028125
14 0.5 0.846875 0.35555555555555557 0.01875
14 0.5 0.940625 0.8722222222222222 0.0484375
14 0.5 0.4515625 0.8805555555555555 0.215625
7 0.1388888888888889 0.1796875 0.18888888888888888 0.1046875
16 0.5 0.678125 0.8833333333333333 0.071875
16 0.5 0.765625 0.8833333333333333 0.071875
18 0.4986111111111111 0.015625 0.9972222222222222 0.03125
14 0.5 0.68125 0.46944444444444444 0.0265625
14 0.5027777777777778 0.765625 0.5277777777777778 0.0203125
7 0.11388888888888889 0.765625 0.058333333333333334 0.0328125
7 0.1111111111111111 0.678125 0.058333333333333334 0.0328125