5 0.5 0.5 0.9222222222222223 0.0546875
5 0.5 0.434375 0.9222222222222223 0.0546875
5 0.2638888888888889 0.36875 0.45 0.0546875
5 0.7333333333333333 0.36875 0.45 0.0546875
14 0.14166666666666666 0.5 0.1527777777777778 0.0140625
14 0.18055555555555555 0.434375 0.23055555555555557 0.0140625
14 0.6222222222222222 0.36875 0.16944444444444445 0.0140625
14 0.15 0.36875 0.175 0.015625
14 0.5 0.146875 0.11666666666666667 0.0484375
14 0.5 0.1984375 0.26666666666666666 0.01875
14 0.5 0.30625 0.1388888888888889 0.0203125
14 0.5 0.621875 0.33055555555555555 0.0203125
14 0.49444444444444446 0.9578125 0.8277777777777777 0.0359375
15 0.5 0.740625 0.9222222222222223 0.05625
16 0.2611111111111111 0.675 0.44166666666666665 0.0546875
16 0.7194444444444444 0.675 0.44166666666666665 0.0546875
15 0.5 0.565625 0.9222222222222223 0.0546875
7 0.49722222222222223 0.1 0.10833333333333334 0.0296875
18 0.4986111111111111 0.015625 0.9972222222222222 0.03125
14 0.5027777777777778 0.5671875 0.35833333333333334 0.0171875
14 0.2861111111111111 0.675 0.16944444444444445 0.015625
14 0.75 0.678125 0.11944444444444445 0.0203125
7 0.5583333333333333 0.675 0.041666666666666664 0.025
7 0.09166666666666666 0.675 0.05 0.028125
14 0.5 0.7421875 0.42777777777777776 0.01875