14 0.1527777777777778 0.3125 0.23055555555555557 0.046875
14 0.7111111111111111 0.440625 0.38333333333333336 0.046875
14 0.18611111111111112 0.78125 0.29444444444444445 0.046875
14 0.5972222222222222 0.865625 0.15555555555555556 0.046875
7 0.2611111111111111 0.8859375 0.44166666666666665 0.071875
7 0.7388888888888889 0.665625 0.44166666666666665 0.3109375
7 0.2611111111111111 0.559375 0.44166666666666665 0.3546875
7 0.7388888888888889 0.2296875 0.44166666666666665 0.33125
7 0.25833333333333336 0.1296875 0.37222222222222223 0.190625
18 0.5 0.0125 0.9972222222222222 0.025
1 0.5 0.9625 1 0.075
6 0.1 0.9609375 0.044444444444444446 0.0234375
6 0.3 0.959375 0.041666666666666664 0.0234375
6 0.5 0.959375 0.05 0.025
6 0.6944444444444444 0.9609375 0.05 0.028125
6 0.9 0.9609375 0.05 0.028125