17 0.5 0.071875 1 0.075
14 0.9222222222222223 0.071875 0.11388888888888889 0.015625
2 0.5 0.215625 0.9527777777777777 0.1953125
14 0.6388888888888888 0.1484375 0.16666666666666666 0.021875
14 0.7222222222222222 0.196875 0.4083333333333333 0.0421875
14 0.8555555555555555 0.2765625 0.1638888888888889 0.0203125
2 0.5 0.4234375 0.9527777777777777 0.19375
14 0.6388888888888888 0.353125 0.16944444444444445 0.0234375
14 0.7277777777777777 0.40625 0.4111111111111111 0.046875
14 0.8527777777777777 0.4828125 0.1638888888888889 0.01875
2 0.5 0.628125 0.9527777777777777 0.19375
14 0.6083333333333333 0.559375 0.10277777777777777 0.0234375
14 0.6944444444444444 0.609375 0.3527777777777778 0.0421875
14 0.8416666666666667 0.6890625 0.18333333333333332 0.0203125
2 0.5 0.8359375 0.9527777777777777 0.19375
14 0.6388888888888888 0.765625 0.14722222222222223 0.0234375
14 0.725 0.81875 0.4083333333333333 0.046875
14 0.8444444444444444 0.8953125 0.18611111111111112 0.021875
14 0.6277777777777778 0.971875 0.14722222222222223 0.0234375
7 0.25277777777777777 0.971875 0.45555555555555555 0.0546875
7 0.25277777777777777 0.834375 0.45555555555555555 0.1921875
7 0.25277777777777777 0.628125 0.45555555555555555 0.1921875
7 0.25277777777777777 0.421875 0.45555555555555555 0.1921875
7 0.25277777777777777 0.215625 0.45555555555555555 0.1921875
6 0.06944444444444445 0.0703125 0.03888888888888889 0.021875
6 0.7861111111111111 0.071875 0.044444444444444446 0.025
6 0.5305555555555556 0.146875 0.025 0.0140625
6 0.9111111111111111 0.146875 0.05 0.0265625
6 0.9111111111111111 0.353125 0.05 0.025
6 0.5333333333333333 0.353125 0.025 0.0140625
6 0.9111111111111111 0.559375 0.05 0.025
6 0.5333333333333333 0.559375 0.025 0.0140625
6 0.5361111111111111 0.7640625 0.030555555555555555 0.015625
6 0.9111111111111111 0.765625 0.05 0.0265625
6 0.9111111111111111 0.971875 0.05 0.0265625
6 0.5305555555555556 0.971875 0.025 0.0140625
18 0.4986111111111111 0.015625 0.9972222222222222 0.03125