0 0.5 0.55625 0.9972222222222222 0.884375
17 0.5 0.0734375 1 0.0796875
6 0.06666666666666667 0.06875 0.05 0.0203125
7 0.3277777777777778 0.0734375 0.28055555555555556 0.0453125
6 0.9194444444444444 0.0703125 0.03888888888888889 0.0296875
16 0.19722222222222222 0.8375 0.14722222222222223 0.1234375
14 0.2 0.8875 0.13055555555555556 0.025
16 0.3972222222222222 0.8359375 0.15 0.11875
14 0.4 0.884375 0.12222222222222222 0.0203125
16 0.5972222222222222 0.8359375 0.14722222222222223 0.11875
14 0.6 0.884375 0.08611111111111111 0.0203125
16 0.8 0.8375 0.16666666666666666 0.1234375
14 0.8 0.8875 0.16666666666666666 0.025
14 0.5388888888888889 0.9640625 0.4027777777777778 0.0203125
7 0.28888888888888886 0.9640625 0.04722222222222222 0.03125
7 0.19722222222222222 0.81875 0.14722222222222223 0.084375
7 0.3972222222222222 0.81875 0.15 0.0828125
7 0.5972222222222222 0.81875 0.14722222222222223 0.0828125
7 0.7972222222222223 0.81875 0.14722222222222223 0.0828125
18 0.4986111111111111 0.015625 0.9972222222222222 0.03125