14 0.5194444444444445 0.66875 0.375 0.0234375
14 0.1 0.490625 0.06388888888888888 0.0234375
14 0.10277777777777777 0.4484375 0.075 0.015625
1 0.5 0.9671875 1 0.0640625
6 0.1 0.9671875 0.05 0.028125
6 0.3 0.965625 0.05 0.028125
6 0.5 0.965625 0.05 0.025
6 0.7 0.9671875 0.041666666666666664 0.028125
6 0.9 0.9671875 0.011111111111111112 0.021875
6 0.9416666666666667 0.784375 0.05 0.025
14 0.5888888888888889 0.8796875 0.5194444444444445 0.0734375
14 0.55 0.734375 0.44166666666666665 0.0609375
7 0.16111111111111112 0.884375 0.24444444444444444 0.0984375
7 0.16111111111111112 0.715625 0.24444444444444444 0.0890625
14 0.4027777777777778 0.559375 0.475 0.05625
14 0.5 0.4765625 0.6694444444444444 0.0703125
7 0.5 0.265625 0.9222222222222223 0.259375
8 0.7361111111111112 0.396875 0.11944444444444445 0.0671875
8 0.8666666666666667 0.396875 0.11666666666666667 0.0671875
14 0.30833333333333335 0.08125 0.5333333333333333 0.0265625
18 0.4986111111111111 0.015625 0.9972222222222222 0.03125
6 0.7388888888888889 0.3953125 0.04722222222222222 0.0234375
6 0.8694444444444445 0.396875 0.05 0.0234375