14 0.28888888888888886 0.9828125 0.5055555555555555 0.0328125
7 0.5 0.26875 0.9972222222222222 0.4703125
6 0.05 0.825 0.030555555555555555 0.0234375
6 0.05 0.884375 0.03333333333333333 0.01875
6 0.31666666666666665 0.884375 0.022222222222222223 0.0078125
14 0.19166666666666668 0.884375 0.20555555555555555 0.0203125
14 0.46944444444444444 0.821875 0.7666666666666667 0.04375
14 0.14166666666666666 0.75625 0.20555555555555555 0.015625
14 0.48333333333333334 0.6734375 0.8944444444444445 0.0984375
6 0.6222222222222222 0.575 0.058333333333333334 0.034375
6 0.8638888888888889 0.5765625 0.05555555555555555 0.03125
14 0.9305555555555556 0.58125 0.05 0.015625
14 0.7222222222222222 0.578125 0.11388888888888889 0.0171875
15 0.14166666666666666 0.5796875 0.2111111111111111 0.04375
6 0.8472222222222222 0.5328125 0.21388888888888888 0.0203125
6 0.9166666666666666 0.4578125 0.06944444444444445 0.034375
14 0.3055555555555556 0.4375 0.5222222222222223 0.096875
6 0.06111111111111111 0.0703125 0.05 0.025
6 0.9388888888888889 0.0703125 0.05555555555555555 0.0265625
18 0.4986111111111111 0.015625 0.9972222222222222 0.03125
14 0.14166666666666666 0.5796875 0.11388888888888889 0.0140625