14 0.1 0.08125 0.08055555555555556 0.0171875
14 0.5 0.146875 0.6694444444444444 0.0328125
14 0.37777777777777777 0.26875 0.13055555555555556 0.025
14 0.5444444444444444 0.3265625 0.4666666666666667 0.0546875
14 0.37222222222222223 0.409375 0.12222222222222222 0.0203125
14 0.5638888888888889 0.46875 0.5138888888888888 0.0515625
14 0.35555555555555557 0.5546875 0.08611111111111111 0.01875
14 0.5638888888888889 0.615625 0.5055555555555555 0.0546875
14 0.8444444444444444 0.95 0.09444444444444444 0.0171875
6 0.9194444444444444 0.95 0.025 0.021875
12 0.5 0.9515625 0.14722222222222223 0.009375
7 0.175 0.58125 0.11666666666666667 0.028125
7 0.17222222222222222 0.4375 0.11388888888888889 0.05
7 0.175 0.29375 0.11944444444444445 0.0328125
18 0.4986111111111111 0.015625 0.9972222222222222 0.03125