5 0.5 0.2953125 0.9222222222222223 0.03125
5 0.5 0.2390625 0.9222222222222223 0.03125
14 0.18611111111111112 0.234375 0.28888888888888886 0.0203125
17 0.5 0.071875 1 0.075
14 0.12222222222222222 0.071875 0.1638888888888889 0.03125
11 0.5 0.14375 1 0.06875
14 0.24166666666666667 0.14375 0.125 0.0171875
14 0.7416666666666667 0.14375 0.1638888888888889 0.0171875
14 0.18611111111111112 0.346875 0.2916666666666667 0.0171875
14 0.3472222222222222 0.4046875 0.6166666666666667 0.021875
14 0.2972222222222222 0.4375 0.4444444444444444 0.01875
14 0.3111111111111111 0.46875 0.4722222222222222 0.01875
14 0.2361111111111111 0.4984375 0.3194444444444444 0.01875
14 0.2972222222222222 0.528125 0.44166666666666665 0.01875
14 0.8527777777777777 0.459375 0.2 0.04375
14 0.8166666666666667 0.525 0.2638888888888889 0.0171875
15 0.5 0.9421875 0.9472222222222222 0.078125
7 0.7166666666666667 0.4578125 0.05277777777777778 0.046875
6 0.05277777777777778 0.43125 0.025 0.0140625
6 0.05 0.4625 0.025 0.0140625
6 0.05277777777777778 0.4921875 0.025 0.0140625
6 0.05277777777777778 0.521875 0.025 0.0140625
6 0.9388888888888889 0.071875 0.03611111111111111 0.0203125
18 0.4986111111111111 0.015625 0.9972222222222222 0.03125
14 0.14444444444444443 0.290625 0.20277777777777778 0.01875
14 0.49722222222222223 0.9453125 0.20555555555555555 0.0375