17 0.5 0.071875 1 0.0765625
14 0.9222222222222223 0.0703125 0.11388888888888889 0.015625
9 0.5 0.5546875 1 0.8890625
2 0.5 0.2140625 0.95 0.1921875
14 0.6277777777777778 0.1453125 0.14722222222222223 0.021875
14 0.7138888888888889 0.196875 0.39166666666666666 0.0421875
14 0.85 0.275 0.1638888888888889 0.0171875
2 0.5 0.421875 0.9527777777777777 0.19375
14 0.6277777777777778 0.3515625 0.14722222222222223 0.021875
14 0.725 0.4046875 0.41388888888888886 0.0453125
14 0.85 0.48125 0.16666666666666666 0.0171875
2 0.5 0.628125 0.95 0.19375
14 0.6166666666666667 0.5578125 0.10277777777777777 0.0234375
14 0.7027777777777777 0.609375 0.36666666666666664 0.046875
14 0.8444444444444444 0.6875 0.18333333333333332 0.0203125
2 0.5 0.8328125 0.9527777777777777 0.19375
14 0.6277777777777778 0.7640625 0.14444444444444443 0.021875
14 0.7 0.8140625 0.3638888888888889 0.0421875
14 0.8527777777777777 0.89375 0.1638888888888889 0.0203125
14 0.6277777777777778 0.9703125 0.14444444444444443 0.021875
7 0.25277777777777777 0.971875 0.45555555555555555 0.05625
7 0.25277777777777777 0.8328125 0.45555555555555555 0.1921875
7 0.25277777777777777 0.6265625 0.45555555555555555 0.1921875
7 0.25277777777777777 0.4203125 0.45555555555555555 0.1921875
7 0.25277777777777777 0.215625 0.45555555555555555 0.1921875
6 0.06666666666666667 0.0703125 0.03888888888888889 0.021875
6 0.7861111111111111 0.0703125 0.044444444444444446 0.025
6 0.9111111111111111 0.1453125 0.05 0.025
6 0.5305555555555556 0.1453125 0.025 0.0140625
6 0.5333333333333333 0.3515625 0.025 0.0125
6 0.9111111111111111 0.3515625 0.05 0.025
6 0.5361111111111111 0.55625 0.027777777777777776 0.015625
6 0.9111111111111111 0.5578125 0.05 0.025
6 0.9083333333333333 0.7625 0.05 0.0234375
6 0.5305555555555556 0.7625 0.025 0.0140625
6 0.9111111111111111 0.9703125 0.05 0.025
6 0.5305555555555556 0.96875 0.025 0.0140625
18 0.4986111111111111 0.015625 0.9972222222222222 0.03125