14 0.9 0.059375 0.14444444444444443 0.0125
14 0.5 0.1828125 0.5694444444444444 0.0203125
14 0.5 0.225 0.6083333333333333 0.0203125
14 0.6166666666666667 0.5421875 0.13055555555555556 0.01875
14 0.13333333333333333 0.5421875 0.13055555555555556 0.01875
14 0.6194444444444445 0.8296875 0.13055555555555556 0.01875
14 0.1388888888888889 0.8296875 0.14444444444444443 0.01875
7 0.25277777777777777 0.9359375 0.38055555555555554 0.1265625
7 0.7416666666666667 0.9375 0.38055555555555554 0.125
7 0.7416666666666667 0.69375 0.38333333333333336 0.2171875
7 0.25555555555555554 0.69375 0.38333333333333336 0.2171875
7 0.7416666666666667 0.4078125 0.37777777777777777 0.2125
7 0.25555555555555554 0.4078125 0.37777777777777777 0.2140625
7 0.49722222222222223 0.10625 0.175 0.0671875
15 0.36666666666666664 0.5421875 0.15833333333333333 0.0296875
15 0.8527777777777777 0.5421875 0.15833333333333333 0.0296875
15 0.36666666666666664 0.8296875 0.15833333333333333 0.0296875
15 0.8527777777777777 0.8296875 0.15833333333333333 0.0296875
18 0.4986111111111111 0.015625 0.9972222222222222 0.03125
14 0.36666666666666664 0.5421875 0.07222222222222222 0.0125
14 0.8527777777777777 0.5421875 0.07222222222222222 0.0125
14 0.8527777777777777 0.828125 0.07222222222222222 0.0125
14 0.36666666666666664 0.828125 0.07222222222222222 0.0109375