4 0.7 0.515625 0.6 0.9671875
14 0.6 0.0671875 0.19722222222222222 0.015625
9 0.7 0.23125 0.5972222222222222 0.265625
14 0.4888888888888889 0.13125 0.10277777777777777 0.0140625
14 0.5388888888888889 0.196875 0.19444444444444445 0.0140625
14 0.6138888888888889 0.2625 0.3527777777777778 0.0140625
14 0.5055555555555555 0.328125 0.13333333333333333 0.0140625
9 0.7 0.496875 0.5972222222222222 0.265625
14 0.49722222222222223 0.396875 0.11388888888888889 0.0140625
14 0.49444444444444446 0.4625 0.10833333333333334 0.0140625
14 0.475 0.528125 0.07222222222222222 0.0140625
14 0.5 0.59375 0.11944444444444445 0.0140625
14 0.5222222222222223 0.6625 0.05555555555555555 0.0140625
14 0.5888888888888889 0.728125 0.20833333333333334 0.0140625
6 0.45555555555555555 0.7296875 0.019444444444444445 0.0171875
6 0.9444444444444444 0.6625 0.016666666666666666 0.00625
7 0.45555555555555555 0.6640625 0.03611111111111111 0.015625
6 0.6 0.328125 0.027777777777777776 0.015625
6 0.46111111111111114 0.065625 0.03333333333333333 0.01875
18 0.4986111111111111 0.015625 0.9972222222222222 0.03125