14 0.31666666666666665 0.075 0.4 0.025
9 0.5 0.5546875 1 0.8890625
14 0.325 0.925 0.29444444444444445 0.0234375
14 0.4388888888888889 0.834375 0.5222222222222223 0.01875
14 0.4 0.75 0.44722222222222224 0.025
14 0.2611111111111111 0.6625 0.17222222222222222 0.025
14 0.4083333333333333 0.5734375 0.46111111111111114 0.021875
14 0.3194444444444444 0.4875 0.2833333333333333 0.025
14 0.3194444444444444 0.4 0.2833333333333333 0.0234375
14 0.3527777777777778 0.309375 0.3527777777777778 0.0203125
14 0.2972222222222222 0.221875 0.24166666666666667 0.01875
5 0.5 0.0703125 0.9611111111111111 0.0546875
6 0.9305555555555556 0.071875 0.03611111111111111 0.0265625
6 0.06666666666666667 0.071875 0.04722222222222222 0.0265625
18 0.4986111111111111 0.015625 0.9972222222222222 0.03125
7 0.07777777777777778 0.98125 0.15555555555555556 0.034375
7 0.07777777777777778 0.9203125 0.15555555555555556 0.0875
7 0.07777777777777778 0.8328125 0.15555555555555556 0.0875
7 0.07777777777777778 0.746875 0.15555555555555556 0.0875
7 0.07777777777777778 0.659375 0.15555555555555556 0.0875
7 0.07777777777777778 0.571875 0.15555555555555556 0.0875
7 0.07777777777777778 0.484375 0.15555555555555556 0.0875
7 0.07777777777777778 0.396875 0.15555555555555556 0.0875
7 0.07777777777777778 0.309375 0.15555555555555556 0.0875
7 0.07777777777777778 0.2203125 0.15555555555555556 0.0875
14 0.17222222222222222 0.14375 0.2638888888888889 0.0140625