2 0.5 0.521875 0.8638888888888889 0.428125
5 0.5 0.3828125 0.7638888888888888 0.03125
5 0.5 0.48125 0.7638888888888888 0.03125
14 0.2611111111111111 0.475 0.2833333333333333 0.01875
14 0.3055555555555556 0.3765625 0.375 0.01875
7 0.5 0.090625 0.225 0.040625
14 0.5 0.2125 0.2388888888888889 0.0421875
14 0.5 0.2671875 0.6611111111111111 0.0234375
14 0.5 0.6890625 0.34444444444444444 0.021875
14 0.5027777777777778 0.771875 0.7194444444444444 0.0234375
15 0.5 0.60625 0.8083333333333333 0.0671875
18 0.4986111111111111 0.0125 0.9972222222222222 0.025
14 0.49722222222222223 0.60625 0.1638888888888889 0.0203125