5 0.5416666666666666 0.2875 0.8138888888888889 0.0328125
5 0.5444444444444444 0.190625 0.8166666666666667 0.0328125
14 0.21944444444444444 0.278125 0.16111111111111112 0.0171875
14 0.25 0.18125 0.2222222222222222 0.0140625
6 0.9027777777777778 0.2828125 0.05277777777777778 0.025
14 0.5 0.071875 0.275 0.01875
6 0.06666666666666667 0.071875 0.04722222222222222 0.0234375
6 0.06944444444444445 0.178125 0.041666666666666664 0.0171875
6 0.06666666666666667 0.275 0.030555555555555555 0.025
15 0.5 0.3890625 0.9222222222222223 0.0640625
14 0.5 0.4703125 0.3333333333333333 0.0203125
14 0.5027777777777778 0.9546875 0.875 0.04375
18 0.4986111111111111 0.015625 0.9972222222222222 0.03125
14 0.5 0.390625 0.15555555555555556 0.015625