6 0.05277777777777778 0.2296875 0.025 0.0109375
6 0.05277777777777778 0.278125 0.025 0.0109375
6 0.05277777777777778 0.325 0.025 0.009375
18 0.4986111111111111 0.015625 0.9972222222222222 0.03125
14 0.5 0.1453125 0.49722222222222223 0.021875
14 0.3277777777777778 0.23125 0.45 0.0203125
14 0.3888888888888889 0.278125 0.5638888888888889 0.0203125
14 0.3388888888888889 0.3265625 0.4722222222222222 0.0203125
6 0.06666666666666667 0.0703125 0.03333333333333333 0.01875
16 0.5 0.4140625 0.9222222222222223 0.059375
16 0.5 0.6953125 0.9222222222222223 0.0578125
14 0.5 0.5578125 0.6916666666666667 0.0296875
14 0.5 0.63125 0.38333333333333336 0.021875
14 0.5 0.9578125 0.1111111111111111 0.0171875
14 0.5 0.4859375 0.05277777777777778 0.01875
14 0.5388888888888889 0.4140625 0.3388888888888889 0.015625
6 0.28888888888888886 0.4140625 0.027777777777777776 0.0265625
14 0.5194444444444445 0.6984375 0.1111111111111111 0.0203125
6 0.4222222222222222 0.696875 0.030555555555555555 0.025