11 0.5 0.0625 1 0.071875
14 0.75 0.0640625 0.29444444444444445 0.0171875
14 0.25 0.0640625 0.11944444444444445 0.0171875
14 0.5 0.984375 0.30833333333333335 0.021875
14 0.49166666666666664 0.946875 0.7833333333333333 0.021875
14 0.49722222222222223 0.9046875 0.46944444444444444 0.0171875
6 0.4722222222222222 0.5234375 0.044444444444444446 0.0234375
14 0.5333333333333333 0.5234375 0.03333333333333333 0.0140625
14 0.5 0.4703125 0.3861111111111111 0.021875
14 0.49166666666666664 0.43125 0.7888888888888889 0.021875
14 0.5 0.3890625 0.125 0.0171875
7 0.5 0.740625 0.15555555555555556 0.2453125
7 0.5 0.2265625 0.7555555555555555 0.221875
18 0.5 0.0125 0.9972222222222222 0.025