5 0.5 0.4171875 0.9222222222222223 0.0453125
5 0.5 0.34375 0.9222222222222223 0.0453125
14 0.12777777777777777 0.403125 0.175 0.01875
14 0.08888888888888889 0.33125 0.09444444444444444 0.01875
14 0.1 0.065625 0.15 0.0265625
14 0.5 0.1359375 0.6055555555555555 0.025
14 0.5 0.284375 0.030555555555555555 0.0125
14 0.9166666666666666 0.403125 0.08611111111111111 0.015625
14 0.5 0.553125 0.275 0.0203125
14 0.5 0.6171875 0.23333333333333334 0.015625
15 0.5 0.6828125 0.9277777777777778 0.0625
15 0.5 0.49375 0.9222222222222223 0.0625
7 0.28888888888888886 0.2109375 0.13055555555555556 0.0734375
7 0.5 0.2109375 0.13055555555555556 0.0734375
7 0.7083333333333334 0.2109375 0.13055555555555556 0.0734375
6 0.9361111111111111 0.0625 0.05 0.028125
18 0.4986111111111111 0.0125 0.9972222222222222 0.025
14 0.5 0.496875 0.1111111111111111 0.0203125
14 0.5 0.6828125 0.28055555555555556 0.0140625