4 0.3388888888888889 0.515625 0.6777777777777778 0.965625
14 0.2388888888888889 0.0921875 0.1527777777777778 0.0296875
9 0.3388888888888889 0.375 0.6777777777777778 0.44375
14 0.2777777777777778 0.2 0.16111111111111112 0.025
14 0.33611111111111114 0.2890625 0.28055555555555556 0.0234375
14 0.2833333333333333 0.375 0.175 0.01875
14 0.3277777777777778 0.465625 0.2638888888888889 0.025
14 0.24444444444444444 0.553125 0.09722222222222222 0.01875
6 0.07777777777777778 0.084375 0.09444444444444444 0.053125
6 0.07777777777777778 0.196875 0.08055555555555556 0.04375
6 0.07777777777777778 0.2859375 0.058333333333333334 0.040625
6 0.07777777777777778 0.375 0.075 0.0328125
6 0.07777777777777778 0.4640625 0.06944444444444445 0.0328125
6 0.07777777777777778 0.553125 0.07222222222222222 0.040625
18 0.4986111111111111 0.015625 0.9972222222222222 0.03125