5 0.5361111111111111 0.4859375 0.6833333333333333 0.03125
5 0.5361111111111111 0.5546875 0.6833333333333333 0.03125
14 0.24722222222222223 0.4796875 0.09444444444444444 0.015625
14 0.275 0.546875 0.1527777777777778 0.0171875
18 0.5 0.0109375 0.9972222222222222 0.0203125
6 0.9361111111111111 0.0640625 0.06388888888888888 0.0265625
6 0.1361111111111111 0.478125 0.04722222222222222 0.025
6 0.1361111111111111 0.5484375 0.03888888888888889 0.0265625
7 0.49444444444444446 0.2171875 0.5083333333333333 0.1609375
15 0.5 0.8640625 0.8972222222222223 0.0609375
14 0.25833333333333336 0.9453125 0.10277777777777777 0.01875
14 0.7388888888888889 0.9453125 0.2388888888888889 0.01875
14 0.5 0.865625 0.09722222222222222 0.01875