15 0.5 0.965625 0.6888888888888889 0.0546875
15 0.5 0.896875 0.6888888888888889 0.0546875
16 0.5 0.8265625 0.6888888888888889 0.053125
14 0.49722222222222223 0.7078125 0.6777777777777778 0.065625
7 0.49444444444444446 0.4015625 0.7388888888888889 0.3296875
14 0.11388888888888889 0.0921875 0.12777777777777777 0.0171875
18 0.5 0.0109375 0.9972222222222222 0.0203125
14 0.5194444444444445 0.828125 0.2972222222222222 0.01875
14 0.5 0.9640625 0.10833333333333334 0.01875
14 0.5 0.8953125 0.2 0.01875
7 0.3416666666666667 0.8265625 0.022222222222222223 0.015625