7 0.9805555555555555 0.7875 0.03888888888888889 0.1578125
7 0.9777777777777777 0.4375 0.03611111111111111 0.328125
1 0.5 0.965625 1 0.0671875
16 0.9 0.9671875 0.075 0.05
14 0.9 0.9859375 0.07222222222222222 0.0109375
16 0.6972222222222222 0.965625 0.058333333333333334 0.053125
14 0.7 0.9875 0.041666666666666664 0.0125
16 0.5 0.9671875 0.07222222222222222 0.0515625
14 0.5 0.9875 0.07222222222222222 0.0109375
16 0.3 0.9703125 0.06666666666666667 0.04375
14 0.3 0.9875 0.06666666666666667 0.0109375
16 0.1 0.96875 0.06944444444444445 0.0484375
14 0.1 0.9875 0.06944444444444445 0.0109375
6 0.1 0.959375 0.05555555555555555 0.0296875
6 0.3 0.9609375 0.06388888888888888 0.0234375
6 0.5 0.959375 0.05 0.034375
6 0.8972222222222223 0.9578125 0.07222222222222222 0.0296875
6 0.6972222222222222 0.95625 0.058333333333333334 0.0328125
14 0.8916666666666667 0.6734375 0.1388888888888889 0.015625
14 0.12777777777777777 0.6765625 0.17777777777777778 0.0109375
14 0.8805555555555555 0.23125 0.16111111111111112 0.015625
14 0.15833333333333333 0.2265625 0.23055555555555557 0.025
14 0.19166666666666668 0.1078125 0.30277777777777776 0.03125
2 0.7111111111111111 0.7875 0.4222222222222222 0.1578125
2 0.25 0.7875 0.4222222222222222 0.1578125
2 0.48055555555555557 0.4359375 0.8833333333333333 0.3265625
18 0.5 0.0109375 0.9972222222222222 0.0203125
7 0.2111111111111111 0.7875 0.34444444444444444 0.15625
7 0.42777777777777776 0.7328125 0.05555555555555555 0.0328125
7 0.6722222222222223 0.7875 0.34444444444444444 0.1578125
7 0.8916666666666667 0.7328125 0.05555555555555555 0.0328125
7 0.3972222222222222 0.4375 0.7194444444444444 0.3265625
7 0.8527777777777777 0.321875 0.11666666666666667 0.0671875