17 0.5 0.0546875 1 0.065625
14 0.14722222222222223 0.059375 0.14722222222222223 0.021875
14 0.5 0.05625 0.28055555555555556 0.0171875
14 0.18611111111111112 0.1640625 0.26944444444444443 0.01875
14 0.4777777777777778 0.225 0.8555555555555555 0.0359375
14 0.14722222222222223 0.3109375 0.19166666666666668 0.0171875
14 0.11666666666666667 0.40625 0.13333333333333333 0.0140625
9 0.5 0.484375 1 0.11875
14 0.1111111111111111 0.4578125 0.12777777777777777 0.021875
14 0.25555555555555554 0.515625 0.4083333333333333 0.0171875
14 0.49166666666666664 0.5765625 0.8805555555555555 0.0359375
14 0.10277777777777777 0.6484375 0.10277777777777777 0.0140625
14 0.2 0.6984375 0.3 0.0171875
14 0.825 0.6984375 0.16111111111111112 0.0171875
14 0.4111111111111111 0.7609375 0.725 0.0390625
14 0.18888888888888888 0.846875 0.2722222222222222 0.021875
14 0.4888888888888889 0.90625 0.8805555555555555 0.0359375
14 0.3 0.96875 0.5 0.0125
6 0.04722222222222222 0.0578125 0.030555555555555555 0.028125
6 0.9333333333333333 0.515625 0.030555555555555555 0.0140625
6 0.9416666666666667 0.6984375 0.019444444444444445 0.0171875
18 0.5 0.0109375 0.9972222222222222 0.0203125
13 0.8888888888888888 0.1640625 0.12222222222222222 0.040625
13 0.8888888888888888 0.309375 0.12222222222222222 0.040625
13 0.8888888888888888 0.8453125 0.12222222222222222 0.0421875