5 0.5 0.3078125 0.9222222222222223 0.034375
5 0.5 0.409375 0.9222222222222223 0.034375
5 0.5 0.5109375 0.9222222222222223 0.034375
14 0.13333333333333333 0.503125 0.18611111111111112 0.01875
14 0.09166666666666666 0.4015625 0.1 0.0171875
14 0.1361111111111111 0.3 0.19166666666666668 0.01875
6 0.075 0.05625 0.06388888888888888 0.0203125
14 0.26944444444444443 0.11875 0.4583333333333333 0.0234375
14 0.25277777777777777 0.1625 0.425 0.0203125
14 0.4583333333333333 0.2 0.8388888888888889 0.0390625
14 0.9166666666666666 0.509375 0.08333333333333333 0.009375
14 0.49722222222222223 0.5625 0.6083333333333333 0.0125
15 0.5 0.9453125 0.9222222222222223 0.0640625
18 0.5 0.0109375 0.9972222222222222 0.0203125
14 0.49722222222222223 0.9453125 0.35833333333333334 0.0140625