5 0.4305555555555556 0.05625 0.725 0.0484375
14 0.28888888888888886 0.0578125 0.3 0.0203125
6 0.3 0.2828125 0.03888888888888889 0.0171875
14 0.20277777777777778 0.1125 0.3527777777777778 0.0171875
14 0.5222222222222223 0.1890625 0.48333333333333334 0.040625
14 0.5111111111111111 0.2234375 0.13333333333333333 0.015625
14 0.3416666666666667 0.2515625 0.125 0.0140625
14 0.4083333333333333 0.284375 0.1527777777777778 0.0125
14 0.13333333333333333 0.3640625 0.16666666666666666 0.0171875
9 0.5 0.6671875 1 0.5296875
14 0.1361111111111111 0.4421875 0.17222222222222222 0.0171875
14 0.2 0.5171875 0.30277777777777776 0.0140625
14 0.2111111111111111 0.5953125 0.325 0.0171875
14 0.2361111111111111 0.6703125 0.36944444444444446 0.0140625
14 0.14166666666666666 0.746875 0.18055555555555555 0.0140625
14 0.09444444444444444 0.8234375 0.08888888888888889 0.0140625
14 0.1527777777777778 0.9 0.20833333333333334 0.0140625
1 0.5 0.9671875 1 0.065625
16 0.125 0.971875 0.06666666666666667 0.046875
14 0.125 0.9890625 0.06666666666666667 0.0109375
16 0.375 0.9703125 0.1 0.0484375
14 0.375 0.9890625 0.10277777777777777 0.0109375
16 0.625 0.9703125 0.07222222222222222 0.05
14 0.625 0.990625 0.07222222222222222 0.009375
16 0.875 0.9703125 0.09722222222222222 0.05
14 0.875 0.9890625 0.09722222222222222 0.009375
6 0.125 0.9578125 0.05 0.01875
6 0.375 0.959375 0.05 0.025
6 0.6222222222222222 0.95625 0.05277777777777778 0.0234375
6 0.875 0.959375 0.05 0.028125
6 0.9416666666666667 0.8984375 0.019444444444444445 0.0171875
6 0.9416666666666667 0.821875 0.019444444444444445 0.0171875
6 0.9416666666666667 0.7453125 0.019444444444444445 0.0171875
6 0.9416666666666667 0.66875 0.019444444444444445 0.0171875
6 0.9416666666666667 0.5921875 0.019444444444444445 0.0171875
6 0.9416666666666667 0.515625 0.019444444444444445 0.0171875
6 0.9416666666666667 0.4390625 0.019444444444444445 0.0171875
6 0.10277777777777777 0.05625 0.025 0.0125
7 0.7472222222222222 0.0578125 0.04722222222222222 0.0265625
6 0.8722222222222222 0.0578125 0.04722222222222222 0.0265625
6 0.9472222222222222 0.0578125 0.05277777777777778 0.028125
6 0.35555555555555557 0.221875 0.14166666666666666 0.015625
7 0.1527777777777778 0.2328125 0.12222222222222222 0.1328125
7 0.9416666666666667 0.2328125 0.10833333333333334 0.084375
18 0.5 0.0109375 0.9972222222222222 0.0203125