17 0.5 0.0578125 1 0.06875
6 0.7527777777777778 0.0578125 0.016666666666666666 0.0171875
14 0.475 0.059375 0.4888888888888889 0.0140625
14 0.1361111111111111 0.1953125 0.19166666666666668 0.025
14 0.5 0.6828125 0.2861111111111111 0.0234375
14 0.5 0.71875 0.7666666666666667 0.0203125
1 0.5 0.9609375 1 0.0765625
16 0.125 0.959375 0.06388888888888888 0.0484375
14 0.125 0.978125 0.06666666666666667 0.009375
16 0.375 0.9609375 0.07777777777777778 0.046875
14 0.375 0.9796875 0.07777777777777778 0.0109375
16 0.625 0.9609375 0.10277777777777777 0.05
14 0.625 0.9796875 0.10277777777777777 0.0125
16 0.875 0.9609375 0.07777777777777778 0.046875
14 0.875 0.9796875 0.07777777777777778 0.0109375
6 0.9333333333333333 0.134375 0.058333333333333334 0.0296875
6 0.125 0.9515625 0.05555555555555555 0.03125
6 0.375 0.9515625 0.05 0.028125
6 0.625 0.9515625 0.05 0.0328125
6 0.875 0.9515625 0.03888888888888889 0.028125
7 0.49166666666666664 0.4640625 0.38333333333333336 0.2171875
15 0.5 0.796875 0.3972222222222222 0.0546875
18 0.5 0.0109375 0.9972222222222222 0.0203125
14 0.5027777777777778 0.796875 0.22777777777777777 0.0109375