4 0.4 0.5 0.8 0.9984375
9 0.4 0.475 0.7972222222222223 0.771875
14 0.29444444444444445 0.7375 0.30833333333333335 0.0171875
14 0.3138888888888889 0.825 0.34444444444444444 0.0171875
14 0.3138888888888889 0.6515625 0.35 0.0171875
14 0.3138888888888889 0.5640625 0.34444444444444444 0.0171875
14 0.3416666666666667 0.478125 0.4027777777777778 0.0171875
14 0.36944444444444446 0.390625 0.45555555555555555 0.0171875
14 0.3194444444444444 0.303125 0.35555555555555557 0.0171875
14 0.3 0.2171875 0.31666666666666665 0.0171875
14 0.30277777777777776 0.1296875 0.3194444444444444 0.0171875
6 0.06944444444444445 0.825 0.04722222222222222 0.0375
6 0.06944444444444445 0.7390625 0.05 0.0390625
6 0.06944444444444445 0.6515625 0.06666666666666667 0.034375
6 0.06944444444444445 0.565625 0.05 0.0375
6 0.06944444444444445 0.478125 0.06666666666666667 0.0375
6 0.06944444444444445 0.390625 0.05 0.0375
6 0.06944444444444445 0.3046875 0.06944444444444445 0.025
6 0.06944444444444445 0.2171875 0.04722222222222222 0.0375
6 0.06944444444444445 0.1296875 0.06666666666666667 0.0375
6 0.9138888888888889 0.0359375 0.06666666666666667 0.0234375