4 0.45 0.5 0.8972222222222223 0.9984375
14 0.45 0.9640625 0.08055555555555556 0.0109375
9 0.3611111111111111 0.4 0.5333333333333333 0.6953125
14 0.3333333333333333 0.2375 0.21388888888888888 0.0171875
14 0.29444444444444445 0.3203125 0.1361111111111111 0.01875
14 0.2972222222222222 0.7296875 0.1388888888888889 0.021875
14 0.32222222222222224 0.6453125 0.19166666666666668 0.0171875
14 0.34444444444444444 0.5640625 0.2388888888888889 0.0171875
14 0.26666666666666666 0.4 0.07777777777777778 0.0171875
14 0.29444444444444445 0.4859375 0.13333333333333333 0.0171875
15 0.4638888888888889 0.484375 0.10277777777777777 0.028125
14 0.4361111111111111 0.9375 0.5305555555555556 0.0328125
6 0.1388888888888889 0.7265625 0.03333333333333333 0.0296875
6 0.1388888888888889 0.6453125 0.07222222222222222 0.028125
6 0.1361111111111111 0.5640625 0.05277777777777778 0.0328125
6 0.1388888888888889 0.484375 0.06111111111111111 0.034375
6 0.1388888888888889 0.4 0.058333333333333334 0.034375
6 0.1388888888888889 0.31875 0.05555555555555555 0.028125
6 0.1388888888888889 0.2375 0.041666666666666664 0.03125
6 0.1388888888888889 0.15625 0.06111111111111111 0.034375
14 0.2972222222222222 0.159375 0.14166666666666666 0.021875
14 0.2777777777777778 0.075 0.08888888888888889 0.0171875
6 0.14166666666666666 0.075 0.08055555555555556 0.040625
18 0.5 0.0109375 0.9972222222222222 0.0203125
14 0.4666666666666667 0.484375 0.06111111111111111 0.0125