5 0.5 0.05625 0.9611111111111111 0.04375
14 0.5222222222222223 0.05625 0.1 0.015625
16 0.5 0.2671875 0.925 0.1796875
7 0.8305555555555556 0.26875 0.125 0.1765625
16 0.5 0.4703125 0.9194444444444444 0.1796875
7 0.8277777777777777 0.4703125 0.12777777777777777 0.175
16 0.5 0.671875 0.9222222222222223 0.178125
7 0.8166666666666667 0.671875 0.2111111111111111 0.178125
16 0.5 0.8578125 0.9194444444444444 0.146875
7 0.8555555555555555 0.8578125 0.20555555555555555 0.1484375
1 0.5 0.9671875 1 0.065625
6 0.1 0.965625 0.04722222222222222 0.0265625
6 0.3 0.965625 0.06666666666666667 0.0265625
6 0.49722222222222223 0.965625 0.04722222222222222 0.0265625
6 0.6972222222222222 0.965625 0.04722222222222222 0.025
6 0.8972222222222223 0.965625 0.04722222222222222 0.0265625
14 0.20277777777777778 0.875 0.25277777777777777 0.015625
14 0.14166666666666666 0.671875 0.12222222222222222 0.015625
14 0.175 0.4703125 0.19444444444444445 0.015625
14 0.15 0.26875 0.14166666666666666 0.0140625
11 0.5 0.1234375 1 0.0640625
14 0.26666666666666666 0.1234375 0.14166666666666666 0.0125
14 0.7277777777777777 0.1234375 0.07222222222222222 0.0125
6 0.9277777777777778 0.05625 0.05277777777777778 0.021875
6 0.44166666666666665 0.05625 0.03333333333333333 0.0203125
18 0.5 0.0109375 0.9972222222222222 0.0203125