0 0.5 0.509375 0.9972222222222222 0.8453125
14 0.49722222222222223 0.059375 0.1527777777777778 0.025
14 0.49722222222222223 0.4859375 0.39444444444444443 0.0234375
16 0.1 0.971875 0.12222222222222222 0.053125
14 0.1 0.990625 0.12222222222222222 0.015625
16 0.3 0.9703125 0.08611111111111111 0.05
14 0.3 0.9875 0.08611111111111111 0.0125
16 0.5 0.9703125 0.1388888888888889 0.05
14 0.5 0.9875 0.1388888888888889 0.0125
16 0.6972222222222222 0.971875 0.14166666666666666 0.053125
14 0.6972222222222222 0.9890625 0.14166666666666666 0.015625
16 0.8972222222222223 0.971875 0.09444444444444444 0.053125
14 0.8972222222222223 0.990625 0.09444444444444444 0.015625
7 0.5 0.3140625 0.6027777777777777 0.271875
15 0.5 0.5515625 0.925 0.0546875
15 0.5 0.6328125 0.925 0.0546875
6 0.1 0.9578125 0.041666666666666664 0.028125
6 0.3 0.959375 0.04722222222222222 0.0265625
6 0.49722222222222223 0.959375 0.04722222222222222 0.0265625
6 0.6972222222222222 0.959375 0.04722222222222222 0.0265625
6 0.8972222222222223 0.959375 0.06111111111111111 0.0265625
18 0.5 0.0109375 0.9972222222222222 0.0203125
14 0.5 0.5515625 0.36944444444444446 0.0171875
14 0.5 0.6328125 0.3972222222222222 0.0171875