6 0.06666666666666667 0.0625 0.030555555555555555 0.0296875
14 0.5 0.0640625 0.1527777777777778 0.0234375
7 0.21388888888888888 0.2359375 0.2833333333333333 0.221875
7 0.6444444444444445 0.2359375 0.39444444444444443 0.159375
7 0.9666666666666667 0.2359375 0.06388888888888888 0.221875
7 0.21388888888888888 0.5390625 0.39444444444444443 0.159375
7 0.6444444444444445 0.5390625 0.39444444444444443 0.159375
7 0.9388888888888889 0.540625 0.11944444444444445 0.159375
7 0.21388888888888888 0.8421875 0.2833333333333333 0.221875
7 0.6444444444444445 0.8421875 0.2833333333333333 0.221875
7 0.9388888888888889 0.8421875 0.11666666666666667 0.159375
18 0.5 0.0109375 0.9972222222222222 0.0203125