5 0.5 0.4734375 0.9222222222222223 0.025
5 0.5 0.4046875 0.9222222222222223 0.025
5 0.6277777777777778 0.159375 0.6666666666666666 0.0265625
5 0.6277777777777778 0.2234375 0.6666666666666666 0.0265625
14 0.14722222222222223 0.46875 0.21666666666666667 0.0171875
14 0.09722222222222222 0.4 0.11666666666666667 0.015625
14 0.40555555555555556 0.21875 0.21666666666666667 0.0171875
14 0.4083333333333333 0.1546875 0.225 0.0171875
17 0.5 0.0578125 1 0.059375
14 0.5 0.0578125 0.17777777777777778 0.015625
14 0.9111111111111111 0.05625 0.07777777777777778 0.01875
6 0.058333333333333334 0.0546875 0.044444444444444446 0.015625
8 0.14722222222222223 0.18125 0.21666666666666667 0.121875
15 0.5 0.9328125 0.9222222222222223 0.0703125
14 0.8555555555555555 0.628125 0.20555555555555555 0.0203125
14 0.8361111111111111 0.55625 0.24444444444444444 0.01875
14 0.14166666666666666 0.625 0.20555555555555555 0.0171875
14 0.13333333333333333 0.55625 0.18611111111111112 0.0171875
14 0.49166666666666664 0.5015625 0.9 0.015625
6 0.39444444444444443 0.296875 0.07222222222222222 0.040625
6 0.07777777777777778 0.296875 0.07222222222222222 0.040625
14 0.17777777777777778 0.2984375 0.08055555555555556 0.0125
14 0.5111111111111111 0.2984375 0.11666666666666667 0.0125
18 0.5 0.0109375 0.9972222222222222 0.0203125
6 0.14722222222222223 0.1796875 0.08333333333333333 0.034375
14 0.5 0.9328125 0.09166666666666666 0.015625