18 0.5 0.0109375 0.9972222222222222 0.0203125
14 0.20277777777777778 0.096875 0.3194444444444444 0.0328125
11 0.5 0.1921875 1 0.0515625
14 0.09722222222222222 0.190625 0.1111111111111111 0.015625
14 0.31666666666666665 0.19375 0.18055555555555555 0.0203125
14 0.5722222222222222 0.190625 0.18888888888888888 0.0171875
14 0.24444444444444444 0.2828125 0.4027777777777778 0.025
14 0.44166666666666665 0.353125 0.8027777777777778 0.0765625
14 0.1388888888888889 0.4359375 0.19444444444444445 0.015625
1 0.5 0.965625 1 0.0671875
6 0.1 0.9671875 0.044444444444444446 0.025
6 0.3 0.9671875 0.044444444444444446 0.025
6 0.5 0.9671875 0.03333333333333333 0.0265625
6 0.6972222222222222 0.9671875 0.05277777777777778 0.0265625
6 0.9 0.9671875 0.04722222222222222 0.0265625