9 0.5027777777777778 0.640625 0.925 0.7171875
14 0.14444444444444443 0.3171875 0.19166666666666668 0.0203125
14 0.13055555555555556 0.38125 0.16111111111111112 0.0171875
14 0.125 0.446875 0.1527777777777778 0.0171875
14 0.08611111111111111 0.5125 0.06944444444444445 0.0171875
14 0.12777777777777777 0.5765625 0.15555555555555556 0.0171875
14 0.1 0.6421875 0.1 0.0171875
14 0.08888888888888889 0.7078125 0.075 0.0171875
14 0.1 0.775 0.1 0.0203125
14 0.09166666666666666 0.840625 0.08611111111111111 0.0203125
14 0.08611111111111111 0.903125 0.07222222222222222 0.0171875
14 0.09722222222222222 0.96875 0.09444444444444444 0.0171875
6 0.9388888888888889 0.96875 0.019444444444444445 0.01875
6 0.9388888888888889 0.903125 0.019444444444444445 0.01875
6 0.9416666666666667 0.8390625 0.019444444444444445 0.01875
6 0.9388888888888889 0.7734375 0.019444444444444445 0.01875
6 0.9388888888888889 0.7078125 0.019444444444444445 0.01875
6 0.9416666666666667 0.6421875 0.019444444444444445 0.01875
6 0.9388888888888889 0.578125 0.019444444444444445 0.01875
6 0.9388888888888889 0.5125 0.019444444444444445 0.01875
6 0.9416666666666667 0.446875 0.019444444444444445 0.01875
6 0.9416666666666667 0.38125 0.019444444444444445 0.01875
6 0.9416666666666667 0.3171875 0.019444444444444445 0.01875
6 0.06388888888888888 0.05625 0.027777777777777776 0.028125
14 0.2638888888888889 0.1859375 0.10833333333333334 0.0125
7 0.7305555555555555 0.18125 0.46111111111111114 0.1359375
18 0.5 0.0109375 0.9972222222222222 0.0203125