2 0.23333333333333334 0.2671875 0.38333333333333336 0.2984375
2 0.6388888888888888 0.2671875 0.38333333333333336 0.296875
2 0.23333333333333334 0.6796875 0.38333333333333336 0.2984375
2 0.6388888888888888 0.6796875 0.3861111111111111 0.296875
7 0.925 0.971875 0.14722222222222223 0.0546875
7 0.6361111111111111 0.971875 0.38055555555555554 0.0546875
7 0.23055555555555557 0.971875 0.38055555555555554 0.0546875
14 0.5 0.8984375 0.09166666666666666 0.0203125
14 0.9777777777777777 0.7703125 0.03888888888888889 0.0140625
14 0.6361111111111111 0.79375 0.1 0.0125
14 0.6361111111111111 0.76875 0.11666666666666667 0.015625
14 0.23055555555555557 0.79375 0.17777777777777778 0.0125
14 0.23055555555555557 0.7703125 0.19722222222222222 0.015625
7 0.925 0.63125 0.14722222222222223 0.2015625
7 0.6361111111111111 0.63125 0.38055555555555554 0.2015625
7 0.23055555555555557 0.63125 0.38055555555555554 0.2015625
14 0.5 0.4890625 0.1527777777777778 0.0234375
14 0.23055555555555557 0.38125 0.1527777777777778 0.0140625
14 0.23055555555555557 0.359375 0.13055555555555556 0.01875
14 0.6388888888888888 0.38125 0.058333333333333334 0.0125
14 0.6361111111111111 0.35625 0.11944444444444445 0.015625
7 0.925 0.21875 0.14722222222222223 0.2015625
7 0.6361111111111111 0.21875 0.38055555555555554 0.2015625
7 0.23055555555555557 0.21875 0.38055555555555554 0.2015625
6 0.08611111111111111 0.075 0.03888888888888889 0.015625
14 0.5 0.0734375 0.31666666666666665 0.0203125
18 0.5 0.0109375 0.9972222222222222 0.0203125