5 0.5 0.6265625 0.8833333333333333 0.0296875
5 0.5 0.4390625 0.8833333333333333 0.0375
5 0.5 0.2609375 0.8833333333333333 0.03125
14 0.11944444444444445 0.6203125 0.11388888888888889 0.015625
14 0.12777777777777777 0.4265625 0.13333333333333333 0.0125
14 0.13055555555555556 0.25 0.1388888888888889 0.0109375
11 0.5 0.125 1 0.0609375
14 0.25 0.1234375 0.10277777777777777 0.0203125
14 0.75 0.1234375 0.13055555555555556 0.0203125
14 0.46111111111111114 0.36875 0.8027777777777778 0.0390625
14 0.8972222222222223 0.4296875 0.08611111111111111 0.015625
14 0.49166666666666664 0.553125 0.8638888888888889 0.04375
14 0.4583333333333333 0.6890625 0.8 0.04375
14 0.39444444444444443 0.796875 0.6722222222222223 0.0921875
15 0.5 0.9078125 0.8833333333333333 0.0609375
6 0.07222222222222222 0.0578125 0.022222222222222223 0.021875
14 0.14166666666666666 0.1984375 0.16111111111111112 0.0140625
14 0.1361111111111111 0.3203125 0.1527777777777778 0.015625
14 0.12777777777777777 0.5046875 0.13333333333333333 0.01875
18 0.5 0.0109375 0.9972222222222222 0.0203125
13 0.8861111111111111 0.76875 0.10833333333333334 0.0421875
14 0.5 0.909375 0.11666666666666667 0.01875