5 0.5027777777777778 0.2703125 0.9361111111111111 0.040625
5 0.5055555555555555 0.2125 0.9361111111111111 0.0390625
14 0.11666666666666667 0.259375 0.1527777777777778 0.015625
14 0.08055555555555556 0.2 0.08333333333333333 0.015625
14 0.5 0.4765625 0.2916666666666667 0.01875
15 0.5 0.553125 0.9055555555555556 0.059375
15 0.5 0.3953125 0.9055555555555556 0.059375
6 0.9444444444444444 0.259375 0.05277777777777778 0.01875
14 0.1111111111111111 0.05625 0.12222222222222222 0.0171875
14 0.49722222222222223 0.059375 0.12222222222222222 0.025
18 0.5 0.0109375 0.9972222222222222 0.0203125
14 0.5 0.39375 0.13055555555555556 0.015625
14 0.5 0.5515625 0.30277777777777776 0.015625