17 0.5 0.0546875 1 0.0640625
14 0.5 0.05625 0.12777777777777777 0.0171875
14 0.14722222222222223 0.059375 0.14722222222222223 0.021875
14 0.2611111111111111 0.1421875 0.4222222222222222 0.0140625
9 0.5 0.2609375 1 0.1953125
14 0.2722222222222222 0.1859375 0.23333333333333334 0.01875
14 0.28055555555555556 0.215625 0.24722222222222223 0.015625
14 0.3861111111111111 0.271875 0.45555555555555555 0.021875
14 0.2722222222222222 0.3296875 0.23055555555555557 0.0171875
14 0.41944444444444445 0.390625 0.7388888888888889 0.0359375
14 0.19166666666666668 0.453125 0.2833333333333333 0.0140625
9 0.5 0.58125 1 0.11875
14 0.11666666666666667 0.553125 0.13055555555555556 0.021875
14 0.18888888888888888 0.6109375 0.275 0.0171875
14 0.48333333333333334 0.684375 0.8694444444444445 0.0609375
6 0.044444444444444446 0.0578125 0.030555555555555555 0.028125
7 0.08333333333333333 0.2 0.06944444444444445 0.0390625
6 0.08333333333333333 0.26875 0.06944444444444445 0.0390625
6 0.08333333333333333 0.328125 0.06944444444444445 0.0390625
6 0.9416666666666667 0.2015625 0.019444444444444445 0.0171875
6 0.9416666666666667 0.55 0.019444444444444445 0.0171875
18 0.5 0.0109375 0.9972222222222222 0.0203125
13 0.8888888888888888 0.26875 0.12222222222222222 0.040625
13 0.8916666666666667 0.328125 0.125 0.0421875
13 0.8888888888888888 0.609375 0.12222222222222222 0.0421875