6 0.06666666666666667 0.6703125 0.044444444444444446 0.025
7 0.06666666666666667 0.59375 0.058333333333333334 0.0328125
7 0.06666666666666667 0.51875 0.05555555555555555 0.0265625
14 0.5 0.859375 0.8111111111111111 0.015625
16 0.5 0.771875 0.9222222222222223 0.08125
14 0.28888888888888886 0.6734375 0.3333333333333333 0.01875
14 0.3055555555555556 0.5953125 0.36944444444444446 0.0140625
14 0.2833333333333333 0.51875 0.325 0.0140625
14 0.29444444444444445 0.4359375 0.5111111111111111 0.021875
14 0.4083333333333333 0.371875 0.7333333333333333 0.0703125
18 0.5 0.0109375 0.9972222222222222 0.0203125
15 0.8305555555555556 0.06875 0.2611111111111111 0.0390625
7 0.09722222222222222 0.275 0.11666666666666667 0.065625
14 0.5 0.771875 0.35833333333333334 0.015625
6 0.1 0.771875 0.044444444444444446 0.01875
7 0.8305555555555556 0.0703125 0.2 0.0171875