5 0.5333333333333333 0.0890625 0.6277777777777778 0.08125
14 0.11666666666666667 0.10625 0.13055555555555556 0.00625
14 0.11666666666666667 0.0765625 0.12777777777777777 0.0140625
14 0.5416666666666666 0.0890625 0.4666666666666667 0.0125
6 0.26666666666666666 0.0875 0.027777777777777776 0.015625
18 0.5 0.0109375 0.9972222222222222 0.0203125
7 0.35 0.396875 0.6027777777777777 0.4015625
7 0.85 0.3953125 0.2972222222222222 0.4015625
7 0.35 0.8265625 0.6027777777777777 0.1875
7 0.85 0.8265625 0.2972222222222222 0.1875
6 0.9027777777777778 0.0875 0.03888888888888889 0.0203125
6 0.9666666666666667 0.1671875 0.013888888888888888 0.0125
6 0.9666666666666667 0.7046875 0.013888888888888888 0.0125
1 0.5 0.9609375 1 0.078125
16 0.1 0.9578125 0.06666666666666667 0.0515625
6 0.1 0.9453125 0.044444444444444446 0.025
16 0.30277777777777776 0.9609375 0.10277777777777777 0.053125
6 0.30277777777777776 0.9453125 0.04722222222222222 0.021875
16 0.5 0.953125 0.19166666666666668 0.0921875
6 0.5 0.94375 0.04722222222222222 0.021875
16 0.6972222222222222 0.9578125 0.06666666666666667 0.0515625
6 0.6972222222222222 0.9453125 0.030555555555555555 0.025
16 0.9 0.959375 0.13055555555555556 0.0546875
6 0.8972222222222223 0.94375 0.06111111111111111 0.0234375
14 0.21388888888888888 0.1671875 0.32222222222222224 0.0125
14 0.8722222222222222 0.1671875 0.1527777777777778 0.0125
14 0.35 0.625 0.4861111111111111 0.015625
14 0.8777777777777778 0.625 0.21944444444444444 0.0140625
14 0.2222222222222222 0.7046875 0.3416666666666667 0.0125
14 0.8722222222222222 0.7046875 0.1527777777777778 0.0125
14 0.1 0.978125 0.06666666666666667 0.009375
14 0.30277777777777776 0.9796875 0.10277777777777777 0.0140625
14 0.5 0.978125 0.11944444444444445 0.0109375
14 0.6972222222222222 0.978125 0.06666666666666667 0.0109375
14 0.9 0.9796875 0.13055555555555556 0.0125