1 0.5 0.9671875 1 0.065625
7 0.5 0.625 0.925 0.278125
7 0.5 0.2078125 0.925 0.2421875
17 0.5 0.0546875 1 0.0640625
16 0.6 0.8890625 0.21388888888888888 0.05
16 0.39166666666666666 0.8890625 0.19722222222222222 0.05
16 0.3 0.971875 0.05555555555555555 0.0515625
16 0.1 0.9703125 0.08333333333333333 0.05
16 0.5 0.971875 0.11944444444444445 0.053125
16 0.7 0.9703125 0.05277777777777778 0.05
16 0.9 0.9703125 0.07777777777777778 0.05
14 0.33611111111111114 0.81875 0.10833333333333334 0.015625
14 0.325 0.3859375 0.08888888888888889 0.015625
18 0.5 0.0109375 0.9972222222222222 0.0203125
6 0.05277777777777778 0.0578125 0.044444444444444446 0.0203125
6 0.9305555555555556 0.0578125 0.027777777777777776 0.009375
6 0.9111111111111111 0.515625 0.05 0.0265625
6 0.1 0.9578125 0.044444444444444446 0.025
6 0.3 0.9578125 0.044444444444444446 0.025
6 0.5 0.9578125 0.044444444444444446 0.025
6 0.7 0.9578125 0.044444444444444446 0.0265625
6 0.9 0.9578125 0.044444444444444446 0.025
14 0.2638888888888889 0.0453125 0.2388888888888889 0.0140625
14 0.375 0.065625 0.45555555555555555 0.0140625
14 0.8444444444444444 0.296875 0.1388888888888889 0.0203125
14 0.25277777777777777 0.3546875 0.4305555555555556 0.0203125
14 0.8472222222222222 0.73125 0.13055555555555556 0.0203125
14 0.18611111111111112 0.790625 0.3 0.025
14 0.1 0.9890625 0.08333333333333333 0.0109375
14 0.3 0.990625 0.05555555555555555 0.0140625
14 0.5 0.990625 0.11944444444444445 0.0140625
14 0.7 0.9890625 0.05277777777777778 0.0109375
14 0.9 0.9890625 0.07777777777777778 0.0109375
6 0.15 0.384375 0.23055555555555557 0.0203125
6 0.15 0.81875 0.22777777777777777 0.01875
15 0.16111111111111112 0.421875 0.25 0.0296875
15 0.16111111111111112 0.85625 0.25 0.0296875
14 0.16111111111111112 0.4234375 0.19722222222222222 0.009375
14 0.16111111111111112 0.85625 0.2 0.009375
14 0.43333333333333335 0.890625 0.058333333333333334 0.015625
14 0.6138888888888889 0.8890625 0.08611111111111111 0.0125
6 0.5361111111111111 0.8890625 0.03333333333333333 0.0203125
6 0.3611111111111111 0.8890625 0.041666666666666664 0.01875