15 0.5 0.95 0.9222222222222223 0.075
7 0.7416666666666667 0.628125 0.44166666666666665 0.13125
7 0.8611111111111112 0.7828125 0.20277777777777778 0.1296875
7 0.6194444444444445 0.7828125 0.20277777777777778 0.1296875
7 0.25833333333333336 0.7046875 0.44166666666666665 0.284375
14 0.21944444444444444 0.528125 0.35555555555555557 0.03125
6 0.8 0.4625 0.21388888888888888 0.0171875
14 0.5694444444444444 0.4640625 0.20277777777777778 0.01875
14 0.5611111111111111 0.434375 0.18611111111111112 0.0171875
14 0.7194444444444444 0.403125 0.5 0.0203125
6 0.16111111111111112 0.4640625 0.21388888888888888 0.0171875
14 0.016666666666666666 0.4671875 0.030555555555555555 0.0125
14 0.20555555555555555 0.4 0.4083333333333333 0.015625
14 0.5638888888888889 0.3515625 0.12222222222222222 0.015625
7 0.7333333333333333 0.28125 0.5333333333333333 0.1921875
7 0.20833333333333334 0.2796875 0.4166666666666667 0.1921875
14 0.275 0.14375 0.46944444444444444 0.025
6 0.06944444444444445 0.05625 0.04722222222222222 0.0265625
7 0.5 0.0578125 0.4 0.0265625
6 0.9277777777777778 0.05625 0.041666666666666664 0.00625
18 0.5 0.0109375 0.9972222222222222 0.0203125
14 0.5 0.95 0.3416666666666667 0.01875