9 0.5 0.5421875 1 0.78125
7 0.11666666666666667 0.8734375 0.15555555555555556 0.0875
7 0.11666666666666667 0.7421875 0.1527777777777778 0.0859375
7 0.11666666666666667 0.6125 0.15555555555555556 0.0859375
7 0.11666666666666667 0.48125 0.1527777777777778 0.0859375
7 0.11666666666666667 0.3515625 0.1527777777777778 0.0875
17 0.5 0.0546875 1 0.0640625
14 0.5 0.05625 0.12777777777777777 0.0265625
17 0.5 0.11875 1 0.0625
14 0.9055555555555556 0.11875 0.06388888888888888 0.0171875
14 0.5 0.1203125 0.125 0.0171875
14 0.4222222222222222 0.20625 0.3388888888888889 0.0203125
14 0.3111111111111111 0.240625 0.11944444444444445 0.0140625
14 0.33055555555555555 0.3328125 0.1527777777777778 0.028125
14 0.44722222222222224 0.375 0.39166666666666666 0.0171875
14 0.33055555555555555 0.4625 0.1527777777777778 0.0234375
14 0.38333333333333336 0.5046875 0.2638888888888889 0.01875
14 0.39444444444444443 0.5984375 0.28055555555555556 0.0203125
14 0.3388888888888889 0.63125 0.175 0.015625
14 0.4305555555555556 0.7453125 0.35555555555555557 0.01875
14 0.37222222222222223 0.8765625 0.2388888888888889 0.01875
1 0.5 0.965625 1 0.0671875
16 0.16666666666666666 0.96875 0.10277777777777777 0.0515625
14 0.16666666666666666 0.9890625 0.10277777777777777 0.0109375
16 0.5 0.9703125 0.06944444444444445 0.0546875
14 0.5 0.990625 0.06944444444444445 0.0125
16 0.8305555555555556 0.96875 0.1361111111111111 0.0578125
14 0.8305555555555556 0.990625 0.1361111111111111 0.0125
6 0.8333333333333334 0.9578125 0.07222222222222222 0.0375
6 0.49722222222222223 0.959375 0.058333333333333334 0.0328125
6 0.16666666666666666 0.959375 0.058333333333333334 0.0328125
6 0.9222222222222223 0.8734375 0.05 0.028125
6 0.9222222222222223 0.7421875 0.05 0.028125
6 0.9222222222222223 0.6125 0.05 0.028125
6 0.9222222222222223 0.48125 0.05 0.028125
7 0.11666666666666667 0.2203125 0.15555555555555556 0.0875
6 0.058333333333333334 0.1203125 0.025 0.028125
7 0.08611111111111111 0.0546875 0.07777777777777778 0.0390625
7 0.9166666666666666 0.053125 0.07777777777777778 0.040625
18 0.5 0.0109375 0.9972222222222222 0.0203125