4 0.4388888888888889 0.5 0.8777777777777778 0.9984375
6 0.06111111111111111 0.371875 0.04722222222222222 0.0203125
6 0.058333333333333334 0.3 0.04722222222222222 0.0265625
6 0.06111111111111111 0.2296875 0.044444444444444446 0.025
6 0.06111111111111111 0.1578125 0.044444444444444446 0.0234375
14 0.3 0.2296875 0.35833333333333334 0.0171875
14 0.18055555555555555 0.159375 0.11388888888888889 0.0171875
14 0.28888888888888886 0.303125 0.33055555555555555 0.0234375
14 0.26944444444444443 0.371875 0.2861111111111111 0.0171875
14 0.55 0.5328125 0.2722222222222222 0.021875
14 0.5694444444444444 0.4609375 0.31666666666666665 0.021875
14 0.13055555555555556 0.4609375 0.08611111111111111 0.0234375
14 0.1361111111111111 0.5328125 0.09722222222222222 0.021875
14 0.19444444444444445 0.59375 0.21666666666666667 0.0171875
14 0.4388888888888889 0.940625 0.6777777777777778 0.0234375
16 0.4388888888888889 0.6765625 0.8777777777777778 0.0671875
15 0.20277777777777778 0.075 0.35555555555555557 0.040625
8 0.4666666666666667 0.075 0.07222222222222222 0.040625
8 0.5916666666666667 0.075 0.075 0.0421875
18 0.5 0.0109375 0.9972222222222222 0.0203125
14 0.20277777777777778 0.078125 0.1388888888888889 0.0234375
14 0.39166666666666666 0.678125 0.42777777777777776 0.01875
6 0.10277777777777777 0.6765625 0.06388888888888888 0.0375