5 0.5 0.2796875 0.9027777777777778 0.065625
14 0.18611111111111112 0.2796875 0.18888888888888888 0.0171875
14 0.5 0.6609375 0.6472222222222223 0.040625
16 0.5 0.5828125 0.9027777777777778 0.065625
16 0.5 0.4984375 0.9027777777777778 0.065625
14 0.5 0.43125 0.05 0.0171875
15 0.5 0.365625 0.9027777777777778 0.065625
14 0.49722222222222223 0.1828125 0.6222222222222222 0.0578125
14 0.10833333333333334 0.0578125 0.11666666666666667 0.015625
14 0.5 0.0578125 0.2222222222222222 0.0328125
18 0.5 0.0109375 0.9972222222222222 0.0203125
14 0.5 0.365625 0.13055555555555556 0.0171875
14 0.5333333333333333 0.5 0.39166666666666666 0.021875
14 0.5361111111111111 0.5828125 0.44166666666666665 0.0171875
7 0.2638888888888889 0.5828125 0.044444444444444446 0.025
7 0.28888888888888886 0.496875 0.041666666666666664 0.025