7 0.4861111111111111 0.7703125 0.925 0.371875
15 0.4888888888888889 0.9203125 0.925 0.0703125
14 0.4888888888888889 0.9234375 0.8166666666666667 0.0234375
14 0.13055555555555556 0.5578125 0.1527777777777778 0.03125
2 0.7194444444444444 0.346875 0.4444444444444444 0.3375
6 0.6138888888888889 0.459375 0.19722222222222222 0.015625
14 0.8916666666666667 0.4875 0.09722222222222222 0.015625
14 0.8583333333333333 0.4609375 0.12777777777777777 0.0109375
14 0.7027777777777777 0.4125 0.375 0.0125
7 0.7194444444444444 0.2796875 0.4444444444444444 0.203125
2 0.24444444444444444 0.3453125 0.44722222222222224 0.3359375
14 0.3972222222222222 0.4875 0.09722222222222222 0.015625
14 0.38333333333333336 0.4609375 0.12777777777777777 0.0109375
6 0.1388888888888889 0.459375 0.19722222222222222 0.015625
14 0.14166666666666666 0.428125 0.20555555555555555 0.015625
14 0.2388888888888889 0.4015625 0.4 0.0171875
7 0.24444444444444444 0.278125 0.4444444444444444 0.203125
15 0.9027777777777778 0.14375 0.14722222222222223 0.040625
14 0.3 0.1421875 0.49166666666666664 0.025
17 0.5 0.05625 1 0.06875
6 0.06111111111111111 0.0578125 0.025 0.0265625
14 0.5 0.059375 0.2972222222222222 0.0234375
6 0.9055555555555556 0.0578125 0.044444444444444446 0.0234375
6 0.8 0.0578125 0.044444444444444446 0.0234375
18 0.5 0.0109375 0.9972222222222222 0.0203125
14 0.9 0.1421875 0.08888888888888889 0.0125