2 0.23333333333333334 0.2671875 0.38333333333333336 0.2984375
2 0.6388888888888888 0.2671875 0.38333333333333336 0.296875
2 0.23333333333333334 0.68125 0.38333333333333336 0.2984375
2 0.6388888888888888 0.68125 0.38333333333333336 0.296875
14 0.975 0.7953125 0.04722222222222222 0.0125
7 0.925 0.971875 0.14722222222222223 0.0546875
7 0.6361111111111111 0.971875 0.38055555555555554 0.0546875
7 0.23055555555555557 0.971875 0.38055555555555554 0.0546875
14 0.49722222222222223 0.9 0.325 0.0203125
14 0.9666666666666667 0.7703125 0.06111111111111111 0.0140625
14 0.6361111111111111 0.7953125 0.18333333333333332 0.0140625
14 0.6361111111111111 0.7703125 0.20555555555555555 0.015625
14 0.23055555555555557 0.7953125 0.125 0.0140625
14 0.23055555555555557 0.7703125 0.17777777777777778 0.015625
7 0.925 0.6328125 0.14722222222222223 0.2015625
7 0.6361111111111111 0.6328125 0.38055555555555554 0.2015625
7 0.23055555555555557 0.6328125 0.38055555555555554 0.2015625
14 0.5 0.4859375 0.19722222222222222 0.0203125
14 0.23055555555555557 0.3828125 0.1388888888888889 0.0140625
14 0.23055555555555557 0.3578125 0.058333333333333334 0.015625
14 0.6361111111111111 0.3828125 0.125 0.0140625
14 0.6361111111111111 0.359375 0.14444444444444443 0.0203125
7 0.925 0.2203125 0.14722222222222223 0.2015625
7 0.6361111111111111 0.2203125 0.38055555555555554 0.2015625
7 0.23055555555555557 0.2203125 0.38055555555555554 0.2015625
6 0.08611111111111111 0.0765625 0.03888888888888889 0.015625
14 0.5 0.0734375 0.09166666666666666 0.0203125
18 0.5 0.0109375 0.9972222222222222 0.0203125