5 0.5 0.1125 0.9027777777777778 0.0484375
14 0.275 0.1140625 0.30277777777777776 0.021875
9 0.5 0.5453125 0.9222222222222223 0.7765625
7 0.7388888888888889 0.8859375 0.44166666666666665 0.0953125
18 0.5 0.0109375 0.9972222222222222 0.0203125
14 0.5 0.0578125 0.3972222222222222 0.0203125
14 0.2111111111111111 0.4265625 0.33611111111111114 0.015625
14 0.08333333333333333 0.4515625 0.08055555555555556 0.0140625
14 0.6027777777777777 0.425 0.15833333333333333 0.0125
14 0.5611111111111111 0.4515625 0.075 0.0140625
14 0.20555555555555555 0.7671875 0.32222222222222224 0.015625
14 0.08333333333333333 0.7921875 0.08055555555555556 0.0140625
14 0.6472222222222223 0.7671875 0.24722222222222223 0.015625
14 0.5638888888888889 0.7921875 0.08055555555555556 0.0140625
1 0.5 0.9671875 1 0.065625
16 0.1 0.9703125 0.08611111111111111 0.0515625
14 0.1 0.990625 0.08611111111111111 0.0125
16 0.3 0.96875 0.07777777777777778 0.0515625
14 0.3 0.9890625 0.07777777777777778 0.009375
16 0.5 0.9703125 0.10555555555555556 0.0484375
14 0.5 0.9890625 0.10277777777777777 0.009375
16 0.6944444444444444 0.96875 0.06111111111111111 0.0515625
14 0.6972222222222222 0.9890625 0.04722222222222222 0.009375
16 0.8972222222222223 0.96875 0.041666666666666664 0.05
14 0.9 0.9890625 0.030555555555555555 0.009375
6 0.4305555555555556 0.4390625 0.06111111111111111 0.028125
6 0.9111111111111111 0.4390625 0.06111111111111111 0.028125
6 0.4305555555555556 0.7796875 0.06111111111111111 0.0296875
6 0.9111111111111111 0.7796875 0.06111111111111111 0.028125
6 0.8972222222222223 0.9578125 0.041666666666666664 0.028125
6 0.6944444444444444 0.959375 0.06111111111111111 0.0328125
6 0.5 0.959375 0.06111111111111111 0.028125
6 0.2972222222222222 0.9578125 0.05555555555555555 0.0328125
6 0.1 0.959375 0.04722222222222222 0.028125
6 0.044444444444444446 0.0578125 0.027777777777777776 0.028125
6 0.08611111111111111 0.1125 0.03611111111111111 0.0203125
7 0.7388888888888889 0.28125 0.44166666666666665 0.2453125
7 0.25833333333333336 0.28125 0.44166666666666665 0.2453125
7 0.25833333333333336 0.6203125 0.44166666666666665 0.2484375
7 0.7388888888888889 0.6203125 0.44166666666666665 0.2484375
7 0.25833333333333336 0.8859375 0.44166666666666665 0.0953125