18 0.5 0.0109375 0.9972222222222222 0.0203125
5 0.5 0.2015625 0.9027777777777778 0.065625
5 0.5 0.428125 0.9027777777777778 0.065625
7 0.3138888888888889 0.06875 0.09166666666666666 0.0296875
3 0.25555555555555554 0.2796875 0.4111111111111111 0.034375
14 0.5527777777777778 0.0671875 0.33055555555555555 0.021875
14 0.15555555555555556 0.15 0.20833333333333334 0.0125
14 0.2916666666666667 0.203125 0.43333333333333335 0.0203125
14 0.3 0.2796875 0.32222222222222224 0.0125
14 0.11944444444444445 0.3765625 0.14166666666666666 0.0125
14 0.14722222222222223 0.428125 0.14444444444444443 0.0171875
6 0.8944444444444445 0.428125 0.041666666666666664 0.015625
15 0.5 0.534375 0.36666666666666664 0.059375
14 0.5 0.596875 0.30277777777777776 0.01875
15 0.5 0.8609375 0.43333333333333335 0.059375
14 0.5 0.9453125 0.7583333333333333 0.01875
14 0.5 0.5359375 0.125 0.0203125
14 0.5 0.8609375 0.325 0.015625