5 0.5 0.3765625 0.8555555555555555 0.0390625
5 0.5 0.2828125 0.8555555555555555 0.0390625
5 0.5 0.190625 0.8555555555555555 0.0375
14 0.15833333333333333 0.365625 0.16666666666666666 0.01875
14 0.11944444444444445 0.2734375 0.09166666666666666 0.0171875
14 0.125 0.18125 0.10277777777777777 0.0171875
14 0.5 0.896875 0.6027777777777777 0.015625
14 0.5 0.8765625 0.4305555555555556 0.015625
14 0.5 0.571875 0.03888888888888889 0.0125
16 0.5 0.765625 0.8555555555555555 0.0765625
16 0.5 0.66875 0.8555555555555555 0.0765625
15 0.5 0.484375 0.8555555555555555 0.0765625
14 0.5 0.06875 0.25 0.0125
6 0.03611111111111111 0.0671875 0.030555555555555555 0.028125
18 0.5 0.0109375 0.9972222222222222 0.0203125
14 0.49722222222222223 0.4859375 0.325 0.021875
14 0.5 0.6703125 0.4 0.021875
14 0.5 0.76875 0.35833333333333334 0.0203125
7 0.14444444444444443 0.765625 0.044444444444444446 0.0265625
6 0.14444444444444443 0.66875 0.022222222222222223 0.0265625