15 0.5 0.4234375 0.9027777777777778 0.0671875
5 0.5 0.1546875 0.9027777777777778 0.0671875
5 0.5 0.334375 0.9027777777777778 0.0671875
5 0.5 0.24375 0.9027777777777778 0.0671875
17 0.5 0.05625 1 0.0625
14 0.4027777777777778 0.3359375 0.41388888888888886 0.0234375
14 0.3055555555555556 0.24375 0.2222222222222222 0.01875
14 0.2722222222222222 0.1546875 0.15555555555555556 0.01875
6 0.11666666666666667 0.1546875 0.04722222222222222 0.0265625
14 0.49722222222222223 0.5875 0.11944444444444445 0.021875
14 0.5 0.5515625 0.46111111111111114 0.021875
14 0.5 0.496875 0.725 0.01875
6 0.11666666666666667 0.334375 0.05 0.0328125
6 0.11666666666666667 0.2453125 0.05 0.03125
14 0.5 0.059375 0.22777777777777777 0.021875
6 0.075 0.05625 0.027777777777777776 0.0265625
18 0.5 0.0109375 0.9972222222222222 0.0203125
14 0.5 0.4265625 0.2388888888888889 0.025