18 0.5 0.0109375 0.9972222222222222 0.0203125
9 0.5 0.5109375 1 0.8453125
14 0.5 0.059375 0.14444444444444443 0.0203125
14 0.4861111111111111 0.1109375 0.3388888888888889 0.0171875
14 0.4888888888888889 0.1640625 0.3388888888888889 0.05625
14 0.5277777777777778 0.2203125 0.4166666666666667 0.0171875
14 0.49166666666666664 0.3015625 0.34444444444444444 0.01875
14 0.5888888888888889 0.3546875 0.5333333333333333 0.0578125
14 0.39444444444444443 0.4078125 0.15 0.0140625
14 0.48333333333333334 0.4921875 0.325 0.0171875
14 0.3972222222222222 0.5296875 0.15833333333333333 0.025
14 0.425 0.5640625 0.20555555555555555 0.0171875
14 0.48055555555555557 0.6828125 0.325 0.0171875
14 0.5222222222222223 0.7171875 0.4027777777777778 0.0203125
14 0.36944444444444446 0.7546875 0.09722222222222222 0.01875
14 0.48055555555555557 0.871875 0.32222222222222224 0.0171875
14 0.5027777777777778 0.9078125 0.35555555555555557 0.0203125
7 0.16111111111111112 0.1671875 0.2388888888888889 0.134375
7 0.15833333333333333 0.35625 0.2361111111111111 0.1328125
7 0.15833333333333333 0.5484375 0.2361111111111111 0.1328125
7 0.15833333333333333 0.7375 0.2361111111111111 0.1328125
7 0.16111111111111112 0.896875 0.2361111111111111 0.071875
1 0.5 0.9671875 1 0.065625
6 0.1 0.9671875 0.044444444444444446 0.0265625
6 0.3 0.9671875 0.044444444444444446 0.0265625
6 0.5 0.9671875 0.03333333333333333 0.0265625
6 0.6972222222222222 0.9671875 0.05277777777777778 0.0265625
6 0.8972222222222223 0.9671875 0.044444444444444446 0.025
6 0.8 0.7921875 0.03888888888888889 0.021875
6 0.9083333333333333 0.7921875 0.03888888888888889 0.01875
6 0.8 0.6015625 0.03888888888888889 0.021875
6 0.9083333333333333 0.6015625 0.03888888888888889 0.01875
6 0.8027777777777778 0.4109375 0.03888888888888889 0.021875
6 0.9083333333333333 0.4109375 0.03888888888888889 0.01875
6 0.8 0.221875 0.03888888888888889 0.021875
6 0.9083333333333333 0.221875 0.03888888888888889 0.01875