5 0.5 0.7203125 0.9222222222222223 0.0328125
5 0.5 0.6109375 0.9222222222222223 0.0328125
5 0.5 0.503125 0.9222222222222223 0.0328125
14 0.21944444444444444 0.7125 0.35555555555555557 0.0171875
14 0.19722222222222222 0.60625 0.3111111111111111 0.021875
14 0.24722222222222223 0.496875 0.4111111111111111 0.021875
14 0.5 0.9 0.6972222222222222 0.0484375
15 0.5 0.803125 0.9222222222222223 0.059375
14 0.12222222222222222 0.6765625 0.16111111111111112 0.015625
14 0.12777777777777777 0.56875 0.17222222222222222 0.0140625
14 0.16111111111111112 0.459375 0.2388888888888889 0.015625
14 0.5 0.390625 0.5361111111111111 0.0203125
14 0.49722222222222223 0.340625 0.4527777777777778 0.0265625
7 0.5 0.19375 0.4722222222222222 0.1765625
6 0.9472222222222222 0.084375 0.041666666666666664 0.0234375
18 0.5 0.0109375 0.9972222222222222 0.0203125
14 0.5 0.80625 0.14444444444444443 0.021875