1 0.5 0.965625 1 0.0671875
16 0.1 0.971875 0.17777777777777778 0.0453125
16 0.3 0.9703125 0.16666666666666666 0.05
16 0.5 0.96875 0.05277777777777778 0.0515625
16 0.6972222222222222 0.9703125 0.07777777777777778 0.0484375
16 0.9 0.9703125 0.07222222222222222 0.0484375
17 0.5 0.0546875 1 0.065625
14 0.1 0.9890625 0.17777777777777778 0.009375
14 0.3 0.990625 0.16666666666666666 0.0125
14 0.5 0.9890625 0.04722222222222222 0.009375
14 0.6972222222222222 0.9890625 0.07777777777777778 0.0109375
14 0.9 0.9890625 0.07222222222222222 0.0109375
6 0.9 0.959375 0.041666666666666664 0.0234375
6 0.6972222222222222 0.959375 0.05277777777777778 0.0265625
6 0.5 0.959375 0.05277777777777778 0.0296875
6 0.3 0.959375 0.04722222222222222 0.0265625
6 0.1 0.959375 0.04722222222222222 0.01875
15 0.5 0.5984375 0.9027777777777778 0.0671875
14 0.5 0.6015625 0.325 0.0234375
14 0.5 0.459375 0.8361111111111111 0.140625
14 0.5 0.34375 0.7222222222222222 0.0578125
7 0.5 0.0578125 0.075 0.0375
6 0.925 0.05625 0.05 0.028125
18 0.5 0.0109375 0.9972222222222222 0.0203125