17 0.5 0.0546875 1 0.0640625
5 0.46111111111111114 0.0546875 0.6611111111111111 0.0484375
14 0.3277777777777778 0.053125 0.25 0.0171875
14 0.2722222222222222 0.1171875 0.20555555555555555 0.01875
6 0.16666666666666666 0.053125 0.03333333333333333 0.01875
14 0.8861111111111111 0.059375 0.11944444444444445 0.021875
14 0.375 0.140625 0.4111111111111111 0.0171875
2 0.5 0.325 0.9638888888888889 0.184375
14 0.5444444444444444 0.2796875 0.5194444444444445 0.0421875
14 0.3888888888888889 0.3296875 0.20833333333333334 0.0140625
2 0.5 0.50625 0.9611111111111111 0.15625
14 0.44722222222222224 0.4640625 0.325 0.0203125
14 0.4027777777777778 0.4984375 0.2361111111111111 0.015625
2 0.5 0.675 0.9611111111111111 0.1578125
14 0.5527777777777778 0.6296875 0.5333333333333333 0.0171875
14 0.4166666666666667 0.6671875 0.2638888888888889 0.0140625
2 0.5 0.8421875 0.9611111111111111 0.15625
14 0.4305555555555556 0.7984375 0.2916666666666667 0.0171875
14 0.3972222222222222 0.8359375 0.22777777777777777 0.0171875
1 0.5 0.9671875 1 0.065625
16 0.1 0.96875 0.08333333333333333 0.0515625
14 0.1 0.9875 0.08333333333333333 0.0125
16 0.3 0.9703125 0.16944444444444445 0.0546875
14 0.3 0.9890625 0.16944444444444445 0.015625
16 0.5 0.96875 0.12777777777777777 0.05625
14 0.5 0.9890625 0.12777777777777777 0.015625
16 0.7 0.96875 0.07222222222222222 0.0546875
14 0.7 0.9890625 0.07222222222222222 0.0171875
16 0.9 0.96875 0.06388888888888888 0.05
14 0.9 0.9875 0.058333333333333334 0.0125
6 0.09444444444444444 0.13125 0.05555555555555555 0.0390625
6 0.1 0.959375 0.058333333333333334 0.03125
6 0.3 0.959375 0.058333333333333334 0.03125
6 0.5 0.959375 0.06666666666666667 0.0375
6 0.6972222222222222 0.959375 0.06388888888888888 0.034375
6 0.9 0.959375 0.06388888888888888 0.0296875
14 0.09444444444444444 0.209375 0.1111111111111111 0.0203125
15 0.6194444444444445 0.3734375 0.6722222222222223 0.0421875
15 0.6194444444444445 0.5421875 0.6722222222222223 0.0421875
15 0.6194444444444445 0.7109375 0.6722222222222223 0.0421875
15 0.6194444444444445 0.8796875 0.6722222222222223 0.0421875
7 0.15555555555555556 0.309375 0.18888888888888888 0.1078125
7 0.15555555555555556 0.503125 0.19444444444444445 0.0765625
7 0.15555555555555556 0.671875 0.058333333333333334 0.109375
7 0.1527777777777778 0.8390625 0.19444444444444445 0.046875
18 0.5 0.0109375 0.9972222222222222 0.0203125
14 0.6194444444444445 0.88125 0.225 0.01875
14 0.6194444444444445 0.7125 0.225 0.01875
14 0.6194444444444445 0.54375 0.225 0.01875
14 0.6194444444444445 0.375 0.225 0.0203125