14 0.1 0.05625 0.1 0.0171875
10 0.5 0.5359375 0.9611111111111111 0.4046875
5 0.5 0.5375 0.8833333333333333 0.0546875
5 0.5 0.6140625 0.8833333333333333 0.0546875
14 0.23055555555555557 0.6140625 0.2638888888888889 0.015625
14 0.14722222222222223 0.5375 0.09166666666666666 0.015625
15 0.5 0.6890625 0.8833333333333333 0.0546875
6 0.9111111111111111 0.3671875 0.03611111111111111 0.01875
14 0.4166666666666667 0.3703125 0.7111111111111111 0.03125
14 0.48055555555555557 0.446875 0.8444444444444444 0.08125
18 0.5 0.0109375 0.9972222222222222 0.0203125
14 0.5 0.690625 0.15555555555555556 0.0171875