15 0.6949152542372882 0.7296875 0.16610169491525423 0.0484375
15 0.5220338983050847 0.7296875 0.13220338983050847 0.0484375
18 0.5 0.02265625 1 0.0453125
17 0.5 0.0734375 1 0.05625
5 0.5050847457627119 0.1296875 0.9084745762711864 0.04375
7 0.5 0.27578125 1 0.2359375
14 0.8745762711864407 0.35625 0.10847457627118644 0.0171875
14 0.5016949152542373 0.071875 0.21694915254237288 0.025
7 0.0847457627118644 0.06875 0.0711864406779661 0.034375
14 0.15593220338983052 0.071875 0.04745762711864407 0.015625
6 0.8033898305084746 0.071875 0.05084745762711865 0.0296875
6 0.9186440677966101 0.0703125 0.0576271186440678 0.028125
6 0.8949152542372881 0.1296875 0.04406779661016949 0.021875
14 0.2983050847457627 0.13125 0.423728813559322 0.0171875
14 0.5016949152542373 0.2109375 0.376271186440678 0.0171875
14 0.5016949152542373 0.296875 0.5254237288135594 0.1125
16 0.11186440677966102 0.4546875 0.15593220338983052 0.096875
16 0.3016949152542373 0.4546875 0.15932203389830507 0.0953125
16 0.4915254237288136 0.4546875 0.15593220338983052 0.0984375
16 0.6813559322033899 0.4546875 0.15254237288135594 0.096875
16 0.8677966101694915 0.4546875 0.15254237288135594 0.0953125
16 0.11186440677966102 0.5640625 0.15932203389830507 0.0953125
16 0.3016949152542373 0.565625 0.15593220338983052 0.096875
16 0.4915254237288136 0.5625 0.15254237288135594 0.096875
16 0.6779661016949152 0.5640625 0.15254237288135594 0.0953125
16 0.8711864406779661 0.5640625 0.15593220338983052 0.09375
7 0.11186440677966102 0.4421875 0.15593220338983052 0.071875
7 0.3016949152542373 0.4421875 0.15932203389830507 0.071875
7 0.4915254237288136 0.44375 0.15593220338983052 0.071875
7 0.6813559322033899 0.4421875 0.15254237288135594 0.0734375
7 0.8677966101694915 0.4421875 0.15254237288135594 0.071875
7 0.11186440677966102 0.5515625 0.15932203389830507 0.071875
7 0.2983050847457627 0.553125 0.15593220338983052 0.071875
7 0.4915254237288136 0.553125 0.15593220338983052 0.0734375
7 0.6813559322033899 0.5515625 0.14915254237288136 0.0734375
7 0.8711864406779661 0.5515625 0.15593220338983052 0.071875
14 0.11186440677966102 0.496875 0.07457627118644068 0.0140625
14 0.3016949152542373 0.496875 0.07796610169491526 0.0125
14 0.4915254237288136 0.4953125 0.05084745762711865 0.0125
14 0.6779661016949152 0.4953125 0.08135593220338982 0.0125
14 0.8677966101694915 0.496875 0.08135593220338982 0.0140625
14 0.10847457627118644 0.60625 0.11186440677966102 0.0125
14 0.3016949152542373 0.60625 0.15593220338983052 0.0140625
14 0.488135593220339 0.6046875 0.05084745762711865 0.0125
14 0.6745762711864407 0.6046875 0.10508474576271186 0.0125
14 0.8677966101694915 0.6046875 0.05084745762711865 0.0125
14 0.29152542372881357 0.6703125 0.4915254237288136 0.0234375
15 0.11186440677966102 0.7296875 0.13898305084745763 0.0484375
14 0.10847457627118644 0.7296875 0.0576271186440678 0.015625
16 0.3152542372881356 0.7296875 0.23389830508474577 0.0484375
14 0.3389830508474576 0.7296875 0.12203389830508475 0.015625
14 0.5220338983050847 0.7296875 0.0576271186440678 0.015625
14 0.6915254237288135 0.7296875 0.09152542372881356 0.015625
14 0.911864406779661 0.7296875 0.15593220338983052 0.0140625
7 0.2542372881355932 0.73125 0.04406779661016949 0.0171875
7 0.18305084745762712 0.8203125 0.2983050847457627 0.0921875
7 0.5016949152542373 0.8203125 0.2983050847457627 0.0921875
7 0.8203389830508474 0.8203125 0.2983050847457627 0.090625
6 0.28135593220338984 0.7984375 0.04745762711864407 0.01875
6 0.6 0.796875 0.05084745762711865 0.01875
6 0.9186440677966101 0.796875 0.05084745762711865 0.01875
1 0.5 0.90234375 1 0.0734375
16 0.0847457627118644 0.9015625 0.061016949152542375 0.046875
16 0.25084745762711863 0.903125 0.11186440677966102 0.04375
16 0.41694915254237286 0.9015625 0.0576271186440678 0.046875
16 0.5830508474576271 0.903125 0.05423728813559322 0.0421875
16 0.7491525423728813 0.903125 0.05423728813559322 0.0453125
16 0.9152542372881356 0.903125 0.13220338983050847 0.0453125
6 0.08135593220338982 0.8921875 0.061016949152542375 0.028125
6 0.24745762711864408 0.89375 0.05423728813559322 0.021875
6 0.41694915254237286 0.8921875 0.05423728813559322 0.025
6 0.5830508474576271 0.8921875 0.05423728813559322 0.021875
6 0.7491525423728813 0.890625 0.05423728813559322 0.021875
6 0.9186440677966101 0.8921875 0.04745762711864407 0.021875
14 0.0847457627118644 0.9171875 0.023728813559322035 0.0109375
14 0.25084745762711863 0.91875 0.10847457627118644 0.0125
14 0.41694915254237286 0.91875 0.05084745762711865 0.0140625
14 0.5830508474576271 0.91875 0.05084745762711865 0.0109375
14 0.7491525423728813 0.9171875 0.023728813559322035 0.0140625
14 0.9186440677966101 0.9171875 0.13220338983050847 0.0140625