18 0.5 0.0171875 1 0.034375
17 0.5 0.07578125 1 0.0828125
11 0.5 0.140625 1 0.04375
7 0.5016949152542373 0.284375 0.9186440677966101 0.225
16 0.1288135593220339 0.4515625 0.09830508474576272 0.0671875
16 0.30847457627118646 0.45 0.12203389830508475 0.0671875
16 0.488135593220339 0.45 0.07796610169491526 0.0671875
16 0.6644067796610169 0.45 0.0847457627118644 0.06875
16 0.8440677966101695 0.45 0.11186440677966102 0.0671875
16 0.1288135593220339 0.546875 0.08135593220338982 0.06875
16 0.30847457627118646 0.546875 0.09830508474576272 0.06875
16 0.4847457627118644 0.5484375 0.0847457627118644 0.065625
16 0.6644067796610169 0.546875 0.07457627118644068 0.06875
16 0.8406779661016949 0.546875 0.11186440677966102 0.06875
12 0.5016949152542373 0.60625 0.16610169491525423 0.0125
7 0.23728813559322035 0.7859375 0.3898305084745763 0.1625
7 0.6610169491525424 0.7875 0.3898305084745763 0.1625
8 0.8406779661016949 0.7921875 0.22372881355932203 0.103125
1 0.5 0.90390625 1 0.0703125
6 0.09830508474576272 0.9046875 0.06440677966101695 0.0234375
6 0.3016949152542373 0.9046875 0.06440677966101695 0.0296875
6 0.49830508474576274 0.9046875 0.0711864406779661 0.0328125
6 0.7016949152542373 0.9046875 0.06779661016949153 0.0265625
6 0.9016949152542373 0.903125 0.0576271186440678 0.028125
14 0.19661016949152543 0.671875 0.31864406779661014 0.028125
14 0.8576271186440678 0.6734375 0.14576271186440679 0.015625
6 0.9525423728813559 0.6703125 0.013559322033898305 0.0125
14 0.1288135593220339 0.5734375 0.0711864406779661 0.0125
14 0.30847457627118646 0.575 0.09830508474576272 0.0125
14 0.4847457627118644 0.575 0.0847457627118644 0.0125
14 0.6644067796610169 0.5734375 0.06779661016949153 0.0125
14 0.8406779661016949 0.5734375 0.11186440677966102 0.0125
14 0.1288135593220339 0.478125 0.09830508474576272 0.0125
14 0.30847457627118646 0.478125 0.12203389830508475 0.0125
14 0.488135593220339 0.478125 0.05423728813559322 0.0125
14 0.6644067796610169 0.478125 0.0847457627118644 0.0125
14 0.8440677966101695 0.478125 0.11186440677966102 0.0125
7 0.1288135593220339 0.434375 0.0847457627118644 0.034375
7 0.30847457627118646 0.434375 0.06440677966101695 0.0359375
7 0.488135593220339 0.434375 0.07796610169491526 0.034375
7 0.6644067796610169 0.434375 0.07796610169491526 0.0359375
7 0.8440677966101695 0.434375 0.08135593220338982 0.034375
7 0.1288135593220339 0.5296875 0.08135593220338982 0.0359375
7 0.30847457627118646 0.53125 0.05423728813559322 0.0359375
7 0.4847457627118644 0.53125 0.0847457627118644 0.03125
7 0.6644067796610169 0.5296875 0.07457627118644068 0.034375
7 0.8440677966101695 0.5296875 0.07796610169491526 0.034375
6 0.23728813559322035 0.840625 0.061016949152542375 0.0359375
14 0.31186440677966104 0.278125 0.39661016949152544 0.1109375
14 0.864406779661017 0.3671875 0.09830508474576272 0.015625
14 0.0847457627118644 0.1375 0.0576271186440678 0.025
14 0.19661016949152543 0.1390625 0.061016949152542375 0.0203125
14 0.33220338983050846 0.1375 0.1016949152542373 0.0203125
14 0.48135593220338985 0.1375 0.09491525423728814 0.0203125
14 0.6372881355932203 0.1375 0.11864406779661017 0.01875
14 0.823728813559322 0.1375 0.13898305084745763 0.01875
5 0.46779661016949153 0.0765625 0.5728813559322034 0.0484375
7 0.09491525423728814 0.071875 0.11186440677966102 0.0484375
6 0.25084745762711863 0.0765625 0.05084745762711865 0.025
6 0.8203389830508474 0.0765625 0.0576271186440678 0.03125
6 0.9220338983050848 0.0765625 0.06779661016949153 0.0296875
14 0.13220338983050847 0.7328125 0.0847457627118644 0.0125