16 0.15202702702702703 0.321875 0.11486486486486487 0.0671875
18 0.5 0.0296875 0.9966216216216216 0.05625
2 0.5 0.1515625 0.9966216216216216 0.184375
14 0.13175675675675674 0.0859375 0.15202702702702703 0.021875
15 0.32094594594594594 0.0890625 0.15878378378378377 0.0265625
14 0.32094594594594594 0.0890625 0.10810810810810811 0.015625
6 0.706081081081081 0.0890625 0.05067567567567568 0.0265625
6 0.8074324324324325 0.0875 0.05067567567567568 0.0234375
6 0.9121621621621622 0.0890625 0.04391891891891892 0.021875
7 0.8885135135135135 0.1796875 0.125 0.0578125
5 0.4222972972972973 0.18125 0.7432432432432432 0.0578125
14 0.2533783783783784 0.18125 0.32432432432432434 0.0171875
6 0.6216216216216216 0.18125 0.04391891891891892 0.0203125
6 0.7364864864864865 0.1796875 0.0472972972972973 0.021875
16 0.3581081081081081 0.3234375 0.11824324324324324 0.0640625
16 0.5641891891891891 0.3203125 0.19932432432432431 0.090625
16 0.7702702702702703 0.3234375 0.11824324324324324 0.065625
6 0.7702702702702703 0.3078125 0.08108108108108109 0.0359375
6 0.5641891891891891 0.309375 0.08783783783783784 0.0375
6 0.3581081081081081 0.309375 0.07094594594594594 0.0359375
6 0.1554054054054054 0.309375 0.06756756756756757 0.040625
14 0.15202702702702703 0.3484375 0.11486486486486487 0.0125
14 0.3581081081081081 0.3484375 0.11824324324324324 0.0140625
14 0.5608108108108109 0.3484375 0.13175675675675674 0.015625
14 0.7668918918918919 0.3484375 0.11824324324324324 0.015625
9 0.18243243243243243 0.696875 0.3614864864864865 0.6046875
14 0.0945945945945946 0.4265625 0.060810810810810814 0.015625
14 0.0945945945945946 0.484375 0.06418918918918919 0.015625
14 0.125 0.5421875 0.125 0.015625
9 0.6824324324324325 0.540625 0.6351351351351351 0.2921875
14 0.6148648648648649 0.4265625 0.3716216216216216 0.0140625
14 0.5641891891891891 0.484375 0.27702702702702703 0.0140625
14 0.5574324324324325 0.5421875 0.25675675675675674 0.0140625
14 0.5945945945945946 0.6 0.3344594594594595 0.015625
14 0.6013513513513513 0.6578125 0.34797297297297297 0.015625
6 0.918918918918919 0.6015625 0.033783783783783786 0.0109375
6 0.918918918918919 0.659375 0.033783783783783786 0.0078125
8 0.9459459459459459 0.3234375 0.08445945945945946 0.04375