15 0.9355932203389831 0.165625 0.12542372881355932 0.0375
15 0.7864406779661017 0.165625 0.13898305084745763 0.0359375
15 0.6271186440677966 0.1640625 0.16271186440677965 0.034375
15 0.4610169491525424 0.165625 0.1423728813559322 0.0390625
15 0.3016949152542373 0.1640625 0.15593220338983052 0.0375
16 0.11864406779661017 0.165625 0.17966101694915254 0.0375
18 0.5 0.02109375 1 0.0421875
17 0.5 0.06484375 1 0.0453125
6 0.08135593220338982 0.0609375 0.030508474576271188 0.0203125
6 0.823728813559322 0.0625 0.0576271186440678 0.0234375
6 0.9186440677966101 0.0609375 0.04745762711864407 0.025
14 0.8576271186440678 0.1125 0.04406779661016949 0.0125
6 0.911864406779661 0.1125 0.03389830508474576 0.0140625
14 0.06440677966101695 0.1140625 0.04406779661016949 0.0140625
6 0.11186440677966102 0.1125 0.020338983050847456 0.009375
6 0.38305084745762713 0.1125 0.023728813559322035 0.0078125
6 0.6237288135593221 0.1140625 0.02711864406779661 0.009375
6 0.09830508474576272 0.165625 0.05423728813559322 0.0140625
6 0.2983050847457627 0.1640625 0.061016949152542375 0.015625
6 0.4610169491525424 0.1640625 0.04406779661016949 0.0140625
6 0.6237288135593221 0.1640625 0.06779661016949153 0.0140625
6 0.7864406779661017 0.1640625 0.04406779661016949 0.0125
6 0.9593220338983051 0.1640625 0.08135593220338982 0.0125
6 0.23389830508474577 0.215625 0.04067796610169491 0.015625
6 0.6508474576271186 0.215625 0.04406779661016949 0.015625
14 0.42033898305084744 0.2171875 0.2847457627118644 0.0140625
14 0.7423728813559322 0.215625 0.09152542372881356 0.0140625
7 0.2576271186440678 0.3859375 0.44745762711864406 0.2671875
7 0.7457627118644068 0.3859375 0.4542372881355932 0.265625
8 0.423728813559322 0.490625 0.06779661016949153 0.034375
8 0.9084745762711864 0.490625 0.06779661016949153 0.0328125
6 0.9254237288135593 0.565625 0.04067796610169491 0.01875
6 0.4406779661016949 0.565625 0.03728813559322034 0.015625
7 0.2576271186440678 0.778125 0.44745762711864406 0.265625
7 0.7457627118644068 0.778125 0.4542372881355932 0.2671875
14 0.2542372881355932 0.5421875 0.4406779661016949 0.0140625
14 0.09491525423728814 0.5640625 0.12542372881355932 0.0140625
14 0.735593220338983 0.5421875 0.43050847457627117 0.0140625
14 0.5796610169491525 0.565625 0.1288135593220339 0.0125
14 0.09152542372881356 0.61875 0.07796610169491526 0.009375
14 0.576271186440678 0.6203125 0.07457627118644068 0.0125
14 0.2542372881355932 0.9328125 0.4440677966101695 0.0140625
14 0.7423728813559322 0.9328125 0.4440677966101695 0.0125
8 0.423728813559322 0.88125 0.06779661016949153 0.0328125
8 0.9084745762711864 0.884375 0.06779661016949153 0.034375
8 0.0576271186440678 0.5921875 0.05423728813559322 0.0234375
8 0.12542372881355932 0.5921875 0.05423728813559322 0.0234375
8 0.18983050847457628 0.5921875 0.05423728813559322 0.0234375
8 0.2542372881355932 0.5921875 0.05423728813559322 0.025
8 0.31864406779661014 0.5921875 0.05084745762711865 0.025
8 0.38305084745762713 0.5921875 0.05423728813559322 0.0234375
8 0.44745762711864406 0.5921875 0.05423728813559322 0.0234375
8 0.5423728813559322 0.5921875 0.05423728813559322 0.0234375
8 0.6067796610169491 0.5921875 0.05084745762711865 0.0234375
8 0.6745762711864407 0.5921875 0.05423728813559322 0.0234375
8 0.7389830508474576 0.5921875 0.05423728813559322 0.025
8 0.8033898305084746 0.5921875 0.05423728813559322 0.0234375
8 0.8677966101694915 0.5921875 0.05423728813559322 0.025
8 0.9355932203389831 0.5921875 0.05423728813559322 0.025
7 0.1423728813559322 0.1640625 0.03389830508474576 0.0203125
14 0.30847457627118646 0.1125 0.08813559322033898 0.0125
14 0.5694915254237288 0.1140625 0.061016949152542375 0.0125
14 0.4745762711864407 0.0625 0.14915254237288136 0.01875
7 0.576271186440678 0.0609375 0.05084745762711865 0.021875