18 0.5 0.021875 1 0.04375
17 0.5 0.0703125 1 0.053125
5 0.48135593220338985 0.06875 0.6847457627118644 0.0375
1 0.39322033898305087 0.9078125 0.7830508474576271 0.059375
8 0.8915254237288136 0.8046875 0.10847457627118644 0.0484375
15 0.888135593220339 0.8921875 0.1694915254237288 0.0796875
6 0.0847457627118644 0.0671875 0.05423728813559322 0.0234375
6 0.9186440677966101 0.0671875 0.0576271186440678 0.025
6 0.09152542372881356 0.90625 0.0576271186440678 0.028125
6 0.27796610169491526 0.90625 0.0576271186440678 0.0203125
6 0.4610169491525424 0.90625 0.0576271186440678 0.0234375
6 0.6406779661016949 0.90625 0.05423728813559322 0.0265625
6 0.9152542372881356 0.878125 0.010169491525423728 0.0125
6 0.8915254237288136 0.8046875 0.0576271186440678 0.0265625
14 0.8779661016949153 0.878125 0.04067796610169491 0.0125
14 0.888135593220339 0.9 0.08135593220338982 0.0125
14 0.11864406779661017 0.5078125 0.11864406779661017 0.015625
14 0.12542372881355932 0.4671875 0.13898305084745763 0.015625
14 0.1288135593220339 0.425 0.14576271186440679 0.015625
14 0.15593220338983052 0.384375 0.19661016949152543 0.0140625
14 0.1423728813559322 0.3421875 0.16271186440677965 0.0171875
14 0.6271186440677966 0.3421875 0.2305084745762712 0.015625
14 0.5898305084745763 0.384375 0.14915254237288136 0.0140625
14 0.5864406779661017 0.4265625 0.1423728813559322 0.0140625
14 0.6711864406779661 0.4671875 0.30847457627118646 0.015625
14 0.6169491525423729 0.5078125 0.2033898305084746 0.0140625
14 0.1423728813559322 0.296875 0.16610169491525423 0.01875
14 0.13898305084745763 0.153125 0.15932203389830507 0.01875
14 0.2033898305084746 0.2046875 0.29152542372881357 0.0171875
14 0.3728813559322034 0.065625 0.43050847457627117 0.0171875