18 0.5 0.0328125 1 0.065625
17 0.5 0.09765625 1 0.0640625
14 0.28135593220338984 0.0921875 0.4610169491525424 0.0296875
6 0.9254237288135593 0.090625 0.05084745762711865 0.0234375
14 0.3254237288135593 0.175 0.5389830508474577 0.0453125
14 0.6644067796610169 0.1890625 0.10847457627118644 0.01875
6 0.752542372881356 0.1890625 0.020338983050847456 0.015625
14 0.13559322033898305 0.2703125 0.16271186440677965 0.01875
14 0.09152542372881356 0.4796875 0.08135593220338982 0.0234375
14 0.11186440677966102 0.7328125 0.11864406779661017 0.0203125
14 0.10508474576271186 0.8703125 0.09830508474576272 0.015625
14 0.08813559322033898 0.825 0.06440677966101695 0.015625
14 0.13220338983050847 0.78125 0.15593220338983052 0.0171875
14 0.6203389830508474 0.7796875 0.2305084745762712 0.0140625
14 0.5525423728813559 0.825 0.09830508474576272 0.015625
14 0.5559322033898305 0.8703125 0.09830508474576272 0.015625
14 0.535593220338983 0.5265625 0.06440677966101695 0.015625
14 0.535593220338983 0.571875 0.06440677966101695 0.015625
14 0.5525423728813559 0.615625 0.1016949152542373 0.0140625
14 0.535593220338983 0.6625 0.06440677966101695 0.015625
14 0.5389830508474577 0.31875 0.061016949152542375 0.015625
14 0.5932203389830508 0.3640625 0.17288135593220338 0.015625
14 0.11864406779661017 0.31875 0.1288135593220339 0.015625
14 0.12203389830508475 0.3625 0.1288135593220339 0.015625
14 0.08813559322033898 0.4078125 0.06440677966101695 0.015625
14 0.0847457627118644 0.5265625 0.061016949152542375 0.015625
14 0.0847457627118644 0.571875 0.061016949152542375 0.015625
14 0.08813559322033898 0.6171875 0.06440677966101695 0.015625
14 0.10508474576271186 0.6625 0.09830508474576272 0.0171875
6 0.24745762711864408 0.26875 0.020338983050847456 0.015625
7 0.23728813559322035 0.7796875 0.03389830508474576 0.015625
1 0.5 0.95 1 0.1
16 0.08135593220338982 0.93125 0.03728813559322034 0.0390625
16 0.25084745762711863 0.93125 0.04067796610169491 0.040625
16 0.41694915254237286 0.93125 0.0576271186440678 0.040625
16 0.5864406779661017 0.93125 0.04745762711864407 0.04375
16 0.752542372881356 0.93125 0.05423728813559322 0.0421875
16 0.9186440677966101 0.9296875 0.05423728813559322 0.0421875
6 0.08135593220338982 0.9234375 0.02711864406779661 0.021875
6 0.25084745762711863 0.921875 0.023728813559322035 0.021875
6 0.41694915254237286 0.9234375 0.05423728813559322 0.021875
6 0.5864406779661017 0.921875 0.04745762711864407 0.025
6 0.752542372881356 0.921875 0.05423728813559322 0.025
14 0.752542372881356 0.946875 0.03728813559322034 0.0109375
14 0.5864406779661017 0.946875 0.04067796610169491 0.009375
14 0.41694915254237286 0.946875 0.0576271186440678 0.009375
14 0.25084745762711863 0.946875 0.03728813559322034 0.009375
14 0.08135593220338982 0.946875 0.03728813559322034 0.009375
14 0.9186440677966101 0.946875 0.03728813559322034 0.0078125
6 0.9186440677966101 0.921875 0.05423728813559322 0.0265625