16 0.1864406779661017 0.5578125 0.1152542372881356 0.0234375
15 0.7966101694915254 0.5984375 0.21016949152542372 0.040625
15 0.5559322033898305 0.5984375 0.20677966101694914 0.0390625
15 0.31864406779661014 0.5984375 0.2033898305084746 0.0375
15 0.10847457627118644 0.5984375 0.14915254237288136 0.040625
18 0.5 0.021875 1 0.04375
17 0.5 0.06875 1 0.05
7 0.5 0.265625 1 0.3375
15 0.5627118644067797 0.9046875 0.8101694915254237 0.0484375
14 0.5627118644067797 0.90625 0.19322033898305085 0.021875
14 0.19661016949152543 0.7796875 0.16610169491525423 0.0140625
14 0.3864406779661017 0.8140625 0.5423728813559322 0.015625
14 0.2 0.74375 0.33559322033898303 0.0171875
14 0.1423728813559322 0.6453125 0.21694915254237288 0.0140625
14 0.2677966101694915 0.6765625 0.4711864406779661 0.0140625
14 0.31864406779661014 0.6015625 0.13220338983050847 0.0140625
14 0.11186440677966102 0.6015625 0.07796610169491526 0.0140625
14 0.5559322033898305 0.6 0.1288135593220339 0.0140625
14 0.7966101694915254 0.6015625 0.13898305084745763 0.0171875
14 0.8508474576271187 0.5578125 0.12542372881355932 0.0109375
14 0.8542372881355932 0.503125 0.10847457627118644 0.0125
14 0.3389830508474576 0.5140625 0.6101694915254238 0.0328125
14 0.07457627118644068 0.559375 0.0711864406779661 0.0140625
14 0.22372881355932203 0.4625 0.376271186440678 0.0203125
14 0.4576271186440678 0.4015625 0.11186440677966102 0.0125
14 0.5694915254237288 0.4 0.0576271186440678 0.0109375
5 0.3864406779661017 0.0640625 0.49830508474576274 0.034375
6 0.06440677966101695 0.0640625 0.04406779661016949 0.0234375
6 0.18305084745762712 0.0640625 0.03728813559322034 0.01875
16 0.6949152542372882 0.071875 0.09152542372881356 0.0390625
6 0.8203389830508474 0.065625 0.0576271186440678 0.0265625
6 0.9322033898305084 0.065625 0.01694915254237288 0.025
14 0.2440677966101695 0.0671875 0.0576271186440678 0.015625
6 0.7762711864406779 0.503125 0.03389830508474576 0.0171875
14 0.1694915254237288 0.5578125 0.04067796610169491 0.0140625
6 0.2135593220338983 0.5578125 0.020338983050847456 0.0078125
6 0.061016949152542375 0.778125 0.04406779661016949 0.01875
6 0.9457627118644067 0.790625 0.013559322033898305 0.0109375
6 0.07796610169491526 0.90625 0.07457627118644068 0.034375
6 0.9491525423728814 0.503125 0.01694915254237288 0.0125
6 0.9457627118644067 0.5578125 0.01694915254237288 0.0125
14 0.711864406779661 0.084375 0.04406779661016949 0.009375
6 0.6677966101694915 0.084375 0.02711864406779661 0.0109375
6 0.6949152542372882 0.065625 0.05084745762711865 0.0234375