16 0.8135593220338984 0.175 0.28135593220338984 0.059375
14 0.18305084745762712 0.175 0.2576271186440678 0.0578125
14 0.488135593220339 0.6171875 0.8711864406779661 0.0484375
14 0.3728813559322034 0.7765625 0.6338983050847458 0.046875
14 0.08813559322033898 0.6703125 0.06779661016949153 0.0171875
14 0.08813559322033898 0.8265625 0.0711864406779661 0.0125
14 0.15932203389830507 0.56875 0.07796610169491526 0.0125
14 0.17288135593220338 0.728125 0.10847457627118644 0.0140625
14 0.16610169491525423 0.26875 0.23389830508474577 0.034375
7 0.9322033898305084 0.0890625 0.1016949152542373 0.046875
6 0.0711864406779661 0.56875 0.03389830508474576 0.01875
6 0.0711864406779661 0.728125 0.03389830508474576 0.0125
1 0.5 0.91875 1 0.075
16 0.12542372881355932 0.921875 0.16271186440677965 0.059375
16 0.3728813559322034 0.925 0.09830508474576272 0.0515625
16 0.6237288135593221 0.925 0.1288135593220339 0.0515625
16 0.8745762711864407 0.9265625 0.11864406779661017 0.0484375
7 0.5016949152542373 0.43125 0.9016949152542373 0.2296875
8 0.9152542372881356 0.26875 0.0711864406779661 0.034375
6 0.7966101694915254 0.6703125 0.05423728813559322 0.021875
6 0.9220338983050848 0.6703125 0.04067796610169491 0.0046875
6 0.7966101694915254 0.8265625 0.05423728813559322 0.021875
6 0.9220338983050848 0.8265625 0.04406779661016949 0.0046875
7 0.8610169491525423 0.7625 0.18305084745762712 0.084375
14 0.5016949152542373 0.090625 0.2542372881355932 0.0234375
6 0.0711864406779661 0.0890625 0.04067796610169491 0.0203125
18 0.5 0.02109375 1 0.0421875
6 0.12542372881355932 0.9109375 0.16271186440677965 0.0390625
14 0.12203389830508475 0.9453125 0.04745762711864407 0.0125
6 0.3728813559322034 0.9109375 0.05423728813559322 0.025
14 0.3728813559322034 0.9453125 0.09491525423728814 0.0109375
6 0.6237288135593221 0.9109375 0.05084745762711865 0.021875
14 0.6237288135593221 0.9453125 0.12542372881355932 0.0125
6 0.8779661016949153 0.9109375 0.05084745762711865 0.01875
14 0.8745762711864407 0.9453125 0.11864406779661017 0.0109375
14 0.7762711864406779 0.175 0.09830508474576272 0.0171875
7 0.888135593220339 0.175 0.08135593220338982 0.0359375
6 0.9152542372881356 0.26875 0.01694915254237288 0.0140625
14 0.9322033898305084 0.0890625 0.0576271186440678 0.0140625