18 0.5 0.03046875 1 0.0609375
17 0.5 0.09140625 1 0.0546875
6 0.06779661016949153 0.0875 0.0576271186440678 0.0234375
6 0.8305084745762712 0.0890625 0.05423728813559322 0.0234375
6 0.9322033898305084 0.0875 0.04745762711864407 0.0203125
14 0.49830508474576274 0.0890625 0.21016949152542372 0.0203125
11 0.5 0.14609375 1 0.0515625
14 0.14576271186440679 0.146875 0.07796610169491526 0.01875
14 0.3898305084745763 0.146875 0.11864406779661017 0.01875
14 0.6338983050847458 0.146875 0.07796610169491526 0.01875
14 0.8542372881355932 0.146875 0.07457627118644068 0.01875
6 0.6711864406779661 0.2015625 0.04406779661016949 0.021875
14 0.8135593220338984 0.203125 0.2135593220338983 0.015625
2 0.5016949152542373 0.3703125 0.8949152542372881 0.2859375
14 0.16610169491525423 0.265625 0.1152542372881356 0.01875
6 0.8847457627118644 0.2671875 0.023728813559322035 0.0078125
15 0.15254237288135594 0.3546875 0.08813559322033898 0.0234375
14 0.15254237288135594 0.3546875 0.0576271186440678 0.0140625
14 0.3593220338983051 0.39375 0.38305084745762713 0.015625
15 0.8203389830508474 0.403125 0.14915254237288136 0.0375
14 0.8169491525423729 0.4046875 0.06440677966101695 0.0171875
7 0.12542372881355932 0.3953125 0.03728813559322034 0.0171875
2 0.5016949152542373 0.6828125 0.8949152542372881 0.2875
14 0.16610169491525423 0.578125 0.11186440677966102 0.01875
6 0.8847457627118644 0.578125 0.023728813559322035 0.0078125
15 0.17627118644067796 0.665625 0.13559322033898305 0.0234375
14 0.17627118644067796 0.665625 0.08135593220338982 0.0140625
14 0.29491525423728815 0.7046875 0.26101694915254237 0.015625
7 0.12542372881355932 0.70625 0.03728813559322034 0.0171875
14 0.1423728813559322 0.7828125 0.06440677966101695 0.015625