18 0.5 0.02109375 1 0.0421875
17 0.5 0.0703125 1 0.05625
7 0.5 0.31953125 1 0.4421875
15 0.5796610169491525 0.8921875 0.7728813559322034 0.0640625
6 0.07796610169491526 0.065625 0.02711864406779661 0.025
6 0.1864406779661017 0.0671875 0.0576271186440678 0.0234375
6 0.7084745762711865 0.0671875 0.05423728813559322 0.0265625
6 0.8135593220338984 0.0671875 0.0576271186440678 0.0265625
6 0.9322033898305084 0.0703125 0.07796610169491526 0.040625
14 0.09830508474576272 0.5171875 0.14915254237288136 0.0203125
14 0.8 0.50625 0.1694915254237288 0.015625
6 0.9186440677966101 0.50625 0.01694915254237288 0.0125
14 0.08135593220338982 0.56875 0.0711864406779661 0.015625
14 0.3254237288135593 0.6203125 0.5627118644067797 0.0171875
14 0.3423728813559322 0.6703125 0.5932203389830508 0.0265625
14 0.3152542372881356 0.7796875 0.5322033898305085 0.025
14 0.13898305084745763 0.8171875 0.19661016949152543 0.01875
14 0.864406779661017 0.778125 0.19661016949152543 0.0203125
14 0.576271186440678 0.8921875 0.14576271186440679 0.01875
14 0.1016949152542373 0.909375 0.04406779661016949 0.0109375
6 0.1016949152542373 0.8828125 0.06779661016949153 0.028125
6 0.6237288135593221 0.78125 0.04067796610169491 0.0078125
6 0.16610169491525423 0.71875 0.24067796610169492 0.0203125
14 0.31186440677966104 0.721875 0.020338983050847456 0.0125
14 0.41694915254237286 0.7203125 0.12542372881355932 0.01875
8 0.9186440677966101 0.809375 0.10847457627118644 0.053125