18 0.5 0.0265625 1 0.0484375
17 0.5 0.084375 1 0.0578125
7 0.5033783783783784 0.221875 0.4864864864864865 0.21875
7 0.7195945945945946 0.375 0.05067567567567568 0.0296875
9 0.5 0.728125 1 0.1796875
1 0.5 0.94375 1 0.1109375
16 0.10135135135135136 0.925 0.05405405405405406 0.0484375
16 0.30067567567567566 0.925 0.06756756756756757 0.0484375
16 0.5 0.9265625 0.060810810810810814 0.0453125
16 0.7027027027027027 0.9265625 0.06418918918918919 0.046875
16 0.902027027027027 0.9265625 0.0777027027027027 0.046875
16 0.13851351351351351 0.615625 0.15878378378378377 0.01875
16 0.35135135135135137 0.615625 0.15878378378378377 0.0171875
7 0.11824324324324324 0.6828125 0.13175675675675674 0.059375
7 0.11824324324324324 0.7609375 0.125 0.059375
14 0.10135135135135136 0.94375 0.016891891891891893 0.0125
14 0.30067567567567566 0.9453125 0.06756756756756757 0.0125
14 0.5 0.94375 0.04391891891891892 0.0109375
14 0.7027027027027027 0.94375 0.060810810810810814 0.0109375
14 0.902027027027027 0.94375 0.0777027027027027 0.0109375
14 0.125 0.8578125 0.14189189189189189 0.040625
14 0.30743243243243246 0.7625 0.16554054054054054 0.0421875
14 0.28040540540540543 0.68125 0.11486486486486487 0.040625
14 0.16216216216216217 0.5640625 0.21621621621621623 0.028125
14 0.7533783783783784 0.4859375 0.013513513513513514 0.0125
14 0.9121621621621622 0.4859375 0.06756756756756757 0.0140625
14 0.40202702702702703 0.3875 0.6858108108108109 0.05625
14 0.11824324324324324 0.4375 0.125 0.0171875
8 0.8682432432432432 0.3953125 0.16554054054054054 0.0796875
6 0.10135135135135136 0.9140625 0.05405405405405406 0.0265625
6 0.30067567567567566 0.9140625 0.06418918918918919 0.028125
6 0.5 0.9171875 0.060810810810810814 0.028125
6 0.7027027027027027 0.915625 0.057432432432432436 0.025
6 0.902027027027027 0.9140625 0.057432432432432436 0.021875
6 0.6114864864864865 0.8578125 0.04054054054054054 0.0234375
6 0.722972972972973 0.85625 0.0472972972972973 0.028125
6 0.8277027027027027 0.85625 0.04054054054054054 0.0203125
6 0.9358108108108109 0.85625 0.05067567567567568 0.021875
6 0.8581081081081081 0.7609375 0.033783783783783786 0.0203125
6 0.8547297297297297 0.6828125 0.037162162162162164 0.0203125
6 0.9358108108108109 0.6828125 0.013513513513513514 0.021875
6 0.9391891891891891 0.7609375 0.013513513513513514 0.025
6 0.07432432432432433 0.615625 0.02702702702702703 0.0140625
6 0.28378378378378377 0.615625 0.02027027027027027 0.0140625
14 0.16216216216216217 0.615625 0.11824324324324324 0.0140625
14 0.3716216216216216 0.6171875 0.11824324324324324 0.0171875
6 0.08445945945945946 0.4859375 0.05067567567567568 0.021875
6 0.20270270270270271 0.4859375 0.05405405405405406 0.021875
6 0.32094594594594594 0.4859375 0.05067567567567568 0.025
6 0.6993243243243243 0.4875 0.057432432432432436 0.021875
6 0.8344594594594594 0.4859375 0.05405405405405406 0.021875
6 0.20945945945945946 0.4359375 0.02027027027027027 0.01875
14 0.9087837837837838 0.0953125 0.10135135135135136 0.0171875
6 0.08783783783783784 0.0953125 0.030405405405405407 0.028125
6 0.875 0.396875 0.05067567567567568 0.0296875