18 0.5 0.0296875 1 0.059375
11 0.5 0.15 1 0.040625
17 0.5 0.09375 1 0.065625
5 0.5 0.2234375 0.8817567567567568 0.053125
16 0.28040540540540543 0.278125 0.44594594594594594 0.05625
16 0.722972972972973 0.278125 0.44256756756756754 0.053125
16 0.13851351351351351 0.790625 0.17229729729729729 0.10625
16 0.34121621621621623 0.790625 0.17567567567567569 0.1078125
16 0.5472972972972973 0.790625 0.17229729729729729 0.1078125
16 0.7466216216216216 0.790625 0.16891891891891891 0.1046875
14 0.5 0.090625 0.07432432432432433 0.0203125
14 0.12837837837837837 0.14375 0.14189189189189189 0.01875
14 0.3547297297297297 0.14375 0.1554054054054054 0.0171875
14 0.5945945945945946 0.1421875 0.1554054054054054 0.0171875
14 0.8243243243243243 0.1421875 0.14527027027027026 0.0171875
14 0.43243243243243246 0.2234375 0.5709459459459459 0.015625
14 0.2972972972972973 0.278125 0.30067567567567566 0.015625
14 0.6993243243243243 0.278125 0.21621621621621623 0.015625
14 0.2635135135135135 0.3390625 0.30405405405405406 0.015625
14 0.27702702702702703 0.4125 0.44594594594594594 0.0171875
14 0.14527027027027026 0.45625 0.14189189189189189 0.0140625
14 0.14189189189189189 0.496875 0.14527027027027026 0.0140625
14 0.14189189189189189 0.5359375 0.15202702702702703 0.0140625
14 0.14189189189189189 0.575 0.14864864864864866 0.0140625
14 0.14527027027027026 0.6140625 0.14864864864864866 0.0140625
14 0.6148648648648649 0.45625 0.17905405405405406 0.0140625
14 0.597972972972973 0.4953125 0.1554054054054054 0.0140625
14 0.597972972972973 0.5359375 0.14864864864864866 0.0140625
14 0.597972972972973 0.575 0.14864864864864866 0.015625
14 0.6114864864864865 0.615625 0.19256756756756757 0.0140625
14 0.22635135135135134 0.7078125 0.34121621621621623 0.0171875
14 0.13851351351351351 0.8359375 0.0945945945945946 0.0140625
14 0.34121621621621623 0.8359375 0.0945945945945946 0.0140625
14 0.543918918918919 0.8359375 0.06756756756756757 0.015625
14 0.7466216216216216 0.8359375 0.125 0.015625
14 0.9324324324324325 0.8359375 0.12162162162162163 0.0140625
6 0.08445945945945946 0.090625 0.033783783783783786 0.0265625
6 0.10135135135135136 0.2234375 0.04054054054054054 0.01875
6 0.10472972972972973 0.278125 0.04391891891891892 0.021875
6 0.5506756756756757 0.278125 0.04054054054054054 0.021875
6 0.07432432432432433 0.3390625 0.033783783783783786 0.015625