18 0.5 0.028125 1 0.0546875
17 0.5 0.0921875 1 0.075
5 0.5 0.090625 0.6655405405405406 0.0421875
16 0.14189189189189189 0.184375 0.13851351351351351 0.0625
16 0.38175675675675674 0.184375 0.13851351351351351 0.0609375
16 0.6216216216216216 0.184375 0.125 0.0609375
16 0.8581081081081081 0.184375 0.09121621621621621 0.059375
16 0.14189189189189189 0.2703125 0.09797297297297297 0.0625
16 0.38175675675675674 0.2734375 0.10472972972972973 0.0609375
16 0.6216216216216216 0.2734375 0.09121621621621621 0.059375
16 0.8614864864864865 0.2734375 0.11148648648648649 0.0625
7 0.5 0.41875 0.8851351351351351 0.1546875
16 0.14189189189189189 0.5625 0.15202702702702703 0.0640625
16 0.3783783783783784 0.5640625 0.1554054054054054 0.065625
16 0.6216216216216216 0.5625 0.1554054054054054 0.0640625
16 0.8614864864864865 0.5640625 0.125 0.065625
16 0.36486486486486486 0.7578125 0.6148648648648649 0.09375
1 0.5 0.9375 1 0.1234375
16 0.11148648648648649 0.9234375 0.04054054054054054 0.0453125
16 0.2905405405405405 0.925 0.07094594594594594 0.04375
16 0.7094594594594594 0.925 0.05405405405405406 0.04375
16 0.8885135135135135 0.9234375 0.05405405405405406 0.04375
8 0.5 0.9109375 0.14527027027027026 0.0671875
6 0.08445945945945946 0.090625 0.05067567567567568 0.01875
6 0.7871621621621622 0.090625 0.037162162162162164 0.01875
6 0.9121621621621622 0.090625 0.060810810810810814 0.0265625
6 0.30405405405405406 0.7828125 0.02702702702702703 0.0140625
6 0.10810810810810811 0.9140625 0.04054054054054054 0.0265625
6 0.28716216216216217 0.9140625 0.05405405405405406 0.021875
6 0.7094594594594594 0.9125 0.05405405405405406 0.021875
6 0.8918918918918919 0.9140625 0.05405405405405406 0.025
14 0.11148648648648649 0.940625 0.04391891891891892 0.0109375
14 0.28716216216216217 0.940625 0.07094594594594594 0.0109375
14 0.7128378378378378 0.940625 0.02364864864864865 0.0109375
14 0.8885135135135135 0.940625 0.04391891891891892 0.009375
14 0.22972972972972974 0.8796875 0.3547297297297297 0.0203125
14 0.44932432432432434 0.7421875 0.32094594594594594 0.0328125
14 0.38513513513513514 0.784375 0.11148648648648649 0.0125
14 0.16554054054054054 0.678125 0.22297297297297297 0.021875
14 0.8783783783783784 0.6796875 0.12162162162162163 0.0171875
14 0.13851351351351351 0.5890625 0.14864864864864866 0.0125
14 0.3783783783783784 0.5890625 0.14864864864864866 0.0125
14 0.6182432432432432 0.5890625 0.14527027027027026 0.0140625
14 0.8614864864864865 0.5890625 0.12162162162162163 0.0125
14 0.2702702702702703 0.4171875 0.32432432432432434 0.078125
14 0.13851351351351351 0.2953125 0.0472972972972973 0.0125
14 0.38175675675675674 0.296875 0.0945945945945946 0.0109375
14 0.6216216216216216 0.2984375 0.0472972972972973 0.0109375
14 0.8614864864864865 0.2984375 0.10810810810810811 0.0125
14 0.14189189189189189 0.209375 0.13513513513513514 0.0125
14 0.3783783783783784 0.209375 0.13851351351351351 0.0140625
14 0.6182432432432432 0.209375 0.125 0.0125
14 0.8614864864864865 0.2078125 0.05067567567567568 0.0140625
7 0.13851351351351351 0.1734375 0.08783783783783784 0.0375
7 0.3783783783783784 0.1734375 0.10135135135135136 0.0359375
7 0.6216216216216216 0.175 0.09797297297297297 0.040625
7 0.8614864864864865 0.1734375 0.08783783783783784 0.0359375
7 0.14189189189189189 0.2625 0.09797297297297297 0.046875
7 0.38513513513513514 0.2625 0.0777027027027027 0.0421875
7 0.6216216216216216 0.2609375 0.08783783783783784 0.0390625
7 0.8614864864864865 0.2625 0.0777027027027027 0.040625
7 0.13851351351351351 0.5546875 0.09797297297297297 0.0453125
7 0.3783783783783784 0.55625 0.10135135135135136 0.046875
7 0.6216216216216216 0.5546875 0.09797297297297297 0.046875
7 0.8648648648648649 0.5546875 0.10135135135135136 0.05
7 0.7972972972972973 0.75625 0.20270270270270271 0.09375
14 0.831081081081081 0.48125 0.19594594594594594 0.0125
14 0.3918918918918919 0.090625 0.38513513513513514 0.0171875