18 0.5 0.025 1 0.05
17 0.5 0.0890625 1 0.071875
16 0.24324324324324326 0.234375 0.3952702702702703 0.0421875
9 0.4831081081081081 0.509375 0.9628378378378378 0.359375
1 0.5 0.946875 1 0.1046875
16 0.12837837837837837 0.9296875 0.04391891891891892 0.040625
16 0.3783783783783784 0.93125 0.0472972972972973 0.040625
16 0.625 0.928125 0.0777027027027027 0.04375
16 0.875 0.9296875 0.060810810810810814 0.0421875
6 0.12837837837837837 0.921875 0.04391891891891892 0.025
6 0.3783783783783784 0.921875 0.0472972972972973 0.021875
6 0.625 0.9203125 0.057432432432432436 0.025
6 0.8716216216216216 0.9203125 0.060810810810810814 0.025
6 0.7871621621621622 0.8609375 0.060810810810810814 0.021875
6 0.918918918918919 0.8609375 0.033783783783783786 0.021875
6 0.11824324324324324 0.6765625 0.04054054054054054 0.0125
6 0.8581081081081081 0.653125 0.016891891891891893 0.0234375
6 0.11824324324324324 0.4984375 0.037162162162162164 0.0125
6 0.11824324324324324 0.5875 0.013513513513513514 0.0078125
6 0.11824324324324324 0.409375 0.04054054054054054 0.0125
6 0.8547297297297297 0.3890625 0.010135135135135136 0.0203125
6 0.8581081081081081 0.478125 0.013513513513513514 0.0203125
6 0.8547297297297297 0.565625 0.010135135135135136 0.0203125
6 0.38513513513513514 0.2359375 0.037162162162162164 0.009375
6 0.9256756756756757 0.096875 0.0472972972972973 0.025
6 0.06418918918918919 0.096875 0.02364864864864865 0.021875
14 0.11486486486486487 0.1671875 0.14189189189189189 0.034375
14 0.11824324324324324 0.234375 0.06418918918918919 0.01875
14 0.13513513513513514 0.30625 0.16554054054054054 0.028125
14 0.875 0.30625 0.08108108108108109 0.0140625
14 0.47635135135135137 0.3890625 0.17229729729729729 0.040625
14 0.5135135135135135 0.4765625 0.22972972972972974 0.0390625
14 0.5945945945945946 0.565625 0.3952702702702703 0.065625
14 0.581081081081081 0.6546875 0.36486486486486486 0.0640625
14 0.11824324324324324 0.6421875 0.04391891891891892 0.03125
14 0.11486486486486487 0.553125 0.04054054054054054 0.03125
14 0.11824324324324324 0.4640625 0.04054054054054054 0.0296875
14 0.11486486486486487 0.375 0.033783783783783786 0.03125
7 0.27702702702702703 0.3875 0.14527027027027026 0.0703125
7 0.27702702702702703 0.4765625 0.14864864864864866 0.06875
7 0.27702702702702703 0.565625 0.14864864864864866 0.06875
7 0.27702702702702703 0.653125 0.14864864864864866 0.0671875
14 0.2533783783783784 0.7890625 0.41216216216216217 0.0265625
14 0.9155405405405406 0.79375 0.0777027027027027 0.0140625
14 0.375 0.85625 0.32094594594594594 0.015625
14 0.12837837837837837 0.9453125 0.013513513513513514 0.009375
14 0.375 0.9453125 0.04054054054054054 0.0125
14 0.625 0.9453125 0.0777027027027027 0.0109375
14 0.8716216216216216 0.9453125 0.06418918918918919 0.009375