18 0.5 0.03125 1 0.0625
14 0.2668918918918919 0.090625 0.09797297297297297 0.0171875
11 0.5 0.146875 0.9966216216216216 0.040625
5 0.543918918918919 0.0890625 0.8175675675675675 0.0390625
15 0.11486486486486487 0.2078125 0.12837837837837837 0.04375
15 0.2702702702702703 0.2078125 0.14527027027027026 0.040625
15 0.5506756756756757 0.2046875 0.3614864864864865 0.0421875
1 0.5 0.946875 1 0.1046875
9 0.5 0.5640625 0.9966216216216216 0.6609375
6 0.05405405405405406 0.0875 0.06418918918918919 0.0296875
6 0.17567567567567569 0.0890625 0.04054054054054054 0.0203125
14 0.08783783783783784 0.14375 0.10472972972972973 0.01875
14 0.3277027027027027 0.14375 0.25 0.0171875
14 0.6216216216216216 0.14375 0.20270270270270271 0.015625
14 0.847972972972973 0.1421875 0.10810810810810811 0.0140625
14 0.11148648648648649 0.20625 0.06418918918918919 0.0109375
14 0.2702702702702703 0.2078125 0.0777027027027027 0.015625
14 0.49324324324324326 0.20625 0.19256756756756757 0.0125
14 0.652027027027027 0.20625 0.05405405405405406 0.0125
14 0.31756756756756754 0.271875 0.3952702702702703 0.015625
14 0.4222972972972973 0.3015625 0.7601351351351351 0.0171875
14 0.23310810810810811 0.3359375 0.3783783783783784 0.0140625
14 0.31756756756756754 0.3859375 0.39864864864864863 0.0140625
14 0.19256756756756757 0.415625 0.2939189189189189 0.0171875
14 0.22972972972972974 0.4515625 0.3783783783783784 0.0109375
14 0.2702702702702703 0.4984375 0.30405405405405406 0.0140625
14 0.36486486486486486 0.553125 0.6486486486486487 0.0640625
14 0.22972972972972974 0.6078125 0.375 0.0125
14 0.31756756756756754 0.65625 0.3952702702702703 0.0140625
14 0.2939189189189189 0.6859375 0.4966216216216216 0.01875
14 0.22972972972972974 0.7203125 0.375 0.0140625
14 0.23648648648648649 0.7703125 0.23648648648648649 0.0140625
14 0.34459459459459457 0.821875 0.6013513513513513 0.0609375
14 0.23648648648648649 0.8796875 0.38513513513513514 0.0140625
16 0.10135135135135136 0.9296875 0.07432432432432433 0.0484375
16 0.30067567567567566 0.9296875 0.17229729729729729 0.05
16 0.5 0.9296875 0.08783783783783784 0.0453125
16 0.6993243243243243 0.93125 0.06418918918918919 0.046875
16 0.902027027027027 0.9296875 0.06756756756756757 0.046875
6 0.10135135135135136 0.9203125 0.06756756756756757 0.0296875
6 0.30067567567567566 0.9203125 0.06418918918918919 0.0296875
6 0.5 0.9203125 0.060810810810810814 0.028125
6 0.6993243243243243 0.9234375 0.06418918918918919 0.03125
6 0.902027027027027 0.921875 0.06756756756756757 0.03125
14 0.10135135135135136 0.9484375 0.07094594594594594 0.0125
14 0.30067567567567566 0.9484375 0.16891891891891891 0.0140625
14 0.5033783783783784 0.946875 0.08783783783783784 0.0125
14 0.6993243243243243 0.9484375 0.060810810810810814 0.0109375
14 0.902027027027027 0.9484375 0.07094594594594594 0.009375
7 0.07094594594594594 0.76875 0.06756756756756757 0.028125
7 0.8614864864864865 0.7890625 0.21621621621621623 0.071875
7 0.07432432432432433 0.65625 0.06418918918918919 0.0296875
7 0.07094594594594594 0.496875 0.06418918918918919 0.0296875
7 0.8614864864864865 0.51875 0.22297297297297297 0.06875
7 0.07432432432432433 0.384375 0.06756756756756757 0.0296875
7 0.07094594594594594 0.2703125 0.06418918918918919 0.028125