18 0.5 0.0359375 1 0.071875
7 0.5 0.3140625 0.875 0.403125
6 0.5 0.678125 0.8344594594594594 0.0421875
8 0.8783783783783784 0.6 0.07094594594594594 0.0328125
6 0.5 0.765625 0.08445945945945946 0.0515625
6 0.21621621621621623 0.765625 0.11148648648648649 0.0328125
6 0.7837837837837838 0.7640625 0.10810810810810811 0.03125
6 0.4966216216216216 0.8640625 0.8209459459459459 0.0203125
6 0.1891891891891892 0.921875 0.06418918918918919 0.028125
6 0.5 0.921875 0.05405405405405406 0.025
6 0.8141891891891891 0.9203125 0.060810810810810814 0.0234375
14 0.15202702702702703 0.596875 0.13513513513513514 0.053125