18 0.5 0.0296875 1 0.059375
17 0.5 0.0890625 1 0.0546875
12 0.5 0.0890625 0.11486486486486487 0.0109375
7 0.23986486486486486 0.2265625 0.36824324324324326 0.1734375
16 0.2668918918918919 0.440625 0.42567567567567566 0.0625
16 0.7297297297297297 0.4421875 0.43243243243243246 0.0625
9 0.5 0.6796875 1 0.2875
1 0.5 0.9484375 0.9966216216216216 0.1015625
16 0.10135135135135136 0.928125 0.06756756756756757 0.0421875
16 0.30067567567567566 0.9265625 0.060810810810810814 0.04375
16 0.5 0.9265625 0.06756756756756757 0.04375
16 0.6993243243243243 0.928125 0.057432432432432436 0.0453125
16 0.902027027027027 0.9265625 0.06756756756756757 0.0453125
7 0.09121621621621621 0.8625 0.10472972972972973 0.046875
7 0.12162162162162163 0.575 0.12837837837837837 0.0609375
7 0.11824324324324324 0.65625 0.13513513513513514 0.0625
7 0.12162162162162163 0.7375 0.13175675675675674 0.0640625
6 0.06756756756756757 0.0890625 0.030405405405405407 0.021875
6 0.918918918918919 0.0890625 0.05067567567567568 0.009375
6 0.5 0.2953125 0.05067567567567568 0.028125
6 0.19594594594594594 0.440625 0.037162162162162164 0.025
6 0.6081081081081081 0.440625 0.04391891891891892 0.0234375
6 0.08445945945945946 0.509375 0.05405405405405406 0.0296875
6 0.847972972972973 0.509375 0.04054054054054054 0.0171875
6 0.9155405405405406 0.575 0.05067567567567568 0.025
6 0.918918918918919 0.65625 0.0472972972972973 0.00625
6 0.918918918918919 0.7390625 0.04391891891891892 0.0078125
6 0.6891891891891891 0.8609375 0.05067567567567568 0.0296875
6 0.8108108108108109 0.8609375 0.05067567567567568 0.0265625
6 0.9324324324324325 0.8625 0.05405405405405406 0.0265625
6 0.09797297297297297 0.91875 0.057432432432432436 0.025
6 0.30067567567567566 0.91875 0.057432432432432436 0.0265625
6 0.5 0.91875 0.05067567567567568 0.0265625
6 0.6993243243243243 0.9171875 0.05405405405405406 0.028125
6 0.8986486486486487 0.91875 0.05067567567567568 0.025
14 0.10135135135135136 0.94375 0.06418918918918919 0.0109375
14 0.30067567567567566 0.94375 0.05067567567567568 0.0109375
14 0.5 0.94375 0.06756756756756757 0.009375
14 0.6993243243243243 0.94375 0.04391891891891892 0.0125
14 0.902027027027027 0.94375 0.06756756756756757 0.009375
14 0.24324324324324326 0.8625 0.15202702702702703 0.0390625
14 0.34459459459459457 0.8078125 0.22297297297297297 0.0171875
14 0.3277027027027027 0.7375 0.19932432432432431 0.0390625
14 0.5371621621621622 0.65625 0.6114864864864865 0.0421875
14 0.3547297297297297 0.575 0.24662162162162163 0.04375
14 0.17229729729729729 0.509375 0.06756756756756757 0.0171875
14 0.9121621621621622 0.509375 0.057432432432432436 0.015625
14 0.30067567567567566 0.440625 0.11148648648648649 0.015625
14 0.7668918918918919 0.440625 0.20608108108108109 0.015625
14 0.48986486486486486 0.3640625 0.8614864864864865 0.0359375
14 0.6351351351351351 0.15625 0.3108108108108108 0.0234375
14 0.7027027027027027 0.1890625 0.44932432432432434 0.0234375