18 0.5 0.025 1 0.05
17 0.5 0.0875 1 0.071875
6 0.0711864406779661 0.0875 0.05084745762711865 0.0234375
6 0.8338983050847457 0.0875 0.05423728813559322 0.028125
6 0.9322033898305084 0.0875 0.05084745762711865 0.0234375
14 0.5016949152542373 0.0875 0.13220338983050847 0.0203125
11 0.5 0.1578125 1 0.075
14 0.11186440677966102 0.1671875 0.07796610169491526 0.0265625
14 0.33220338983050846 0.16875 0.07457627118644068 0.0203125
14 0.5694915254237288 0.16875 0.1152542372881356 0.021875
14 0.8508474576271187 0.16875 0.15593220338983052 0.0203125
14 0.6949152542372882 0.2109375 0.47796610169491527 0.015625
14 0.38305084745762713 0.2765625 0.6542372881355932 0.0578125
2 0.5016949152542373 0.45625 0.8949152542372881 0.221875
15 0.17288135593220338 0.3890625 0.1288135593220339 0.0375
14 0.17288135593220338 0.390625 0.06440677966101695 0.015625
14 0.3728813559322034 0.3890625 0.18983050847457628 0.0203125
14 0.3152542372881356 0.44375 0.41694915254237286 0.021875
14 0.2711864406779661 0.503125 0.3254237288135593 0.0421875
7 0.7491525423728813 0.48125 0.21016949152542372 0.1171875
14 0.11186440677966102 0.6171875 0.10847457627118644 0.0203125
2 0.5016949152542373 0.734375 0.8915254237288136 0.16875
14 0.21694915254237288 0.690625 0.22033898305084745 0.025
14 0.46440677966101696 0.734375 0.6983050847457627 0.0171875
15 0.8406779661016949 0.6875 0.13220338983050847 0.0375
14 0.8406779661016949 0.6875 0.0576271186440678 0.0140625
14 0.19661016949152543 0.7828125 0.17627118644067796 0.015625
14 0.43050847457627117 0.78125 0.1694915254237288 0.0171875
14 0.6745762711864407 0.78125 0.20677966101694914 0.0171875
2 0.5016949152542373 0.8984375 0.8915254237288136 0.11875
14 0.3288135593220339 0.8796875 0.43728813559322033 0.0234375
14 0.38305084745762713 0.925 0.535593220338983 0.01875
15 0.8406779661016949 0.878125 0.13559322033898305 0.0390625
14 0.8372881355932204 0.878125 0.061016949152542375 0.015625