15 0.1891891891891892 0.70625 0.2905405405405405 0.04375
15 0.4358108108108108 0.70625 0.14864864864864866 0.040625
15 0.6081081081081081 0.70625 0.14527027027027026 0.040625
15 0.8209459459459459 0.70625 0.22297297297297297 0.040625
15 0.7094594594594594 0.653125 0.2195945945945946 0.0421875
15 0.5 0.653125 0.14864864864864866 0.0421875
15 0.2939189189189189 0.6546875 0.21283783783783783 0.0421875
15 0.10472972972972973 0.653125 0.11824324324324324 0.04375
0 0.5 0.2625 1 0.5234375
12 0.5 0.54375 0.26013513513513514 0.01875
1 0.5 0.9484375 1 0.103125
16 0.13513513513513514 0.9265625 0.057432432432432436 0.046875
16 0.31756756756756754 0.928125 0.09121621621621621 0.046875
16 0.5033783783783784 0.9265625 0.07094594594594594 0.0453125
16 0.6891891891891891 0.928125 0.06418918918918919 0.046875
16 0.8682432432432432 0.928125 0.06418918918918919 0.0453125
14 0.13513513513513514 0.9453125 0.02027027027027027 0.0109375
14 0.31756756756756754 0.9453125 0.08783783783783784 0.0125
14 0.5033783783783784 0.94375 0.06418918918918919 0.0109375
14 0.6858108108108109 0.9453125 0.05067567567567568 0.0109375
14 0.8682432432432432 0.9453125 0.06418918918918919 0.0109375
14 0.22972972972972974 0.8625 0.34121621621621623 0.0140625
14 0.20270270270270271 0.80625 0.3141891891891892 0.025
14 0.6655405405405406 0.80625 0.07094594594594594 0.0171875
14 0.793918918918919 0.8046875 0.07094594594594594 0.01875
14 0.918918918918919 0.80625 0.07094594594594594 0.01875
14 0.10472972972972973 0.653125 0.030405405405405407 0.0171875
14 0.2939189189189189 0.653125 0.125 0.0140625
14 0.5 0.6515625 0.060810810810810814 0.015625
14 0.7094594594594594 0.653125 0.14189189189189189 0.0171875
14 0.9324324324324325 0.653125 0.09121621621621621 0.0171875
14 0.19256756756756757 0.7046875 0.19932432432432431 0.01875
14 0.4358108108108108 0.70625 0.057432432432432436 0.015625
14 0.6081081081081081 0.70625 0.060810810810810814 0.0171875
14 0.8209459459459459 0.7046875 0.13513513513513514 0.0171875
14 0.17229729729729729 0.6015625 0.2533783783783784 0.025
14 0.3344594594594595 0.35625 0.2195945945945946 0.0203125
14 0.2668918918918919 0.384375 0.08108108108108109 0.0140625
14 0.30067567567567566 0.4328125 0.14189189189189189 0.01875
14 0.375 0.4625 0.30067567567567566 0.0171875
14 0.23310810810810811 0.3125 0.3141891891891892 0.015625
14 0.3885135135135135 0.1703125 0.6216216216216216 0.078125
18 0.5 0.0265625 1 0.0515625
17 0.5 0.078125 1 0.0578125
15 0.13513513513513514 0.0796875 0.11148648648648649 0.0234375
14 0.13175675675675674 0.0796875 0.0777027027027027 0.0140625
6 0.6891891891891891 0.078125 0.057432432432432436 0.0265625
6 0.8040540540540541 0.0796875 0.0472972972972973 0.025
6 0.9155405405405406 0.078125 0.060810810810810814 0.025
8 0.8682432432432432 0.178125 0.10472972972972973 0.05
7 0.13175675675675674 0.365625 0.11824324324324324 0.0546875
7 0.13175675675675674 0.4421875 0.11486486486486487 0.053125
6 0.32432432432432434 0.6015625 0.02027027027027027 0.01875
6 0.3885135135135135 0.8046875 0.02027027027027027 0.021875
6 0.5777027027027027 0.8625 0.04054054054054054 0.0234375
6 0.6993243243243243 0.8640625 0.057432432432432436 0.03125
6 0.8040540540540541 0.8640625 0.037162162162162164 0.0234375
6 0.9290540540540541 0.8625 0.05405405405405406 0.0203125
6 0.13513513513513514 0.9171875 0.05405405405405406 0.0265625
6 0.31756756756756754 0.91875 0.060810810810810814 0.0265625
6 0.5033783783783784 0.9171875 0.07094594594594594 0.0265625
6 0.6891891891891891 0.9203125 0.060810810810810814 0.0296875
6 0.8682432432432432 0.9171875 0.06418918918918919 0.028125