11 0.5 0.6875 0.7972972972972973 0.0359375
18 0.5 0.03125 1 0.0609375
17 0.5 0.0921875 1 0.059375
7 0.5 0.275 1 0.30625
2 0.5 0.728125 0.8918918918918919 0.2328125
14 0.33783783783783783 0.903125 0.43243243243243246 0.0390625
14 0.20270270270270271 0.9546875 0.16216216216216217 0.015625
14 0.5 0.7703125 0.7972972972972973 0.0953125
14 0.30067567567567566 0.6859375 0.17905405405405406 0.0140625
14 0.6993243243243243 0.6875 0.18243243243243243 0.0140625
14 0.43243243243243246 0.64375 0.527027027027027 0.0140625
14 0.2905405405405405 0.5828125 0.38175675675675674 0.015625
14 0.21621621621621623 0.5515625 0.22972972972972974 0.0140625
14 0.40540540540540543 0.5171875 0.6993243243243243 0.025
6 0.08783783783783784 0.090625 0.02702702702702703 0.028125
6 0.8074324324324325 0.090625 0.0472972972972973 0.025
6 0.9121621621621622 0.090625 0.05405405405405406 0.025
6 0.1554054054054054 0.48125 0.02027027027027027 0.0125
6 0.8277027027027027 0.5203125 0.05405405405405406 0.021875
6 0.9121621621621622 0.5203125 0.0472972972972973 0.025
6 0.07432432432432433 0.5515625 0.02364864864864865 0.0171875
6 0.07432432432432433 0.5828125 0.02702702702702703 0.0140625
6 0.125 0.64375 0.05405405405405406 0.0234375
6 0.722972972972973 0.64375 0.04391891891891892 0.0171875
6 0.8851351351351351 0.8109375 0.02364864864864865 0.0078125
6 0.9290540540540541 0.8921875 0.016891891891891893 0.0125
6 0.9324324324324325 0.9578125 0.013513513513513514 0.0125
6 0.07432432432432433 0.95625 0.037162162162162164 0.015625
6 0.07432432432432433 0.8890625 0.037162162162162164 0.0109375
6 0.34797297297297297 0.5515625 0.013513513513513514 0.0109375
6 0.5 0.58125 0.013513513513513514 0.0125
14 0.09121621621621621 0.4828125 0.06756756756756757 0.0125
14 0.19932432432432431 0.48125 0.04054054054054054 0.0109375
14 0.12837837837837837 0.4578125 0.11486486486486487 0.0109375
14 0.9256756756756757 0.4046875 0.07432432432432433 0.0140625