18 0.5 0.028125 1 0.05625
17 0.5 0.084375 1 0.059375
0 0.5 0.55625 1 0.8859375
16 0.3108108108108108 0.9046875 0.24324324324324326 0.0484375
16 0.625 0.9046875 0.375 0.0484375
6 0.07432432432432433 0.0875 0.030405405405405407 0.0234375
6 0.8006756756756757 0.0875 0.05405405405405406 0.03125
6 0.9256756756756757 0.0875 0.05405405405405406 0.0234375
6 0.2635135135135135 0.903125 0.05067567567567568 0.01875
6 0.5101351351351351 0.9046875 0.05067567567567568 0.025
14 0.34459459459459457 0.903125 0.06756756756756757 0.0171875
14 0.6554054054054054 0.903125 0.19932432432432431 0.0171875
14 0.4391891891891892 0.0890625 0.5574324324324325 0.0203125