18 0.5 0.0296875 1 0.059375
5 0.43243243243243246 0.0875 0.7702702702702703 0.034375
9 0.5033783783783784 0.4640625 0.9932432432432432 0.6953125
1 0.5 0.9484375 1 0.1015625
16 0.10135135135135136 0.93125 0.07432432432432433 0.046875
16 0.30067567567567566 0.9296875 0.16891891891891891 0.0484375
16 0.5033783783783784 0.928125 0.08783783783783784 0.0453125
16 0.6993243243243243 0.9296875 0.06418918918918919 0.0484375
16 0.902027027027027 0.93125 0.06756756756756757 0.0484375
6 0.08445945945945946 0.0875 0.04054054054054054 0.0203125
6 0.10135135135135136 0.921875 0.07094594594594594 0.0296875
6 0.30405405405405406 0.921875 0.07094594594594594 0.0296875
6 0.5 0.9203125 0.06418918918918919 0.0265625
6 0.6993243243243243 0.9203125 0.06418918918918919 0.0296875
6 0.902027027027027 0.9234375 0.06418918918918919 0.03125
14 0.19594594594594594 0.0875 0.125 0.015625
14 0.902027027027027 0.0890625 0.11148648648648649 0.0140625
14 0.19932432432432431 0.1453125 0.3310810810810811 0.021875
14 0.36824324324324326 0.2046875 0.6655405405405406 0.0625
14 0.30743243243243246 0.315625 0.5506756756756757 0.0609375
14 0.36486486486486486 0.4265625 0.668918918918919 0.0609375
14 0.3277027027027027 0.5359375 0.5912162162162162 0.0609375
14 0.36486486486486486 0.64375 0.668918918918919 0.0625
14 0.3277027027027027 0.7546875 0.5878378378378378 0.0609375
14 0.10135135135135136 0.95 0.07094594594594594 0.0078125
14 0.30067567567567566 0.9484375 0.16554054054054054 0.009375
14 0.5 0.946875 0.08108108108108109 0.0078125
14 0.6993243243243243 0.9484375 0.060810810810810814 0.009375
14 0.8986486486486487 0.95 0.06756756756756757 0.009375
7 0.8614864864864865 0.7546875 0.2195945945945946 0.075
7 0.8614864864864865 0.646875 0.20945945945945946 0.0734375
7 0.8581081081081081 0.5359375 0.22635135135135134 0.075
7 0.8614864864864865 0.428125 0.2195945945945946 0.0734375
7 0.8614864864864865 0.3140625 0.21621621621621623 0.071875
7 0.8648648648648649 0.2078125 0.21283783783783783 0.0765625