18 0.5 0.034375 1 0.06875
17 0.5 0.1 1 0.0609375
11 0.5 0.1671875 1 0.046875
11 0.5 0.2296875 1 0.05
9 0.4966216216216216 0.4765625 0.9898648648648649 0.33125
1 0.5033783783783784 0.9484375 0.9932432432432432 0.103125
16 0.13513513513513514 0.928125 0.05405405405405406 0.046875
16 0.31756756756756754 0.928125 0.09797297297297297 0.0484375
16 0.5 0.928125 0.07432432432432433 0.0453125
16 0.6858108108108109 0.928125 0.057432432432432436 0.0484375
16 0.8648648648648649 0.9296875 0.06756756756756757 0.046875
7 0.11148648648648649 0.3609375 0.11486486486486487 0.0546875
7 0.11486486486486487 0.4390625 0.11824324324324324 0.053125
7 0.11486486486486487 0.51875 0.11824324324324324 0.053125
7 0.11148648648648649 0.596875 0.11486486486486487 0.0546875
6 0.38175675675675674 0.10625 0.02364864864864865 0.0078125
6 0.9155405405405406 0.1015625 0.05405405405405406 0.0265625
6 0.3547297297297297 0.1640625 0.037162162162162164 0.01875
6 0.06756756756756757 0.29375 0.030405405405405407 0.0125
6 0.2905405405405405 0.2921875 0.02364864864864865 0.015625
6 0.8547297297297297 0.3625 0.033783783783783786 0.0203125
6 0.9391891891891891 0.3625 0.010135135135135136 0.0203125
6 0.8581081081081081 0.440625 0.037162162162162164 0.021875
6 0.9425675675675675 0.4421875 0.010135135135135136 0.021875
6 0.8547297297297297 0.51875 0.030405405405405407 0.021875
6 0.9391891891891891 0.5203125 0.010135135135135136 0.01875
6 0.8581081081081081 0.5984375 0.033783783783783786 0.0234375
6 0.9391891891891891 0.6 0.006756756756756757 0.021875
6 0.5777027027027027 0.865625 0.04054054054054054 0.021875
6 0.6993243243243243 0.8640625 0.057432432432432436 0.0296875
6 0.8040540540540541 0.865625 0.04054054054054054 0.021875
6 0.9222972972972973 0.8640625 0.05405405405405406 0.025
6 0.13175675675675674 0.91875 0.060810810810810814 0.0296875
6 0.31756756756756754 0.9171875 0.057432432432432436 0.028125
6 0.5 0.91875 0.06418918918918919 0.0265625
6 0.6858108108108109 0.91875 0.05405405405405406 0.028125
6 0.8648648648648649 0.91875 0.060810810810810814 0.0265625
14 0.13851351351351351 0.10625 0.15878378378378377 0.028125
14 0.30067567567567566 0.1078125 0.11148648648648649 0.015625
14 0.14189189189189189 0.1640625 0.15202702702702703 0.0203125
14 0.44594594594594594 0.1640625 0.10472972972972973 0.0203125
14 0.6925675675675675 0.1640625 0.15202702702702703 0.01875
15 0.11148648648648649 0.228125 0.11486486486486487 0.0390625
15 0.28378378378378377 0.228125 0.1858108108108108 0.0375
15 0.47297297297297297 0.228125 0.14864864864864866 0.0375
15 0.6418918918918919 0.228125 0.14527027027027026 0.0359375
15 0.8378378378378378 0.228125 0.20945945945945946 0.0375
14 0.11148648648648649 0.228125 0.030405405405405407 0.015625
14 0.28378378378378377 0.228125 0.0945945945945946 0.0140625
14 0.46959459459459457 0.228125 0.057432432432432436 0.0171875
14 0.6385135135135135 0.228125 0.060810810810810814 0.0171875
14 0.8378378378378378 0.228125 0.12837837837837837 0.0171875
14 0.918918918918919 0.2921875 0.05405405405405406 0.015625
14 0.15202702702702703 0.2921875 0.11824324324324324 0.0140625
14 0.3783783783783784 0.29375 0.11824324324324324 0.0140625
14 0.42905405405405406 0.3609375 0.44594594594594594 0.0453125
14 0.44594594594594594 0.440625 0.48986486486486486 0.0453125
14 0.28040540540540543 0.5203125 0.14527027027027026 0.0453125
14 0.40878378378378377 0.596875 0.40878378378378377 0.0390625
14 0.23986486486486486 0.86875 0.3614864864864865 0.034375
14 0.13175675675675674 0.9453125 0.02364864864864865 0.0125
14 0.31756756756756754 0.9453125 0.09121621621621621 0.0140625
14 0.5033783783783784 0.9453125 0.06756756756756757 0.0109375
14 0.6858108108108109 0.9453125 0.04054054054054054 0.0125
14 0.8682432432432432 0.946875 0.07094594594594594 0.0109375