16 0.23310810810810811 0.2890625 0.10135135135135136 0.040625
16 0.8716216216216216 0.2859375 0.16216216216216217 0.0359375
16 0.3783783783783784 0.2890625 0.14527027027027026 0.0390625
16 0.11148648648648649 0.2890625 0.13851351351351351 0.0390625
18 0.5 0.028125 1 0.0546875
17 0.5 0.084375 1 0.0578125
16 0.24324324324324326 0.090625 0.21283783783783783 0.0359375
6 0.06756756756756757 0.0890625 0.05405405405405406 0.0265625
6 0.30743243243243246 0.0890625 0.02364864864864865 0.0109375
6 0.777027027027027 0.0875 0.060810810810810814 0.03125
7 0.9121621621621622 0.0890625 0.09121621621621621 0.04375
7 0.0777027027027027 0.1375 0.06418918918918919 0.028125
7 0.07432432432432433 0.3765625 0.060810810810810814 0.0328125
2 0.5033783783783784 0.6546875 0.918918918918919 0.4515625
1 0.5 0.9484375 1 0.103125
14 0.21621621621621623 0.0890625 0.10810810810810811 0.015625
14 0.31756756756756754 0.140625 0.38175675675675674 0.0140625
15 0.8986486486486487 0.1390625 0.11824324324324324 0.028125
15 0.8952702702702703 0.378125 0.12162162162162163 0.028125
14 0.4966216216216216 0.2125 0.9087837837837838 0.0984375
14 0.2668918918918919 0.4125 0.4358108108108108 0.01875
14 0.25 0.3796875 0.24662162162162163 0.0125
6 0.8952702702702703 0.3765625 0.06418918918918919 0.0109375
14 0.8952702702702703 0.1390625 0.06418918918918919 0.0140625
14 0.14527027027027026 0.290625 0.02027027027027027 0.0140625
14 0.40202702702702703 0.2890625 0.016891891891891893 0.0109375
14 0.902027027027027 0.290625 0.033783783783783786 0.0125
16 0.10135135135135136 0.9296875 0.0777027027027027 0.0484375
16 0.30067567567567566 0.928125 0.17567567567567569 0.053125
16 0.5033783783783784 0.9296875 0.09121621621621621 0.0484375
16 0.6993243243243243 0.9296875 0.06756756756756757 0.0484375
16 0.8986486486486487 0.93125 0.0777027027027027 0.0484375
6 0.09797297297297297 0.2890625 0.033783783783783786 0.0203125
6 0.22972972972972974 0.2890625 0.04054054054054054 0.0203125
6 0.35135135135135137 0.290625 0.037162162162162164 0.0203125
6 0.8412162162162162 0.2890625 0.037162162162162164 0.0171875
6 0.10135135135135136 0.921875 0.07094594594594594 0.0296875
6 0.30405405405405406 0.9203125 0.07094594594594594 0.0359375
6 0.5 0.9203125 0.057432432432432436 0.028125
6 0.6993243243243243 0.921875 0.06418918918918919 0.03125
6 0.902027027027027 0.921875 0.060810810810810814 0.0296875
14 0.10135135135135136 0.9484375 0.07432432432432433 0.0109375
14 0.30067567567567566 0.95 0.17229729729729729 0.0125
14 0.5033783783783784 0.946875 0.08445945945945946 0.0109375
14 0.6993243243243243 0.95 0.06418918918918919 0.0125
14 0.8986486486486487 0.9484375 0.07094594594594594 0.009375
14 0.4966216216216216 0.484375 0.8445945945945946 0.06875
14 0.49324324324324326 0.6171875 0.777027027027027 0.0359375
14 0.3310810810810811 0.5796875 0.2905405405405405 0.01875
7 0.28378378378378377 0.75625 0.4189189189189189 0.215625
7 0.7195945945945946 0.75625 0.4222972972972973 0.2203125
7 0.12837837837837837 0.5765625 0.0472972972972973 0.0234375
14 0.2635135135135135 0.3359375 0.42905405405405406 0.015625
6 0.9256756756756757 0.334375 0.037162162162162164 0.00625