2 0.5 0.6875 0.9324324324324325 0.15
15 0.7466216216216216 0.725 0.17905405405405406 0.0359375
15 0.5506756756756757 0.7265625 0.1554054054054054 0.034375
15 0.3614864864864865 0.7265625 0.15878378378378377 0.0375
15 0.15878378378378377 0.728125 0.1858108108108108 0.0359375
0 0.5 0.16875 1 0.3359375
15 0.8243243243243243 0.946875 0.2635135135135135 0.0359375
2 0.4966216216216216 0.4609375 0.9358108108108109 0.2828125
18 0.5 0.0265625 1 0.053125
8 0.08783783783783784 0.0890625 0.0777027027027027 0.0375
8 0.7027027027027027 0.0875 0.08445945945945946 0.040625
8 0.8074324324324325 0.0875 0.08445945945945946 0.0359375
8 0.9155405405405406 0.0890625 0.08108108108108109 0.0390625
11 0.4222972972972973 0.296875 0.7736486486486487 0.025
7 0.5033783783783784 0.5140625 0.9155405405405406 0.09375
2 0.5 0.803125 0.9324324324324325 0.06875
14 0.22297297297297297 0.296875 0.10810810810810811 0.0140625
14 0.34459459459459457 0.296875 0.0472972972972973 0.0140625
14 0.44932432432432434 0.296875 0.07432432432432433 0.0140625
14 0.581081081081081 0.296875 0.0945945945945946 0.0109375
14 0.7263513513513513 0.296875 0.0472972972972973 0.0109375
14 0.4594594594594595 0.3578125 0.7804054054054054 0.040625
14 0.43243243243243246 0.4078125 0.7297297297297297 0.0328125
14 0.4155405405405405 0.4484375 0.47297297297297297 0.0171875
14 0.12162162162162163 0.45 0.08445945945945946 0.0140625
14 0.44256756756756754 0.5015625 0.6283783783783784 0.034375
14 0.4527027027027027 0.5390625 0.6452702702702703 0.0171875
14 0.19256756756756757 0.584375 0.16216216216216217 0.015625
14 0.4358108108108108 0.584375 0.14527027027027026 0.0140625
14 0.6756756756756757 0.5828125 0.1554054054054054 0.0125
14 0.1891891891891892 0.6375 0.2533783783783784 0.0140625
14 0.22635135135135134 0.665625 0.32432432432432434 0.0203125
14 0.5743243243243243 0.6640625 0.057432432432432436 0.0125
14 0.7466216216216216 0.6390625 0.19256756756756757 0.0125
14 0.7128378378378378 0.6640625 0.016891891891891893 0.0140625
14 0.8175675675675675 0.665625 0.010135135135135136 0.0140625
14 0.918918918918919 0.6640625 0.02364864864864865 0.015625
14 0.15878378378378377 0.7265625 0.14189189189189189 0.0125
14 0.3614864864864865 0.7265625 0.11486486486486487 0.0140625
14 0.5540540540540541 0.7265625 0.11486486486486487 0.0140625
14 0.7567567567567568 0.7265625 0.15202702702702703 0.0140625
14 0.3952702702702703 0.8046875 0.5101351351351351 0.03125
14 0.48986486486486486 0.8859375 0.375 0.0375
14 0.20270270270270271 0.95 0.3141891891891892 0.04375
14 0.8209459459459459 0.9484375 0.125 0.015625
6 0.9087837837837838 0.875 0.0472972972972973 0.021875
15 0.8277027027027027 0.8046875 0.21283783783783783 0.0375
14 0.8243243243243243 0.8046875 0.14189189189189189 0.0140625
6 0.902027027027027 0.7265625 0.033783783783783786 0.0109375
6 0.6722972972972973 0.665625 0.033783783783783786 0.015625
6 0.7736486486486487 0.6640625 0.033783783783783786 0.015625
6 0.8783783783783784 0.6640625 0.030405405405405407 0.0140625
6 0.08445945945945946 0.58125 0.04054054054054054 0.0171875
6 0.3310810810810811 0.58125 0.04391891891891892 0.0109375
6 0.5641891891891891 0.58125 0.04054054054054054 0.015625
6 0.918918918918919 0.5828125 0.016891891891891893 0.015625
6 0.8952702702702703 0.5015625 0.06418918918918919 0.0296875
6 0.918918918918919 0.446875 0.013513513513513514 0.0125
6 0.918918918918919 0.3484375 0.016891891891891893 0.0125
6 0.09121621621621621 0.4890625 0.02702702702702703 0.0140625
6 0.09121621621621621 0.5375 0.030405405405405407 0.015625
14 0.8952702702702703 0.53125 0.057432432432432436 0.0125
6 0.40878378378378377 0.3703125 0.125 0.015625
6 0.0945945945945946 0.296875 0.09797297297297297 0.0171875
6 0.08445945945945946 0.0890625 0.030405405405405407 0.025
6 0.7027027027027027 0.0890625 0.0472972972972973 0.01875
6 0.8074324324324325 0.0890625 0.0472972972972973 0.0234375
6 0.9155405405405406 0.0890625 0.05067567567567568 0.0203125
7 0.09121621621621621 0.8046875 0.04391891891891892 0.021875
6 0.777027027027027 0.296875 0.013513513513513514 0.0125