18 0.5 0.02578125 1 0.0515625
17 0.5 0.0890625 1 0.075
2 0.3050847457627119 0.409375 0.5084745762711864 0.234375
7 0.7389830508474576 0.6875 0.22033898305084745 0.10625
2 0.5016949152542373 0.6875 0.8983050847457628 0.1421875
1 0.5 0.94765625 1 0.1015625
7 0.13559322033898305 0.4890625 0.10847457627118644 0.0515625
7 0.8440677966101695 0.3828125 0.30847457627118646 0.1421875
7 0.08813559322033898 0.0984375 0.06440677966101695 0.0390625
16 0.7593220338983051 0.1015625 0.13559322033898305 0.0265625
6 0.9152542372881356 0.1015625 0.05423728813559322 0.0265625
6 0.7186440677966102 0.103125 0.030508474576271188 0.0109375
6 0.9016949152542373 0.1640625 0.02711864406779661 0.0125
6 0.5152542372881356 0.3140625 0.03728813559322034 0.021875
6 0.6033898305084746 0.865625 0.05084745762711865 0.0265625
6 0.7152542372881356 0.8671875 0.04067796610169491 0.0234375
6 0.8169491525423729 0.865625 0.04745762711864407 0.025
6 0.9254237288135593 0.865625 0.05084745762711865 0.021875
6 0.09830508474576272 0.9296875 0.06440677966101695 0.03125
6 0.2983050847457627 0.9296875 0.06779661016949153 0.03125
6 0.49830508474576274 0.9296875 0.0576271186440678 0.0296875
6 0.6983050847457627 0.9296875 0.05423728813559322 0.028125
6 0.9016949152542373 0.93125 0.0711864406779661 0.0078125
14 0.0847457627118644 0.853125 0.06440677966101695 0.0140625
14 0.12203389830508475 0.8765625 0.13559322033898305 0.0140625
14 0.3593220338983051 0.7015625 0.41694915254237286 0.0421875
14 0.25084745762711863 0.659375 0.15932203389830507 0.0109375
14 0.14915254237288136 0.5953125 0.19322033898305085 0.01875
14 0.3728813559322034 0.4890625 0.2983050847457627 0.0375
14 0.2 0.378125 0.19661016949152543 0.0578125
14 0.8067796610169492 0.478125 0.3254237288135593 0.0171875
14 0.8440677966101695 0.503125 0.18983050847457628 0.0140625
14 0.13898305084745763 0.2703125 0.16610169491525423 0.0171875
14 0.7016949152542373 0.2703125 0.22372881355932203 0.015625
14 0.2677966101694915 0.23125 0.43050847457627117 0.0296875
14 0.41694915254237286 0.1640625 0.4745762711864407 0.0171875
7 0.1152542372881356 0.1640625 0.08813559322033898 0.040625
14 0.7728813559322034 0.1015625 0.06779661016949153 0.0109375