7 0.5 0.23125 1 0.4609375
18 0.5 0.021875 1 0.0421875
12 0.5 0.4421875 0.14864864864864866 0.0109375
8 0.08445945945945946 0.0890625 0.08445945945945946 0.0390625
8 0.7972972972972973 0.0890625 0.08445945945945946 0.0390625
8 0.9087837837837838 0.0890625 0.08445945945945946 0.0390625
16 0.8581081081081081 0.421875 0.22297297297297297 0.0484375
15 0.5 0.9140625 0.956081081081081 0.0578125
14 0.5 0.9125 0.1554054054054054 0.0171875
14 0.20270270270270271 0.871875 0.16216216216216217 0.0171875
14 0.6756756756756757 0.8703125 0.1554054054054054 0.0171875
14 0.26013513513513514 0.821875 0.44932432432432434 0.025
14 0.22972972972972974 0.7671875 0.3918918918918919 0.015625
14 0.2939189189189189 0.7265625 0.28378378378378377 0.021875
14 0.0777027027027027 0.7265625 0.05067567567567568 0.0140625
14 0.4864864864864865 0.6296875 0.902027027027027 0.0171875
14 0.48986486486486486 0.5375 0.9087837837837838 0.109375
14 0.8918918918918919 0.421875 0.0472972972972973 0.015625
6 0.08445945945945946 0.0890625 0.02702702702702703 0.0234375
6 0.7972972972972973 0.0890625 0.04391891891891892 0.0265625
6 0.9087837837837838 0.0890625 0.05067567567567568 0.0203125
6 0.8209459459459459 0.4234375 0.037162162162162164 0.0203125
6 0.11824324324324324 0.609375 0.15878378378378377 0.0140625
6 0.47297297297297297 0.7671875 0.013513513513513514 0.009375
6 0.06418918918918919 0.871875 0.05405405405405406 0.01875
6 0.543918918918919 0.8703125 0.0472972972972973 0.0203125
6 0.21621621621621623 0.9546875 0.010135135135135136 0.009375
14 0.10135135135135136 0.9546875 0.13175675675675674 0.0140625