18 0.5 0.028125 0.9966216216216216 0.0546875
17 0.5 0.090625 1 0.0671875
7 0.14189189189189189 0.18125 0.2195945945945946 0.1015625
8 0.40878378378378377 0.1828125 0.23986486486486486 0.1125
8 0.6790540540540541 0.18125 0.23648648648648649 0.1078125
8 0.07094594594594594 0.3078125 0.10472972972972973 0.05
7 0.5 0.61875 1 0.55625
1 0.5 0.9484375 1 0.103125
14 0.20270270270270271 0.0953125 0.3141891891891892 0.046875
14 0.20270270270270271 0.3078125 0.11824324324324324 0.01875
14 0.9155405405405406 0.3734375 0.04391891891891892 0.0125
14 0.13851351351351351 0.25 0.11824324324324324 0.0171875
14 0.40878378378378377 0.253125 0.13851351351351351 0.0140625
14 0.6790540540540541 0.2515625 0.09121621621621621 0.0125
14 0.902027027027027 0.2515625 0.11148648648648649 0.0125
6 0.3918918918918919 0.0953125 0.030405405405405407 0.0078125
6 0.7972972972972973 0.09375 0.07094594594594594 0.0296875
6 0.9391891891891891 0.0890625 0.08108108108108109 0.0375
6 0.9425675675675675 0.30625 0.04054054054054054 0.0078125
6 0.10135135135135136 0.928125 0.06418918918918919 0.0296875
6 0.30067567567567566 0.928125 0.06418918918918919 0.03125
6 0.5 0.928125 0.060810810810810814 0.028125
6 0.6993243243243243 0.9265625 0.060810810810810814 0.0296875
6 0.8986486486486487 0.9265625 0.06418918918918919 0.0296875