18 0.5 0.03125 1 0.0609375
17 0.5 0.0953125 1 0.0671875
6 0.08783783783783784 0.0953125 0.0472972972972973 0.021875
6 0.8141891891891891 0.09375 0.05067567567567568 0.025
6 0.9155405405405406 0.0953125 0.057432432432432436 0.025
14 0.4966216216216216 0.0953125 0.36486486486486486 0.01875
7 0.5 0.303125 1 0.346875
14 0.8918918918918919 0.4390625 0.0472972972972973 0.0140625
14 0.16554054054054054 0.54375 0.16891891891891891 0.015625
14 0.3885135135135135 0.54375 0.11824324324324324 0.0125
14 0.6114864864864865 0.5453125 0.10810810810810811 0.015625
14 0.8344594594594594 0.54375 0.14189189189189189 0.0125
6 0.16891891891891891 0.5125 0.057432432432432436 0.0265625
6 0.3885135135135135 0.5125 0.057432432432432436 0.025
6 0.6148648648648649 0.5140625 0.05405405405405406 0.0265625
6 0.8378378378378378 0.5140625 0.06418918918918919 0.0265625
14 0.22972972972972974 0.609375 0.34459459459459457 0.025
14 0.2668918918918919 0.65 0.4189189189189189 0.01875
14 0.30405405405405406 0.7234375 0.3614864864864865 0.015625
14 0.3547297297297297 0.7484375 0.4560810810810811 0.0125
7 0.7432432432432432 0.734375 0.2905405405405405 0.0890625
14 0.15202702702702703 0.828125 0.19256756756756757 0.021875
6 0.918918918918919 0.828125 0.04391891891891892 0.009375
15 0.5033783783783784 0.9234375 0.8918918918918919 0.06875
14 0.5 0.9234375 0.16554054054054054 0.021875