18 0.5 0.0328125 1 0.0640625
5 0.4155405405405405 0.0921875 0.7668918918918919 0.046875
16 0.15202702702702703 0.253125 0.16891891891891891 0.10625
16 0.38513513513513514 0.253125 0.17229729729729729 0.10625
16 0.6148648648648649 0.253125 0.17229729729729729 0.1046875
16 0.8581081081081081 0.253125 0.1891891891891892 0.1078125
16 0.14864864864864866 0.3515625 0.10472972972972973 0.0609375
16 0.38513513513513514 0.353125 0.13513513513513514 0.0578125
16 0.6182432432432432 0.35625 0.08445945945945946 0.0515625
16 0.8513513513513513 0.3546875 0.14527027027027026 0.0546875
12 0.5 0.4015625 0.057432432432432436 0.0078125
2 0.4966216216216216 0.490625 0.9290540540540541 0.14375
7 0.08445945945945946 0.4421875 0.10135135135135136 0.046875
15 0.793918918918919 0.5140625 0.16554054054054054 0.034375
7 0.26013513513513514 0.73125 0.4527027027027027 0.3015625
7 0.7398648648648649 0.66875 0.4560810810810811 0.178125
1 0.5 0.9484375 1 0.1015625
16 0.13175675675675674 0.93125 0.06418918918918919 0.05
16 0.375 0.93125 0.10810810810810811 0.0484375
16 0.625 0.9328125 0.11148648648648649 0.046875
16 0.875 0.9328125 0.08108108108108109 0.0453125
14 0.16554054054054054 0.0921875 0.060810810810810814 0.0140625
15 0.09797297297297297 0.1453125 0.13175675675675674 0.034375
15 0.27364864864864863 0.14375 0.16216216216216217 0.03125
15 0.43243243243243246 0.1453125 0.10135135135135136 0.0296875
15 0.5641891891891891 0.1453125 0.10135135135135136 0.0296875
15 0.6925675675675675 0.14375 0.10135135135135136 0.03125
15 0.8243243243243243 0.1453125 0.10135135135135136 0.0296875
15 0.9527027027027027 0.1453125 0.09121621621621621 0.03125
14 0.10135135135135136 0.1453125 0.08783783783783784 0.0140625
14 0.27702702702702703 0.146875 0.11824324324324324 0.0140625
14 0.43243243243243246 0.1453125 0.057432432432432436 0.0125
14 0.5641891891891891 0.1453125 0.057432432432432436 0.0140625
14 0.6959459459459459 0.1453125 0.057432432432432436 0.0140625
14 0.8243243243243243 0.1453125 0.057432432432432436 0.0140625
14 0.956081081081081 0.14375 0.057432432432432436 0.0140625
14 0.15202702702702703 0.2984375 0.060810810810810814 0.0140625
14 0.38513513513513514 0.296875 0.0945945945945946 0.0140625
14 0.6216216216216216 0.296875 0.0945945945945946 0.0140625
14 0.8513513513513513 0.2984375 0.17229729729729729 0.015625
14 0.15202702702702703 0.375 0.10810810810810811 0.015625
14 0.38175675675675674 0.3734375 0.13175675675675674 0.0125
14 0.6216216216216216 0.375 0.08108108108108109 0.0125
14 0.8547297297297297 0.375 0.14527027027027026 0.0125
14 0.40540540540540543 0.453125 0.5101351351351351 0.01875
14 0.2195945945945946 0.5125 0.2195945945945946 0.0453125
14 0.7905405405405406 0.515625 0.05067567567567568 0.0140625
14 0.2668918918918919 0.615625 0.3310810810810811 0.0109375
14 0.2635135135135135 0.6734375 0.41216216216216217 0.0765625
14 0.7398648648648649 0.6546875 0.28040540540540543 0.025
14 0.125 0.9484375 0.02364864864864865 0.0140625
14 0.375 0.9484375 0.10810810810810811 0.0140625
14 0.6216216216216216 0.95 0.11148648648648649 0.0140625
14 0.875 0.9484375 0.0777027027027027 0.0109375
6 0.13175675675675674 0.9203125 0.06418918918918919 0.03125
6 0.3783783783783784 0.921875 0.057432432432432436 0.0296875
6 0.625 0.921875 0.05405405405405406 0.021875
6 0.875 0.921875 0.060810810810810814 0.025
6 0.14864864864864866 0.3390625 0.0777027027027027 0.0359375
6 0.38513513513513514 0.3421875 0.07094594594594594 0.0328125
6 0.6182432432432432 0.34375 0.08445945945945946 0.025
6 0.8513513513513513 0.34375 0.0777027027027027 0.034375
6 0.14864864864864866 0.2390625 0.16891891891891891 0.0796875
6 0.38513513513513514 0.2390625 0.16891891891891891 0.08125
6 0.6182432432432432 0.2390625 0.16891891891891891 0.078125
6 0.8614864864864865 0.2390625 0.1891891891891892 0.0796875
6 0.6891891891891891 0.4515625 0.030405405405405407 0.0140625
6 0.7398648648648649 0.0921875 0.05067567567567568 0.021875
6 0.8648648648648649 0.090625 0.0472972972972973 0.0234375
6 0.9459459459459459 0.0921875 0.0472972972972973 0.015625
6 0.08445945945945946 0.0921875 0.037162162162162164 0.0171875