15 0.15202702702702703 0.171875 0.18243243243243243 0.0421875
15 0.40202702702702703 0.171875 0.24662162162162163 0.0390625
15 0.6993243243243243 0.1734375 0.28716216216216217 0.040625
18 0.5 0.028125 1 0.0546875
5 0.4358108108108108 0.096875 0.7398648648648649 0.0671875
8 0.8817567567567568 0.096875 0.10135135135135136 0.0515625
7 0.5033783783783784 0.434375 0.8682432432432432 0.384375
12 0.5033783783783784 0.60625 0.13175675675675674 0.009375
16 0.5033783783783784 0.83125 0.23986486486486486 0.0515625
1 0.5 0.94375 1 0.1125
16 0.10135135135135136 0.921875 0.06418918918918919 0.0453125
16 0.30067567567567566 0.9234375 0.11824324324324324 0.0453125
16 0.5033783783783784 0.921875 0.057432432432432436 0.0453125
16 0.7128378378378378 0.9234375 0.08783783783783784 0.046875
16 0.8986486486486487 0.921875 0.06418918918918919 0.046875
6 0.14527027027027026 0.096875 0.05067567567567568 0.0234375
6 0.8817567567567568 0.096875 0.04054054054054054 0.021875
6 0.8614864864864865 0.278125 0.06418918918918919 0.0265625
6 0.8175675675675675 0.6515625 0.033783783783783786 0.0140625
6 0.8614864864864865 0.834375 0.060810810810810814 0.0234375
6 0.10135135135135136 0.9140625 0.06418918918918919 0.0296875
6 0.30067567567567566 0.9140625 0.06418918918918919 0.025
6 0.5 0.9125 0.057432432432432436 0.028125
6 0.7094594594594594 0.9140625 0.08445945945945946 0.0265625
6 0.8986486486486487 0.9125 0.06418918918918919 0.028125
6 0.543918918918919 0.83125 0.04391891891891892 0.0203125
14 0.41216216216216217 0.096875 0.3952702702702703 0.034375
14 0.15202702702702703 0.171875 0.10472972972972973 0.015625
14 0.40202702702702703 0.171875 0.16554054054054054 0.015625
14 0.6993243243243243 0.1734375 0.20608108108108109 0.015625
14 0.3885135135135135 0.678125 0.6385135135135135 0.06875
14 0.8918918918918919 0.653125 0.08445945945945946 0.0125
14 0.40202702702702703 0.7390625 0.668918918918919 0.0203125
14 0.21283783783783783 0.8328125 0.15202702702702703 0.0171875
14 0.46621621621621623 0.83125 0.060810810810810814 0.0140625
14 0.10135135135135136 0.9390625 0.04054054054054054 0.0109375
14 0.2972972972972973 0.940625 0.11486486486486487 0.0109375
14 0.5 0.9390625 0.0472972972972973 0.0109375
14 0.6993243243243243 0.9390625 0.06418918918918919 0.0125
14 0.8986486486486487 0.9390625 0.06756756756756757 0.0109375