9 0.5 0.5953125 1 0.621875
16 0.2305084745762712 0.8421875 0.34576271186440677 0.0359375
16 0.16610169491525423 0.784375 0.22033898305084745 0.0359375
16 0.2711864406779661 0.7265625 0.423728813559322 0.0359375
16 0.18983050847457628 0.66875 0.26440677966101694 0.0375
16 0.17288135593220338 0.609375 0.23389830508474577 0.0359375
16 0.24745762711864408 0.48125 0.37966101694915255 0.0375
16 0.2135593220338983 0.4234375 0.30847457627118646 0.0359375
16 0.21016949152542372 0.365625 0.3050847457627119 0.0359375
16 0.21016949152542372 0.3078125 0.3016949152542373 0.0359375
18 0.5 0.02578125 1 0.0515625
17 0.5 0.078125 1 0.05
6 0.8 0.078125 0.04745762711864407 0.021875
6 0.9152542372881356 0.078125 0.05084745762711865 0.0234375
16 0.2 0.225 0.28135593220338984 0.090625
16 0.5016949152542373 0.225 0.2847457627118644 0.0859375
16 0.8033898305084746 0.2265625 0.28135593220338984 0.0890625
6 0.2 0.209375 0.05084745762711865 0.025
6 0.5016949152542373 0.2109375 0.05084745762711865 0.0234375
6 0.8033898305084746 0.2109375 0.0576271186440678 0.0265625
14 0.11186440677966102 0.1234375 0.1016949152542373 0.0265625
14 0.2 0.24375 0.11186440677966102 0.0125
14 0.5016949152542373 0.24375 0.11186440677966102 0.0125
14 0.8033898305084746 0.24375 0.11186440677966102 0.0140625
6 0.9355932203389831 0.3078125 0.01694915254237288 0.0125
6 0.09830508474576272 0.3078125 0.07796610169491526 0.0359375
6 0.09830508474576272 0.365625 0.07796610169491526 0.0359375
6 0.09830508474576272 0.4234375 0.07457627118644068 0.0359375
6 0.09491525423728814 0.48125 0.07796610169491526 0.0375
6 0.09830508474576272 0.609375 0.07796610169491526 0.0359375
6 0.09830508474576272 0.66875 0.07457627118644068 0.0359375
6 0.09830508474576272 0.7265625 0.07457627118644068 0.0359375
6 0.09830508474576272 0.784375 0.07796610169491526 0.0359375
6 0.09491525423728814 0.840625 0.07796610169491526 0.0359375
14 0.2677966101694915 0.3078125 0.17966101694915254 0.0171875
14 0.2677966101694915 0.3671875 0.18305084745762712 0.01875
14 0.2711864406779661 0.425 0.18983050847457628 0.0171875
14 0.30847457627118646 0.4828125 0.26101694915254237 0.0171875
14 0.09830508474576272 0.553125 0.08135593220338982 0.0203125
14 0.23389830508474577 0.609375 0.11186440677966102 0.0171875
14 0.25084745762711863 0.6671875 0.14576271186440679 0.0171875
14 0.3288135593220339 0.725 0.3050847457627119 0.01875
14 0.2271186440677966 0.7828125 0.09830508474576272 0.0171875
14 0.288135593220339 0.840625 0.2271186440677966 0.0171875
6 0.9355932203389831 0.365625 0.01694915254237288 0.0125
6 0.9355932203389831 0.4234375 0.013559322033898305 0.0109375
6 0.9355932203389831 0.48125 0.01694915254237288 0.0125
1 0.5 0.953125 1 0.09375
16 0.12203389830508475 0.9390625 0.04745762711864407 0.040625
16 0.31186440677966104 0.9390625 0.05084745762711865 0.0390625
16 0.5016949152542373 0.9375 0.08813559322033898 0.040625
16 0.6915254237288135 0.9390625 0.04745762711864407 0.0390625
6 0.6915254237288135 0.9296875 0.04745762711864407 0.0203125
6 0.5016949152542373 0.9296875 0.04406779661016949 0.0234375
6 0.31186440677966104 0.9296875 0.05423728813559322 0.021875
6 0.12203389830508475 0.9296875 0.04745762711864407 0.021875
14 0.12203389830508475 0.953125 0.020338983050847456 0.0109375
14 0.31186440677966104 0.953125 0.04406779661016949 0.0125
14 0.5016949152542373 0.953125 0.0847457627118644 0.0109375
14 0.688135593220339 0.953125 0.04406779661016949 0.0109375
16 0.8779661016949153 0.9390625 0.04406779661016949 0.0390625
6 0.8779661016949153 0.93125 0.04406779661016949 0.0203125
14 0.8813559322033898 0.953125 0.04406779661016949 0.0109375