18 0.5 0.0265625 1 0.053125
17 0.5 0.07421875 1 0.0453125
6 0.06779661016949153 0.0765625 0.030508474576271188 0.021875
14 0.9186440677966101 0.078125 0.06440677966101695 0.0171875
14 0.2745762711864407 0.13125 0.19322033898305085 0.0203125
14 0.7254237288135593 0.13125 0.15593220338983052 0.01875
7 0.5050847457627119 0.315625 0.8813559322033898 0.2140625
14 0.43050847457627117 0.4734375 0.7457627118644068 0.0453125
9 0.5 0.796875 1 0.403125
14 0.10508474576271186 0.5796875 0.08813559322033898 0.0203125
14 0.3423728813559322 0.6453125 0.29491525423728815 0.0421875
14 0.3220338983050847 0.725 0.26440677966101694 0.0421875
14 0.3389830508474576 0.8078125 0.2983050847457627 0.0453125
14 0.3152542372881356 0.8890625 0.24067796610169492 0.040625
14 0.33220338983050846 0.9703125 0.27796610169491526 0.0453125
14 0.8983050847457628 0.971875 0.09491525423728814 0.0125
14 0.9084745762711864 0.8890625 0.07457627118644068 0.0125
14 0.8440677966101695 0.809375 0.2033898305084746 0.015625
14 0.9050847457627119 0.6453125 0.07796610169491526 0.0125
14 0.8745762711864407 0.7265625 0.09830508474576272 0.0140625
6 0.10847457627118644 0.646875 0.1016949152542373 0.046875
6 0.10847457627118644 0.728125 0.09491525423728814 0.0453125
6 0.10508474576271186 0.809375 0.09491525423728814 0.046875
6 0.10847457627118644 0.890625 0.1016949152542373 0.04375
6 0.10847457627118644 0.971875 0.1016949152542373 0.04375
11 0.5 0.1328125 1 0.06875