10 0.4987012987012987 0.5171875 0.8727272727272727 0.69375
17 0.5 0.078125 1 0.078125
6 0.9402597402597402 0.075 0.04415584415584416 0.0265625
6 0.825974025974026 0.0765625 0.03896103896103896 0.0296875
7 0.4987012987012987 0.0765625 0.36363636363636365 0.034375
6 0.06753246753246753 0.075 0.046753246753246755 0.0203125
14 0.825974025974026 0.8234375 0.1012987012987013 0.015625
15 0.4987012987012987 0.7171875 0.44155844155844154 0.0703125
6 0.5012987012987012 0.565625 0.24415584415584415 0.146875
14 0.5012987012987012 0.3859375 0.7376623376623377 0.1125
14 0.5012987012987012 0.246875 0.5636363636363636 0.071875
18 0.5 0.01796875 1 0.0359375
14 0.5012987012987012 0.71875 0.2935064935064935 0.0203125