4 0.34025974025974026 0.5171875 0.6779220779220779 0.9640625
9 0.34025974025974026 0.571875 0.6805194805194805 0.5515625
7 0.34025974025974026 0.165625 0.6779220779220779 0.259375
6 0.07532467532467532 0.4125 0.04935064935064935 0.025
6 0.07272727272727272 0.334375 0.05974025974025974 0.0359375
6 0.07272727272727272 0.490625 0.05454545454545454 0.034375
6 0.07272727272727272 0.5703125 0.046753246753246755 0.028125
6 0.07012987012987013 0.65 0.05454545454545454 0.0328125
6 0.07272727272727272 0.728125 0.04155844155844156 0.0359375
6 0.07272727272727272 0.8078125 0.05714285714285714 0.034375
14 0.23636363636363636 0.8109375 0.14285714285714285 0.021875
14 0.24155844155844156 0.728125 0.15064935064935064 0.01875
14 0.34025974025974026 0.653125 0.35584415584415585 0.0234375
14 0.21818181818181817 0.5734375 0.1012987012987013 0.0234375
14 0.24415584415584415 0.4921875 0.15324675324675324 0.01875
14 0.24935064935064935 0.4140625 0.16363636363636364 0.01875
14 0.3220779220779221 0.3375 0.3194805194805195 0.021875
14 0.16103896103896104 0.2515625 0.24155844155844156 0.0359375
18 0.4987012987012987 0.0171875 0.9974025974025974 0.034375