14 0.14545454545454545 0.809375 0.21298701298701297 0.01875
14 0.4857142857142857 0.9578125 0.9012987012987013 0.05
7 0.08311688311688312 0.878125 0.08831168831168831 0.053125
14 0.4987012987012987 0.43125 0.17142857142857143 0.0203125
7 0.4987012987012987 0.2046875 0.9974025974025974 0.3375
7 0.4987012987012987 0.3734375 0.12207792207792208 0.0734375
14 0.9402597402597402 0.878125 0.03896103896103896 0.0140625
14 0.24675324675324675 0.8796875 0.2 0.021875
15 0.4987012987012987 0.7203125 0.2519480519480519 0.053125
14 0.4987012987012987 0.6484375 0.4935064935064935 0.01875
14 0.5012987012987012 0.58125 0.6077922077922078 0.046875
14 0.4987012987012987 0.5125 0.43116883116883115 0.0515625
6 0.9376623376623376 0.0765625 0.015584415584415584 0.0265625
6 0.825974025974026 0.0765625 0.046753246753246755 0.0296875
6 0.06753246753246753 0.0765625 0.04155844155844156 0.025
18 0.4987012987012987 0.0171875 0.9974025974025974 0.034375
14 0.5012987012987012 0.721875 0.12987012987012986 0.015625