1 0.5 0.959375 1 0.08125
16 0.12727272727272726 0.959375 0.07532467532467532 0.053125
16 0.37402597402597404 0.9578125 0.14285714285714285 0.0546875
16 0.625974025974026 0.9578125 0.16883116883116883 0.053125
16 0.8753246753246753 0.9578125 0.16363636363636364 0.053125
14 0.1038961038961039 0.5078125 0.10909090909090909 0.0171875
14 0.09610389610389611 0.43125 0.1038961038961039 0.0203125
14 0.1012987012987013 0.4 0.1012987012987013 0.021875
6 0.8753246753246753 0.946875 0.04415584415584416 0.0296875
6 0.625974025974026 0.946875 0.04935064935064935 0.0296875
6 0.37402597402597404 0.9453125 0.04935064935064935 0.0296875
6 0.12207792207792208 0.9453125 0.04935064935064935 0.025
14 0.1038961038961039 0.865625 0.11428571428571428 0.0140625
14 0.6415584415584416 0.7546875 0.2 0.0234375
14 0.6285714285714286 0.7859375 0.16623376623376623 0.01875
14 0.6 0.865625 0.11428571428571428 0.0140625
14 0.8753246753246753 0.978125 0.16363636363636364 0.0140625
14 0.625974025974026 0.978125 0.16883116883116883 0.0140625
14 0.37402597402597404 0.978125 0.14285714285714285 0.0140625
14 0.12467532467532468 0.978125 0.07532467532467532 0.0140625
14 0.17662337662337663 0.784375 0.2571428571428571 0.0140625
14 0.16883116883116883 0.753125 0.23636363636363636 0.01875
14 0.16623376623376623 0.153125 0.14025974025974025 0.0140625
14 0.4987012987012987 0.153125 0.16103896103896104 0.0140625
14 0.8337662337662337 0.153125 0.09350649350649351 0.0140625
6 0.9402597402597402 0.075 0.04155844155844156 0.028125
14 0.2987012987012987 0.0765625 0.24415584415584415 0.0234375
6 0.06753246753246753 0.075 0.046753246753246755 0.0203125
10 0.4987012987012987 0.5171875 0.6779220779220779 0.4234375
14 0.7090909090909091 0.6875 0.14025974025974025 0.0171875
14 0.4753246753246753 0.61875 0.548051948051948 0.0515625
14 0.42337662337662335 0.5546875 0.44415584415584414 0.025
7 0.4987012987012987 0.4078125 0.6753246753246753 0.20625
18 0.4987012987012987 0.0171875 0.9974025974025974 0.034375