7 0.4987012987012987 0.9140625 0.9974025974025974 0.16875
7 0.08051948051948052 0.7796875 0.09090909090909091 0.05625
14 0.4987012987012987 0.43125 0.16103896103896104 0.0203125
14 0.9376623376623376 0.78125 0.04415584415584416 0.015625
14 0.23896103896103896 0.78125 0.19220779220779222 0.0203125
15 0.4987012987012987 0.6390625 0.24935064935064935 0.053125
14 0.4987012987012987 0.56875 0.45194805194805193 0.01875
14 0.4987012987012987 0.5125 0.5558441558441558 0.053125
7 0.4987012987012987 0.2046875 0.9974025974025974 0.3375
7 0.4987012987012987 0.3734375 0.11948051948051948 0.0734375
6 0.935064935064935 0.0765625 0.012987012987012988 0.025
6 0.825974025974026 0.0765625 0.046753246753246755 0.0296875
6 0.06753246753246753 0.0765625 0.04155844155844156 0.025
18 0.4987012987012987 0.0171875 0.9974025974025974 0.034375
14 0.5012987012987012 0.640625 0.12987012987012986 0.015625