4 0.42337662337662335 0.5171875 0.8441558441558441 0.9640625
9 0.42337662337662335 0.5859375 0.8441558441558441 0.5703125
14 0.24675324675324675 0.340625 0.10909090909090909 0.01875
14 0.2753246753246753 0.421875 0.17402597402597403 0.0171875
14 0.2805194805194805 0.5015625 0.18181818181818182 0.01875
14 0.3090909090909091 0.5875 0.23376623376623376 0.0234375
14 0.24415584415584415 0.6671875 0.0987012987012987 0.0171875
14 0.3142857142857143 0.75 0.24675324675324675 0.0234375
14 0.2571428571428571 0.83125 0.12727272727272726 0.021875
6 0.08311688311688312 0.828125 0.05714285714285714 0.0359375
6 0.08311688311688312 0.746875 0.05974025974025974 0.0359375
6 0.08311688311688312 0.665625 0.05974025974025974 0.028125
6 0.08311688311688312 0.584375 0.05974025974025974 0.0296875
6 0.08051948051948052 0.503125 0.05714285714285714 0.034375
6 0.7584415584415585 0.5015625 0.02857142857142857 0.009375
6 0.7610389610389611 0.4203125 0.03116883116883117 0.0109375
6 0.08051948051948052 0.3390625 0.05714285714285714 0.034375
6 0.08051948051948052 0.4203125 0.05974025974025974 0.034375
7 0.42337662337662335 0.1671875 0.8441558441558441 0.2609375
14 0.2025974025974026 0.2796875 0.33506493506493507 0.0203125
14 0.15064935064935064 0.253125 0.23116883116883116 0.025
14 0.7272727272727273 0.0625 0.17922077922077922 0.01875
6 0.12207792207792208 0.115625 0.17142857142857143 0.1046875
13 0.7376623376623377 0.096875 0.08311688311688312 0.03125
18 0.5 0.0171875 1 0.034375