17 0.4987012987012987 0.0765625 0.9974025974025974 0.08125
14 0.21038961038961038 0.39375 0.14285714285714285 0.0171875
14 0.17142857142857143 0.3046875 0.07012987012987013 0.0140625
14 0.5012987012987012 0.565625 0.3142857142857143 0.021875
15 0.4987012987012987 0.4875 0.922077922077922 0.0734375
6 0.06753246753246753 0.390625 0.033766233766233764 0.0265625
5 0.548051948051948 0.403125 0.825974025974026 0.034375
6 0.06753246753246753 0.303125 0.04415584415584416 0.01875
5 0.548051948051948 0.3140625 0.825974025974026 0.0359375
14 0.4987012987012987 0.24375 0.03116883116883117 0.0125
16 0.5012987012987012 0.1765625 0.922077922077922 0.0734375
14 0.18181818181818182 0.0765625 0.16103896103896104 0.021875
6 0.06233766233766234 0.0765625 0.025974025974025976 0.0265625
18 0.4987012987012987 0.0171875 0.9974025974025974 0.034375
14 0.5376623376623376 0.1796875 0.4597402597402597 0.025
7 0.2545454545454545 0.1765625 0.05714285714285714 0.03125
14 0.5012987012987012 0.490625 0.11688311688311688 0.021875