0 0.4987012987012987 0.5171875 0.9974025974025974 0.9625
7 0.5116883116883116 0.5109375 0.34025974025974026 0.2265625
14 0.4987012987012987 0.6890625 0.5298701298701298 0.034375
14 0.4987012987012987 0.7703125 0.9090909090909091 0.05625
12 0.4961038961038961 0.834375 0.14025974025974025 0.0140625
15 0.7402597402597403 0.9171875 0.44415584415584414 0.071875
15 0.2597402597402597 0.9171875 0.44415584415584414 0.071875
7 0.4987012987012987 0.1265625 0.6077922077922078 0.0609375
18 0.4987012987012987 0.0171875 0.9974025974025974 0.034375
14 0.2597402597402597 0.91875 0.2727272727272727 0.01875
14 0.7402597402597403 0.91875 0.17142857142857143 0.0171875