14 0.2545454545454545 0.1046875 0.3922077922077922 0.0359375
6 0.8935064935064935 0.1015625 0.04935064935064935 0.028125
9 0.3948051948051948 0.5375 0.6753246753246753 0.54375
14 0.4025974025974026 0.196875 0.6909090909090909 0.0640625
3 0.33246753246753247 0.2796875 0.5428571428571428 0.0296875
14 0.38441558441558443 0.28125 0.44155844155844154 0.028125
3 0.34545454545454546 0.3578125 0.5662337662337662 0.0375
14 0.3948051948051948 0.3578125 0.4649350649350649 0.0359375
3 0.21298701298701297 0.4265625 0.3038961038961039 0.0296875
14 0.2623376623376623 0.428125 0.2025974025974026 0.028125
3 0.22597402597402597 0.5 0.33246753246753247 0.03125
14 0.2753246753246753 0.5015625 0.23116883116883116 0.028125
3 0.18961038961038962 0.5734375 0.2571428571428571 0.03125
14 0.24155844155844156 0.5734375 0.15844155844155844 0.028125
3 0.22857142857142856 0.6453125 0.33506493506493507 0.0296875
14 0.2779220779220779 0.646875 0.23376623376623376 0.028125
3 0.3974025974025974 0.7234375 0.6727272727272727 0.0375
14 0.44675324675324674 0.7234375 0.574025974025974 0.0359375
3 0.18181818181818182 0.7921875 0.24155844155844156 0.03125
14 0.23116883116883116 0.79375 0.14025974025974025 0.028125
15 0.4987012987012987 0.915625 0.8779220779220779 0.0953125
18 0.4987012987012987 0.0171875 0.9974025974025974 0.034375
14 0.5012987012987012 0.915625 0.2701298701298701 0.03125