0 0.4987012987012987 0.5171875 0.9974025974025974 0.9640625
5 0.4987012987012987 0.6953125 0.8571428571428571 0.075
6 0.8571428571428571 0.69375 0.03896103896103896 0.0234375
14 0.24675324675324675 0.696875 0.2545454545454545 0.021875
15 0.5012987012987012 0.771875 0.8545454545454545 0.0578125
14 0.4935064935064935 0.5296875 0.7194805194805195 0.1171875
14 0.4987012987012987 0.35625 0.42077922077922075 0.04375
7 0.4909090909090909 0.2875 0.18181818181818182 0.08125
6 0.06753246753246753 0.075 0.046753246753246755 0.0203125
18 0.4987012987012987 0.0171875 0.9974025974025974 0.034375
14 0.5012987012987012 0.7734375 0.21038961038961038 0.0234375