14 0.4987012987012987 0.96875 0.15324675324675324 0.0203125
14 0.4987012987012987 0.9078125 0.37402597402597404 0.015625
15 0.7376623376623377 0.8578125 0.45194805194805193 0.065625
15 0.2597402597402597 0.8578125 0.45194805194805193 0.065625
15 0.7428571428571429 0.7765625 0.44935064935064933 0.0640625
15 0.2597402597402597 0.7765625 0.44935064935064933 0.0625
6 0.06233766233766234 0.6515625 0.04935064935064935 0.028125
14 0.4935064935064935 0.65 0.7246753246753247 0.040625
6 0.06233766233766234 0.571875 0.04935064935064935 0.0265625
14 0.5116883116883116 0.56875 0.7558441558441559 0.040625
6 0.06493506493506493 0.4890625 0.04935064935064935 0.0296875
14 0.4961038961038961 0.490625 0.7324675324675325 0.0453125
7 0.4987012987012987 0.196875 0.9974025974025974 0.321875
7 0.4987012987012987 0.3609375 0.2 0.121875
18 0.4987012987012987 0.0171875 0.9974025974025974 0.034375
14 0.2597402597402597 0.7796875 0.12467532467532468 0.021875
14 0.7402597402597403 0.7796875 0.0987012987012987 0.021875
14 0.7402597402597403 0.8609375 0.11948051948051948 0.0234375
14 0.2623376623376623 0.859375 0.16363636363636364 0.01875