17 0.4987012987012987 0.0765625 0.9974025974025974 0.08125
9 0.5 0.44453125 1 0.6578125
14 0.33506493506493507 0.6953125 0.14545454545454545 0.03125
7 0.12467532467532468 0.6921875 0.17662337662337663 0.10625
14 0.35324675324675325 0.528125 0.17922077922077922 0.025
7 0.12467532467532468 0.5265625 0.17662337662337663 0.1046875
14 0.4 0.3640625 0.2727272727272727 0.025
7 0.12467532467532468 0.3625 0.17662337662337663 0.10625
6 0.935064935064935 0.2 0.04415584415584416 0.0203125
14 0.35844155844155845 0.203125 0.18961038961038962 0.03125
7 0.12467532467532468 0.1984375 0.17402597402597403 0.10625
14 0.2675324675324675 0.078125 0.24155844155844156 0.0265625
6 0.06753246753246753 0.0765625 0.04155844155844156 0.025
18 0.4987012987012987 0.0171875 0.9974025974025974 0.034375