1 0.4987012987012987 0.9671875 0.9974025974025974 0.065625
6 0.05714285714285714 0.2984375 0.03636363636363636 0.0125
6 0.05974025974025974 0.8578125 0.03636363636363636 0.0125
6 0.9116883116883117 0.965625 0.04155844155844156 0.028125
6 0.7064935064935065 0.965625 0.046753246753246755 0.028125
6 0.4987012987012987 0.965625 0.046753246753246755 0.0296875
6 0.2935064935064935 0.9671875 0.03896103896103896 0.0234375
6 0.08571428571428572 0.965625 0.02077922077922078 0.0234375
7 0.8441558441558441 0.9234375 0.23116883116883116 0.01875
14 0.18701298701298702 0.859375 0.09090909090909091 0.009375
14 0.09090909090909091 0.8578125 0.025974025974025976 0.0109375
2 0.8363636363636363 0.5546875 0.32727272727272727 0.321875
7 0.8467532467532467 0.8109375 0.23116883116883116 0.1078125
14 0.34545454545454546 0.796875 0.6181818181818182 0.0515625
14 0.7402597402597403 0.6890625 0.08311688311688312 0.009375
14 0.8480519480519481 0.62578125 0.3038961038961039 0.0453125
7 0.8363636363636363 0.4890625 0.32727272727272727 0.1875
2 0.34025974025974026 0.5546875 0.6 0.321875
14 0.15324675324675324 0.6890625 0.16623376623376623 0.015625
14 0.34025974025974026 0.628125 0.5428571428571428 0.05
7 0.34025974025974026 0.4890625 0.6 0.1890625
14 0.16623376623376623 0.3625 0.24935064935064935 0.0171875
14 0.21558441558441557 0.2984375 0.15064935064935064 0.0140625
14 0.09350649350649351 0.296875 0.023376623376623377 0.0109375
7 0.8467532467532467 0.25 0.23116883116883116 0.1078125
14 0.36363636363636365 0.2359375 0.6467532467532467 0.05
11 0.5 0.13828125 1 0.0671875
14 0.8337662337662337 0.1453125 0.11168831168831168 0.015625
14 0.6571428571428571 0.1453125 0.10909090909090909 0.015625
14 0.45194805194805193 0.1453125 0.17662337662337663 0.015625
14 0.22857142857142856 0.146875 0.14805194805194805 0.01875
14 0.046753246753246755 0.15 0.09350649350649351 0.015625
6 0.9506493506493506 0.1453125 0.03636363636363636 0.021875
5 0.45714285714285713 0.0765625 0.8675324675324675 0.053125
14 0.22597402597402597 0.0765625 0.35844155844155845 0.015625
6 0.9454545454545454 0.0765625 0.01038961038961039 0.025
18 0.4987012987012987 0.0171875 0.9974025974025974 0.034375