5 0.4987012987012987 0.5421875 0.6961038961038961 0.0515625
5 0.4987012987012987 0.4328125 0.6961038961038961 0.059375
14 0.36883116883116884 0.5265625 0.2 0.0203125
14 0.37402597402597404 0.421875 0.21298701298701297 0.01875
6 0.17922077922077922 0.525 0.05454545454545454 0.01875
6 0.17922077922077922 0.4203125 0.05454545454545454 0.0328125
14 0.7480519480519481 0.965625 0.08831168831168831 0.0203125
14 0.5038961038961038 0.965625 0.3168831168831169 0.0171875
14 0.2545454545454545 0.965625 0.09350649350649351 0.0171875
14 0.4987012987012987 0.7328125 0.33766233766233766 0.0203125
16 0.4987012987012987 0.6484375 0.6207792207792208 0.071875
14 0.4987012987012987 0.2828125 0.4155844155844156 0.0328125
7 0.4987012987012987 0.19375 0.23896103896103896 0.1078125
18 0.4987012987012987 0.0171875 0.9974025974025974 0.034375
14 0.5246753246753246 0.653125 0.2987012987012987 0.0203125
6 0.33766233766233766 0.65 0.02857142857142857 0.0203125