2 0.2571428571428571 0.3578125 0.45454545454545453 0.446875
2 0.7428571428571429 0.25 0.45714285714285713 0.23125
2 0.7428571428571429 0.4953125 0.45454545454545453 0.2234375
2 0.7428571428571429 0.784375 0.45714285714285713 0.31875
14 0.5818181818181818 0.3125 0.08311688311688312 0.0171875
14 0.9194805194805195 0.58125 0.05194805194805195 0.0171875
14 0.6051948051948052 0.5828125 0.13506493506493505 0.0203125
14 0.7012987012987013 0.5546875 0.3246753246753247 0.025
14 0.19480519480519481 0.9890625 0.2805194805194805 0.01875
7 0.7428571428571429 0.9796875 0.45454545454545453 0.0375
14 0.9064935064935065 0.9171875 0.08051948051948052 0.0171875
14 0.6285714285714286 0.91875 0.17662337662337663 0.0203125
14 0.6857142857142857 0.890625 0.2961038961038961 0.0203125
7 0.7428571428571429 0.7421875 0.45714285714285713 0.2328125
7 0.2571428571428571 0.778125 0.45454545454545453 0.3609375
14 0.412987012987013 0.5546875 0.09610389610389611 0.0140625
14 0.14285714285714285 0.55625 0.17662337662337663 0.01875
14 0.09610389610389611 0.5265625 0.08311688311688312 0.01875
7 0.7428571428571429 0.453125 0.45454545454545453 0.1375
14 0.8961038961038961 0.340625 0.0987012987012987 0.015625
14 0.6285714285714286 0.3421875 0.17662337662337663 0.01875
7 0.7428571428571429 0.2078125 0.45454545454545453 0.146875
7 0.2571428571428571 0.315625 0.45454545454545453 0.3609375
17 0.4987012987012987 0.0765625 0.9974025974025974 0.08125
14 0.37402597402597404 0.0765625 0.3948051948051948 0.0234375
6 0.06753246753246753 0.0765625 0.04155844155844156 0.0234375
18 0.4987012987012987 0.0171875 0.9974025974025974 0.034375