17 0.5 0.07421875 1 0.0796875
6 0.948051948051948 0.0765625 0.01038961038961039 0.025
6 0.8441558441558441 0.075 0.04415584415584416 0.025
14 0.24155844155844156 0.0765625 0.12727272727272726 0.021875
6 0.06753246753246753 0.075 0.046753246753246755 0.0203125
10 0.4987012987012987 0.5171875 0.7792207792207793 0.665625
15 0.5012987012987012 0.7921875 0.21298701298701297 0.0703125
14 0.5012987012987012 0.684375 0.5818181818181818 0.040625
7 0.4987012987012987 0.4921875 0.7402597402597403 0.2609375
14 0.5012987012987012 0.2734375 0.6415584415584416 0.0921875
18 0.4987012987012987 0.0171875 0.9974025974025974 0.034375
14 0.5012987012987012 0.7921875 0.11688311688311688 0.01875