9 0.5 0.55703125 1 0.8828125
14 0.11168831168831168 0.2265625 0.12207792207792208 0.021875
14 0.12467532467532468 0.95625 0.14805194805194805 0.0265625
14 0.24935064935064935 0.8828125 0.4 0.0265625
14 0.14805194805194805 0.8078125 0.2 0.021875
14 0.2571428571428571 0.7375 0.412987012987013 0.0265625
14 0.2909090909090909 0.6640625 0.4779220779220779 0.025
14 0.2909090909090909 0.5921875 0.4831168831168831 0.0265625
14 0.22857142857142856 0.5171875 0.35324675324675325 0.021875
14 0.19220779220779222 0.446875 0.2857142857142857 0.0265625
14 0.2077922077922078 0.371875 0.3116883116883117 0.021875
14 0.19480519480519481 0.3015625 0.2909090909090909 0.0265625
14 0.2025974025974026 0.15625 0.3064935064935065 0.0265625
17 0.5 0.0765625 1 0.08125
14 0.22857142857142856 0.0796875 0.10649350649350649 0.0296875
6 0.9428571428571428 0.0765625 0.03896103896103896 0.025
6 0.825974025974026 0.0765625 0.03896103896103896 0.0234375
6 0.06753246753246753 0.0765625 0.04935064935064935 0.021875
18 0.5 0.0171875 1 0.034375