15 0.24935064935064935 0.9625 0.4961038961038961 0.0734375
15 0.7493506493506493 0.96171875 0.5012987012987012 0.0734375
9 0.5 0.64921875 1 0.5515625
6 0.42077922077922075 0.490625 0.16103896103896104 0.015625
6 0.41818181818181815 0.73125 0.16103896103896104 0.015625
14 0.2935064935064935 0.275 0.4909090909090909 0.0171875
14 0.412987012987013 0.9046875 0.14545454545454545 0.01875
14 0.5844155844155844 0.875 0.21558441558441557 0.01875
7 0.15064935064935064 0.9078125 0.18181818181818182 0.0375
14 0.4 0.871875 0.12207792207792208 0.0234375
14 0.4155844155844156 0.7890625 0.14805194805194805 0.01875
14 0.5506493506493506 0.765625 0.41818181818181815 0.0203125
14 0.5246753246753246 0.7328125 0.033766233766233764 0.0203125
14 0.6233766233766234 0.684375 0.561038961038961 0.05
7 0.16883116883116883 0.690625 0.24415584415584415 0.1046875
14 0.4 0.6296875 0.11948051948051948 0.0234375
14 0.42597402597402595 0.546875 0.17142857142857143 0.01875
14 0.5688311688311688 0.5234375 0.45714285714285713 0.01875
14 0.5324675324675324 0.490625 0.04935064935064935 0.01875
14 0.6337662337662338 0.459375 0.587012987012987 0.0265625
7 0.16883116883116883 0.4765625 0.21818181818181817 0.084375
14 0.4 0.415625 0.12207792207792208 0.021875
14 0.7376623376623377 0.3484375 0.42857142857142855 0.0203125
14 0.11428571428571428 0.346875 0.13246753246753246 0.0140625
14 0.2883116883116883 0.24375 0.4805194805194805 0.0203125
11 0.4987012987012987 0.1578125 0.9974025974025974 0.08125
14 0.24935064935064935 0.1578125 0.23376623376623376 0.01875
14 0.7480519480519481 0.1609375 0.12467532467532468 0.0234375
17 0.4987012987012987 0.0765625 0.9974025974025974 0.08125
5 0.4987012987012987 0.0765625 0.961038961038961 0.0703125
14 0.2987012987012987 0.078125 0.2935064935064935 0.025
6 0.9116883116883117 0.0765625 0.03636363636363636 0.021875
6 0.09610389610389611 0.0765625 0.04155844155844156 0.0234375
18 0.4987012987012987 0.0171875 0.9974025974025974 0.034375
14 0.24935064935064935 0.965625 0.08311688311688312 0.021875
14 0.7532467532467533 0.9640625 0.1012987012987013 0.0234375