4 0.34025974025974026 0.5171875 0.6805194805194805 0.9640625
9 0.34025974025974026 0.590625 0.6805194805194805 0.653125
7 0.11688311688311688 0.1234375 0.14025974025974025 0.084375
16 0.34025974025974026 0.959375 0.6779220779220779 0.08125
6 0.612987012987013 0.2109375 0.023376623376623377 0.0078125
14 0.07792207792207792 0.1921875 0.07272727272727272 0.0171875
14 0.11428571428571428 0.2203125 0.14545454545454545 0.0203125
14 0.2727272727272727 0.3109375 0.1974025974025974 0.015625
14 0.22077922077922077 0.38125 0.08571428571428572 0.015625
14 0.22597402597402597 0.4515625 0.1038961038961039 0.0171875
14 0.2571428571428571 0.5234375 0.16363636363636364 0.0203125
14 0.3064935064935065 0.6171875 0.2649350649350649 0.0171875
14 0.3194805194805195 0.6875 0.2909090909090909 0.021875
14 0.23896103896103896 0.759375 0.12467532467532468 0.0203125
14 0.23376623376623376 0.8296875 0.11948051948051948 0.0203125
14 0.22597402597402597 0.896875 0.0987012987012987 0.015625
14 0.2701298701298701 0.959375 0.18961038961038962 0.0171875
6 0.06753246753246753 0.9578125 0.05454545454545454 0.028125
6 0.06753246753246753 0.8953125 0.04415584415584416 0.0296875
6 0.06753246753246753 0.8265625 0.04935064935064935 0.0296875
6 0.06753246753246753 0.75625 0.04935064935064935 0.0296875
6 0.06753246753246753 0.6859375 0.04415584415584416 0.0265625
6 0.06753246753246753 0.615625 0.04935064935064935 0.015625
6 0.06753246753246753 0.5203125 0.05454545454545454 0.03125
6 0.06753246753246753 0.45 0.04935064935064935 0.01875
6 0.06753246753246753 0.38125 0.04935064935064935 0.025
6 0.07012987012987013 0.309375 0.046753246753246755 0.0265625
18 0.4987012987012987 0.0171875 0.9974025974025974 0.034375