1 0.5 0.95703125 1 0.0828125
16 0.1012987012987013 0.959375 0.1038961038961039 0.05
16 0.3012987012987013 0.9609375 0.07792207792207792 0.0484375
16 0.5012987012987012 0.959375 0.06753246753246753 0.05
16 0.7012987012987013 0.959375 0.07272727272727272 0.05
16 0.8987012987012987 0.959375 0.09610389610389611 0.0515625
14 0.18961038961038962 0.86875 0.2597402597402597 0.021875
6 0.1012987012987013 0.9515625 0.04935064935064935 0.0328125
14 0.8987012987012987 0.9796875 0.09610389610389611 0.009375
6 0.13506493506493505 0.7765625 0.15584415584415584 0.0171875
11 0.5012987012987012 0.1703125 0.9948051948051948 0.0671875
14 0.7142857142857143 0.16875 0.10909090909090909 0.0140625
14 0.5064935064935064 0.16875 0.18961038961038962 0.0140625
14 0.2987012987012987 0.16875 0.10649350649350649 0.0140625
14 0.12207792207792208 0.16875 0.12467532467532468 0.0140625
14 0.7012987012987013 0.9796875 0.07272727272727272 0.009375
14 0.5012987012987012 0.9796875 0.06753246753246753 0.009375
14 0.3012987012987013 0.9796875 0.07792207792207792 0.0109375
6 0.8987012987012987 0.95 0.05974025974025974 0.034375
6 0.6987012987012987 0.95 0.05454545454545454 0.03125
6 0.4987012987012987 0.95 0.05194805194805195 0.0328125
6 0.3012987012987013 0.9515625 0.05974025974025974 0.0296875
14 0.1012987012987013 0.9796875 0.1038961038961039 0.0109375
14 0.5766233766233766 0.7765625 0.12467532467532468 0.015625
14 0.2909090909090909 0.778125 0.12727272727272726 0.0140625
14 0.7168831168831169 0.734375 0.4025974025974026 0.0515625
14 0.24155844155844156 0.73125 0.36363636363636365 0.0484375
7 0.7272727272727273 0.496875 0.42597402597402595 0.3890625
6 0.8961038961038961 0.328125 0.03896103896103896 0.0203125
7 0.2727272727272727 0.496875 0.42597402597402595 0.3890625
14 0.12987012987012986 0.6671875 0.1012987012987013 0.009375
6 0.43896103896103894 0.328125 0.04155844155844156 0.021875
14 0.36103896103896105 0.2609375 0.5974025974025974 0.0265625
5 0.4987012987012987 0.0953125 0.9428571428571428 0.0734375
14 0.3948051948051948 0.0984375 0.4961038961038961 0.021875
6 0.08831168831168831 0.0953125 0.03636363636363636 0.021875
18 0.4987012987012987 0.0171875 0.9974025974025974 0.034375
7 0.9857142857142858 0.49609375 0.02857142857142857 0.3890625
14 0.987012987012987 0.7328125 0.025974025974025976 0.0484375
6 0.9857142857142858 0.778125 0.02857142857142857 0.015625