9 0.4987012987012987 0.5671875 0.961038961038961 0.678125
14 0.12727272727272726 0.3828125 0.09350649350649351 0.01875
14 0.23896103896103896 0.9703125 0.16623376623376623 0.01875
14 0.3038961038961039 0.940625 0.2961038961038961 0.0203125
7 0.9038961038961039 0.953125 0.05974025974025974 0.0421875
7 0.07792207792207792 0.953125 0.11688311688311688 0.0703125
14 0.14545454545454545 0.8984375 0.13506493506493505 0.0125
14 0.15584415584415584 0.7984375 0.15324675324675324 0.01875
14 0.16623376623376623 0.69375 0.17402597402597403 0.01875
14 0.15324675324675324 0.590625 0.15064935064935064 0.01875
14 0.21818181818181817 0.4875 0.2805194805194805 0.01875
14 0.22077922077922077 0.2796875 0.2857142857142857 0.0203125
11 0.5 0.1625 1 0.08125
14 0.8935064935064935 0.16875 0.07272727272727272 0.0171875
14 0.7246753246753247 0.16875 0.14805194805194805 0.0171875
14 0.5298701298701298 0.16875 0.11948051948051948 0.015625
14 0.3220779220779221 0.16875 0.17662337662337663 0.0171875
14 0.11168831168831168 0.16875 0.12727272727272726 0.0171875
17 0.5 0.07734375 1 0.0859375
14 0.3220779220779221 0.078125 0.34805194805194806 0.0234375
6 0.9402597402597402 0.075 0.04415584415584416 0.0265625
6 0.06753246753246753 0.075 0.04935064935064935 0.0203125
18 0.4987012987012987 0.0171875 0.9974025974025974 0.034375