15 0.8675324675324675 0.95 0.2 0.0546875
14 0.4987012987012987 0.89375 0.6701298701298701 0.0265625
12 0.4961038961038961 0.9703125 0.09610389610389611 0.015625
14 0.8727272727272727 0.0484375 0.09610389610389611 0.0171875
14 0.4987012987012987 0.0453125 0.22077922077922077 0.0375
14 0.12727272727272726 0.046875 0.17662337662337663 0.015625
10 0.4987012987012987 0.5 0.812987012987013 0.51875
14 0.5012987012987012 0.696875 0.6597402597402597 0.0453125
14 0.2753246753246753 0.6125 0.18181818181818182 0.021875
8 0.6467532467532467 0.61875 0.12207792207792208 0.0734375
8 0.4779220779220779 0.61875 0.11948051948051948 0.0734375
15 0.4987012987012987 0.5390625 0.7168831168831169 0.053125
6 0.16883116883116883 0.4046875 0.06233766233766234 0.0296875
6 0.16883116883116883 0.3390625 0.05714285714285714 0.034375
6 0.16883116883116883 0.46875 0.05194805194805195 0.040625
5 0.4987012987012987 0.4765625 0.5688311688311688 0.0328125
14 0.3220779220779221 0.4734375 0.2077922077922078 0.0265625
5 0.4987012987012987 0.4109375 0.5688311688311688 0.0328125
14 0.2701298701298701 0.403125 0.1012987012987013 0.021875
5 0.4987012987012987 0.346875 0.5688311688311688 0.028125
14 0.3116883116883117 0.340625 0.18961038961038962 0.0140625
14 0.4987012987012987 0.2796875 0.4701298701298701 0.021875
14 0.5012987012987012 0.540625 0.2909090909090909 0.015625
14 0.8727272727272727 0.95 0.12987012987012986 0.0203125