17 0.5 0.07578125 1 0.0796875
6 0.9402597402597402 0.0765625 0.04935064935064935 0.0296875
6 0.06753246753246753 0.075 0.046753246753246755 0.0203125
14 0.33766233766233766 0.0796875 0.32987012987012987 0.028125
10 0.4987012987012987 0.5171875 0.7792207792207793 0.746875
14 0.5012987012987012 0.1875 0.37402597402597404 0.028125
14 0.5012987012987012 0.25625 0.21558441558441557 0.0140625
7 0.21298701298701297 0.3265625 0.07012987012987013 0.0484375
7 0.35584415584415585 0.3265625 0.06753246753246753 0.0484375
7 0.5012987012987012 0.3265625 0.04935064935064935 0.0484375
7 0.6441558441558441 0.3265625 0.05974025974025974 0.0484375
7 0.787012987012987 0.3265625 0.08051948051948052 0.0484375
14 0.5012987012987012 0.425 0.07532467532467532 0.0140625
3 0.4779220779220779 0.4703125 0.3168831168831169 0.0296875
14 0.5116883116883116 0.471875 0.2519480519480519 0.0140625
3 0.5064935064935064 0.5265625 0.37402597402597404 0.0296875
14 0.5376623376623376 0.5265625 0.3116883116883117 0.0125
3 0.4805194805194805 0.5828125 0.3220779220779221 0.0296875
14 0.5116883116883116 0.5828125 0.2571428571428571 0.0125
3 0.5038961038961038 0.6375 0.37402597402597404 0.0296875
14 0.5376623376623376 0.6390625 0.3090909090909091 0.0125
14 0.4987012987012987 0.75 0.12467532467532468 0.0359375
14 0.4987012987012987 0.7890625 0.11428571428571428 0.0171875
14 0.7818181818181819 0.85 0.04415584415584416 0.015625
18 0.4987012987012987 0.0171875 0.9974025974025974 0.034375