4 0.37402597402597404 0.5171875 0.7480519480519481 0.9640625
9 0.37402597402597404 0.6421875 0.7480519480519481 0.715625
14 0.2 0.9140625 0.13506493506493505 0.021875
6 0.06233766233766234 0.9109375 0.04415584415584416 0.0265625
14 0.08051948051948052 0.85625 0.07792207792207792 0.0140625
14 0.22337662337662337 0.7765625 0.17922077922077922 0.0171875
6 0.06233766233766234 0.7765625 0.04415584415584416 0.025
14 0.22337662337662337 0.6890625 0.17922077922077922 0.01875
6 0.06233766233766234 0.6890625 0.04415584415584416 0.0234375
14 0.11428571428571428 0.6328125 0.15064935064935064 0.0140625
14 0.15584415584415584 0.5546875 0.05974025974025974 0.01875
6 0.05714285714285714 0.5546875 0.03896103896103896 0.021875
14 0.15844155844155844 0.4703125 0.05974025974025974 0.0203125
6 0.05714285714285714 0.465625 0.03636363636363636 0.0234375
14 0.08311688311688312 0.4109375 0.08831168831168831 0.0125
14 0.22077922077922077 0.33125 0.17662337662337663 0.0171875
6 0.06233766233766234 0.33125 0.03896103896103896 0.0234375
14 0.2545454545454545 0.2375 0.42597402597402595 0.025
14 0.14025974025974025 0.203125 0.2 0.01875
6 0.11688311688311688 0.1171875 0.15844155844155844 0.09375
18 0.4987012987012987 0.0171875 0.9974025974025974 0.034375