9 0.5 0.79375 1 0.2125
14 0.17142857142857143 0.990625 0.22337662337662337 0.0171875
14 0.09610389610389611 0.928125 0.11428571428571428 0.0140625
14 0.12987012987012986 0.865625 0.14545454545454545 0.0234375
14 0.11428571428571428 0.7921875 0.11168831168831168 0.0171875
14 0.09090909090909091 0.659375 0.10649350649350649 0.01875
14 0.17142857142857143 0.7203125 0.22077922077922077 0.0171875
16 0.4987012987012987 0.559375 0.8883116883116883 0.0703125
7 0.8623376623376623 0.4734375 0.04935064935064935 0.0296875
7 0.6207792207792208 0.4734375 0.04935064935064935 0.0296875
7 0.37922077922077924 0.4734375 0.04935064935064935 0.0296875
7 0.13506493506493505 0.4734375 0.04935064935064935 0.0296875
14 0.8649350649350649 0.4390625 0.13506493506493505 0.0125
14 0.6207792207792208 0.4390625 0.19480519480519481 0.0125
14 0.37922077922077924 0.4390625 0.12467532467532468 0.0125
14 0.13506493506493505 0.4390625 0.17662337662337663 0.0125
14 0.4987012987012987 0.38125 0.4987012987012987 0.0328125
14 0.15064935064935064 0.3 0.22857142857142856 0.01875
14 0.4987012987012987 0.240625 0.32727272727272727 0.01875
14 0.4987012987012987 0.2125 0.2701298701298701 0.0171875
7 0.4987012987012987 0.1078125 0.19480519480519481 0.1171875
6 0.08051948051948052 0.0828125 0.046753246753246755 0.028125
18 0.4987012987012987 0.0171875 0.9974025974025974 0.034375
13 0.8935064935064935 0.721875 0.09610389610389611 0.034375
13 0.8883116883116883 0.79375 0.09350649350649351 0.0328125
6 0.34285714285714286 0.559375 0.05974025974025974 0.0296875
14 0.5428571428571428 0.5578125 0.2857142857142857 0.015625