7 0.4987012987012987 0.0765625 0.23116883116883116 0.0296875
6 0.06753246753246753 0.0765625 0.04155844155844156 0.0234375
10 0.4987012987012987 0.5171875 0.922077922077922 0.7234375
14 0.8285714285714286 0.8390625 0.14805194805194805 0.015625
14 0.6285714285714286 0.8390625 0.12987012987012986 0.015625
14 0.5012987012987012 0.75 0.1974025974025974 0.01875
14 0.5012987012987012 0.6796875 0.7610389610389611 0.0515625
14 0.5012987012987012 0.5921875 0.7480519480519481 0.046875
14 0.4987012987012987 0.5296875 0.4025974025974026 0.01875
6 0.4987012987012987 0.490625 0.06233766233766234 0.025
14 0.5012987012987012 0.421875 0.7402597402597403 0.046875
14 0.4987012987012987 0.3609375 0.36103896103896105 0.0171875
6 0.4987012987012987 0.3171875 0.04935064935064935 0.034375
14 0.5012987012987012 0.2234375 0.7506493506493507 0.06875
18 0.4987012987012987 0.0171875 0.9974025974025974 0.034375