4 0.36363636363636365 0.5171875 0.7272727272727273 0.9640625
9 0.36363636363636365 0.446875 0.7272727272727273 0.3078125
7 0.36623376623376624 0.1640625 0.7298701298701299 0.2546875
6 0.6571428571428571 0.0796875 0.046753246753246755 0.0296875
6 0.07012987012987013 0.2453125 0.03636363636363636 0.0328125
6 0.06753246753246753 0.3296875 0.05454545454545454 0.0265625
6 0.06753246753246753 0.4015625 0.04415584415584416 0.0296875
6 0.06753246753246753 0.4765625 0.04935064935064935 0.0296875
6 0.06753246753246753 0.55 0.04935064935064935 0.03125
6 0.07272727272727272 0.9640625 0.046753246753246755 0.028125
14 0.2701298701298701 0.965625 0.18701298701298702 0.0171875
14 0.08571428571428572 0.796875 0.09350649350649351 0.0171875
14 0.1012987012987013 0.7265625 0.12467532467532468 0.0203125
14 0.19480519480519481 0.6515625 0.3116883116883117 0.0171875
14 0.21818181818181817 0.553125 0.08311688311688312 0.0203125
14 0.3038961038961039 0.4796875 0.2571428571428571 0.021875
14 0.2935064935064935 0.40625 0.23376623376623376 0.0203125
14 0.24415584415584415 0.33125 0.13766233766233765 0.0171875
14 0.2805194805194805 0.25 0.3116883116883117 0.034375
13 0.6311688311688312 0.6515625 0.09350649350649351 0.0296875
18 0.4987012987012987 0.0171875 0.9974025974025974 0.034375