10 0.4987012987012987 0.5171875 0.8727272727272727 0.590625
14 0.4103896103896104 0.2859375 0.612987012987013 0.0203125
14 0.4987012987012987 0.34375 0.4 0.0296875
14 0.4987012987012987 0.4046875 0.32987012987012987 0.0328125
3 0.4805194805194805 0.46875 0.7220779220779221 0.04375
14 0.5116883116883116 0.46875 0.6597402597402597 0.04375
14 0.4961038961038961 0.5671875 0.787012987012987 0.04375
5 0.4987012987012987 0.64375 0.7766233766233767 0.034375
14 0.35324675324675325 0.640625 0.4779220779220779 0.028125
15 0.5012987012987012 0.75625 0.8545454545454545 0.05625
18 0.4987012987012987 0.0171875 0.9974025974025974 0.034375
14 0.5012987012987012 0.7546875 0.16363636363636364 0.015625