8 0.9038961038961039 0.8671875 0.13766233766233765 0.0828125
17 0.5 0.07734375 1 0.0828125
6 0.9402597402597402 0.075 0.05194805194805195 0.03125
14 0.24415584415584415 0.0796875 0.19480519480519481 0.0296875
6 0.06753246753246753 0.075 0.046753246753246755 0.0203125
10 0.4987012987012987 0.5171875 0.7012987012987013 0.5171875
9 0.5012987012987012 0.553125 0.6207792207792208 0.4078125
14 0.3090909090909091 0.725 0.2 0.01875
14 0.3116883116883117 0.659375 0.2051948051948052 0.01875
14 0.37142857142857144 0.5921875 0.3194805194805195 0.01875
14 0.36103896103896105 0.5265625 0.2987012987012987 0.0234375
14 0.3194805194805195 0.4578125 0.22077922077922077 0.01875
14 0.34025974025974026 0.39375 0.2623376623376623 0.0234375
14 0.37402597402597404 0.3140625 0.32987012987012987 0.025
18 0.4987012987012987 0.0171875 0.9974025974025974 0.034375