4 0.38701298701298703 0.5171875 0.7740259740259741 0.9625
7 0.21038961038961038 0.1015625 0.23116883116883116 0.04375
9 0.38961038961038963 0.4734375 0.7766233766233767 0.665625
14 0.14025974025974025 0.178125 0.08571428571428572 0.015625
14 0.2077922077922078 0.2515625 0.22337662337662337 0.015625
14 0.24415584415584415 0.325 0.2935064935064935 0.015625
14 0.1974025974025974 0.3984375 0.2 0.0140625
14 0.21558441558441557 0.4734375 0.23116883116883116 0.0140625
14 0.16883116883116883 0.546875 0.14025974025974025 0.0140625
14 0.18701298701298702 0.621875 0.17922077922077922 0.015625
14 0.17142857142857143 0.6953125 0.14805194805194805 0.0140625
14 0.14285714285714285 0.76875 0.08831168831168831 0.015625
18 0.4987012987012987 0.0171875 0.9974025974025974 0.034375