18 0.4987012987012987 0.0171875 0.9974025974025974 0.034375
7 0.5012987012987012 0.240625 0.42337662337662335 0.2125
5 0.4987012987012987 0.4453125 0.8545454545454545 0.0609375
14 0.12987012987012986 0.44375 0.06753246753246753 0.0125
5 0.4987012987012987 0.5203125 0.8545454545454545 0.0609375
14 0.15584415584415584 0.51875 0.11948051948051948 0.0125
3 0.2675324675324675 0.575 0.35584415584415585 0.0265625
14 0.2987012987012987 0.5765625 0.2935064935064935 0.025
15 0.2805194805194805 0.6484375 0.4155844155844156 0.0734375
15 0.7194805194805195 0.6484375 0.4155844155844156 0.0734375
14 0.23636363636363636 0.7171875 0.3220779220779221 0.021875
14 0.2805194805194805 0.653125 0.15324675324675324 0.0265625
14 0.7220779220779221 0.653125 0.17922077922077922 0.0265625