17 0.5 0.07578125 1 0.0796875
7 0.4987012987012987 0.9421875 0.13766233766233765 0.08125
6 0.9402597402597402 0.078125 0.04935064935064935 0.040625
6 0.8181818181818182 0.0765625 0.05194805194805195 0.03125
14 0.2675324675324675 0.0765625 0.23896103896103896 0.01875
6 0.06753246753246753 0.075 0.04935064935064935 0.0203125
10 0.4987012987012987 0.5171875 0.7012987012987013 0.6703125
15 0.6753246753246753 0.8171875 0.34805194805194806 0.06875
15 0.3246753246753247 0.8171875 0.35064935064935066 0.06875
14 0.4753246753246753 0.671875 0.5766233766233766 0.175
14 0.4987012987012987 0.54375 0.4701298701298701 0.021875
7 0.4987012987012987 0.459375 0.14545454545454545 0.0875
7 0.4987012987012987 0.278125 0.6987012987012987 0.1921875
18 0.4987012987012987 0.0171875 0.9974025974025974 0.034375
14 0.32727272727272727 0.8171875 0.21038961038961038 0.0171875
14 0.6753246753246753 0.8171875 0.21298701298701297 0.01875