17 0.5 0.08125 1 0.090625
9 0.5 0.25625 1 0.253125
6 0.07272727272727272 0.3359375 0.04415584415584416 0.0234375
14 0.34025974025974026 0.3390625 0.42337662337662335 0.0265625
6 0.07272727272727272 0.253125 0.04415584415584416 0.0265625
14 0.36623376623376624 0.1703125 0.4753246753246753 0.0203125
14 0.23116883116883116 0.08125 0.18181818181818182 0.021875
6 0.07272727272727272 0.08125 0.023376623376623377 0.021875
14 0.23896103896103896 0.25625 0.22337662337662337 0.025
6 0.07272727272727272 0.1703125 0.04155844155844156 0.0234375
18 0.4987012987012987 0.0171875 0.9974025974025974 0.034375