14 0.24415584415584415 0.625 0.38701298701298703 0.025
5 0.5012987012987012 0.546875 0.9454545454545454 0.05625
14 0.14545454545454545 0.5296875 0.18701298701298702 0.021875
14 0.5012987012987012 0.3515625 0.5974025974025974 0.0265625
14 0.4987012987012987 0.0984375 0.3922077922077922 0.034375
14 0.5012987012987012 0.7875 0.36363636363636365 0.0234375
15 0.4987012987012987 0.7078125 0.961038961038961 0.071875
5 0.5012987012987012 0.4546875 0.9454545454545454 0.0578125
14 0.1038961038961039 0.4359375 0.1012987012987013 0.021875
14 0.5012987012987012 0.2796875 0.03636363636363636 0.015625
16 0.4987012987012987 0.184375 0.961038961038961 0.0421875
18 0.4987012987012987 0.0171875 0.9974025974025974 0.034375
7 0.05714285714285714 0.184375 0.033766233766233764 0.0203125
14 0.5012987012987012 0.1875 0.33246753246753247 0.0203125
14 0.4987012987012987 0.7109375 0.12467532467532468 0.025