0 0.5 0.51640625 1 0.9640625
15 0.2883116883116883 0.6734375 0.24675324675324675 0.05625
5 0.4987012987012987 0.6 0.6493506493506493 0.034375
14 0.37402597402597404 0.59375 0.3922077922077922 0.021875
5 0.4987012987012987 0.5328125 0.6493506493506493 0.034375
14 0.2831168831168831 0.5265625 0.2051948051948052 0.021875
5 0.4987012987012987 0.471875 0.6493506493506493 0.028125
14 0.21558441558441557 0.4671875 0.07792207792207792 0.0140625
5 0.4987012987012987 0.4 0.6493506493506493 0.034375
14 0.23896103896103896 0.3953125 0.12207792207792208 0.021875
7 0.14545454545454545 0.0703125 0.21298701298701297 0.0421875
18 0.4987012987012987 0.0171875 0.9974025974025974 0.034375
14 0.2909090909090909 0.675 0.14805194805194805 0.0171875