8 0.4987012987012987 0.709375 0.11948051948051948 0.071875
14 0.4727272727272727 0.603125 0.6987012987012987 0.0453125
14 0.45454545454545453 0.503125 0.6545454545454545 0.021875
14 0.4727272727272727 0.403125 0.6337662337662338 0.0453125
14 0.4753246753246753 0.290625 0.6441558441558441 0.040625
14 0.4753246753246753 0.178125 0.6 0.040625
14 0.4987012987012987 0.1015625 0.4935064935064935 0.0265625
6 0.9246753246753247 0.1734375 0.033766233766233764 0.034375
6 0.9246753246753247 0.2859375 0.05454545454545454 0.0234375
6 0.9246753246753247 0.3984375 0.05454545454545454 0.0328125
6 0.9064935064935065 0.509375 0.07272727272727272 0.0296875
6 0.9246753246753247 0.596875 0.046753246753246755 0.0328125
12 0.4935064935064935 0.928125 0.14805194805194805 0.0140625
8 0.8545454545454545 0.9296875 0.11688311688311688 0.0703125
18 0.4987012987012987 0.0171875 0.9974025974025974 0.034375