0 0.4987012987012987 0.5171875 0.9974025974025974 0.9640625
15 0.4987012987012987 0.9390625 0.9974025974025974 0.11875
14 0.5012987012987012 0.6875 0.34545454545454546 0.0265625
15 0.4987012987012987 0.6265625 0.7298701298701299 0.08125
5 0.4987012987012987 0.5578125 0.7090909090909091 0.0328125
14 0.24155844155844156 0.5515625 0.18701298701298702 0.0203125
5 0.4987012987012987 0.46875 0.7090909090909091 0.0390625
14 0.2 0.4640625 0.1012987012987013 0.0203125
14 0.6311688311688312 0.5265625 0.42337662337662335 0.0203125
6 0.8285714285714286 0.4625 0.046753246753246755 0.028125
14 0.5012987012987012 0.4140625 0.05454545454545454 0.0203125
16 0.4987012987012987 0.3546875 0.7298701298701299 0.0828125
16 0.4987012987012987 0.265625 0.7298701298701299 0.08125
14 0.4987012987012987 0.1625 0.5688311688311688 0.0328125
7 0.4987012987012987 0.121875 0.14285714285714285 0.0296875
18 0.4987012987012987 0.0171875 0.9974025974025974 0.034375
14 0.5012987012987012 0.94375 0.4623376623376623 0.025
14 0.5012987012987012 0.6296875 0.1012987012987013 0.0234375
14 0.5454545454545454 0.3578125 0.34025974025974026 0.0234375
14 0.5324675324675324 0.26875 0.36363636363636365 0.0234375
6 0.18701298701298702 0.265625 0.03116883116883117 0.034375
6 0.1974025974025974 0.3546875 0.05454545454545454 0.0328125