17 0.5 0.07421875 1 0.0796875
4 0.36363636363636365 0.5578125 0.7272727272727273 0.88125
9 0.36363636363636365 0.4109375 0.7246753246753247 0.446875
14 0.21038961038961038 0.0765625 0.06753246753246753 0.0234375
6 0.06753246753246753 0.075 0.04155844155844156 0.025
14 0.21558441558441557 0.1671875 0.37142857142857144 0.01875
14 0.2519480519480519 0.23125 0.2051948051948052 0.01875
14 0.2077922077922078 0.3203125 0.1038961038961039 0.0203125
14 0.2 0.4109375 0.08831168831168831 0.01875
14 0.23116883116883116 0.5 0.15064935064935064 0.01875
14 0.23636363636363636 0.5890625 0.16623376623376623 0.01875
14 0.6467532467532467 0.678125 0.08051948051948052 0.021875
14 0.09350649350649351 0.678125 0.10909090909090909 0.01875
14 0.1012987012987013 0.771875 0.14805194805194805 0.01875
14 0.1038961038961039 0.8375 0.12727272727272726 0.0203125
14 0.21818181818181817 0.9265625 0.36103896103896105 0.0203125
7 0.08311688311688312 0.23125 0.08051948051948052 0.0484375
7 0.08571428571428572 0.3203125 0.08571428571428572 0.05
7 0.08311688311688312 0.409375 0.08311688311688312 0.05
7 0.08311688311688312 0.4984375 0.08311688311688312 0.05
7 0.08311688311688312 0.5890625 0.08051948051948052 0.0484375
18 0.4987012987012987 0.0171875 0.9974025974025974 0.034375