1 0.4987012987012987 0.95625 0.9974025974025974 0.084375
9 0.5 0.51484375 1 0.7953125
14 0.2727272727272727 0.8171875 0.2857142857142857 0.0265625
14 0.37142857142857144 0.6640625 0.4831168831168831 0.0265625
14 0.3064935064935065 0.5859375 0.35844155844155845 0.0203125
14 0.36103896103896105 0.5125 0.4675324675324675 0.0265625
14 0.33506493506493507 0.434375 0.4155844155844156 0.021875
14 0.36363636363636365 0.359375 0.4701298701298701 0.0265625
14 0.22337662337662337 0.284375 0.19220779220779222 0.0265625
14 0.2701298701298701 0.20625 0.2831168831168831 0.0265625
6 0.43896103896103894 0.9546875 0.04415584415584416 0.0359375
6 0.6207792207792208 0.9546875 0.04415584415584416 0.0328125
6 0.2597402597402597 0.9546875 0.05454545454545454 0.03125
14 0.8597402597402597 0.971875 0.04415584415584416 0.015625
6 0.8571428571428571 0.9390625 0.04415584415584416 0.0359375
6 0.08051948051948052 0.953125 0.04415584415584416 0.0328125
14 0.3948051948051948 0.878125 0.5636363636363636 0.0203125
6 0.06753246753246753 0.815625 0.033766233766233764 0.0328125
6 0.4987012987012987 0.7390625 0.04155844155844156 0.025
14 0.2909090909090909 0.7421875 0.32987012987012987 0.025
6 0.06753246753246753 0.7390625 0.046753246753246755 0.0296875
6 0.06753246753246753 0.6609375 0.05194805194805195 0.0328125
6 0.06753246753246753 0.5859375 0.05974025974025974 0.034375
6 0.07012987012987013 0.509375 0.046753246753246755 0.0328125
6 0.06753246753246753 0.4328125 0.05454545454545454 0.0296875
6 0.06753246753246753 0.35625 0.04415584415584416 0.034375
6 0.06753246753246753 0.28125 0.04935064935064935 0.0359375
6 0.06753246753246753 0.2046875 0.04155844155844156 0.0296875
14 0.33766233766233766 0.13125 0.41818181818181815 0.0265625
6 0.06753246753246753 0.13125 0.04415584415584416 0.028125
17 0.4987012987012987 0.0765625 0.9974025974025974 0.08125
6 0.9454545454545454 0.0765625 0.01038961038961039 0.025
14 0.07792207792207792 0.0765625 0.07272727272727272 0.021875
6 0.8441558441558441 0.078125 0.04935064935064935 0.03125
6 0.7298701298701299 0.075 0.046753246753246755 0.0328125
18 0.4987012987012987 0.0171875 0.9974025974025974 0.034375