16 0.1012987012987013 0.2234375 0.13506493506493505 0.1125
16 0.3012987012987013 0.2203125 0.16103896103896104 0.1203125
16 0.5012987012987012 0.221875 0.16103896103896104 0.1234375
16 0.6987012987012987 0.2234375 0.13506493506493505 0.1140625
16 0.8987012987012987 0.2234375 0.13246753246753246 0.1125
16 0.1012987012987013 0.446875 0.13246753246753246 0.115625
16 0.3012987012987013 0.45625 0.13506493506493505 0.134375
16 0.5012987012987012 0.446875 0.13506493506493505 0.1140625
16 0.6987012987012987 0.4390625 0.16103896103896104 0.125
16 0.9012987012987013 0.446875 0.13506493506493505 0.115625
16 0.1012987012987013 0.659375 0.15844155844155844 0.1296875
16 0.0987012987012987 0.8875 0.13246753246753246 0.1171875
16 0.3012987012987013 0.8859375 0.16363636363636364 0.125
16 0.5012987012987012 0.884375 0.13246753246753246 0.121875
16 0.2987012987012987 0.6625 0.16363636363636364 0.1296875
16 0.4987012987012987 0.6640625 0.13506493506493505 0.1265625
16 0.6987012987012987 0.6625 0.13506493506493505 0.125
7 0.7012987012987013 0.4296875 0.16103896103896104 0.1046875
7 0.5012987012987012 0.2078125 0.16103896103896104 0.096875
14 0.3012987012987013 0.940625 0.16363636363636364 0.01875
14 0.1012987012987013 0.9390625 0.09610389610389611 0.0140625
14 0.4987012987012987 0.9375 0.09610389610389611 0.0140625
7 0.5012987012987012 0.871875 0.13506493506493505 0.096875
7 0.3012987012987013 0.86875 0.13506493506493505 0.090625
7 0.1012987012987013 0.8734375 0.13506493506493505 0.0890625
14 0.18181818181818182 0.7921875 0.2831168831168831 0.025
14 0.7012987012987013 0.7171875 0.07012987012987013 0.015625
14 0.4987012987012987 0.71875 0.08831168831168831 0.01875
14 0.2987012987012987 0.71875 0.16363636363636364 0.0171875
14 0.1012987012987013 0.7171875 0.08571428571428572 0.015625
7 0.7012987012987013 0.646875 0.13506493506493505 0.0953125
7 0.4987012987012987 0.65 0.13506493506493505 0.0984375
7 0.3012987012987013 0.646875 0.13246753246753246 0.0984375
7 0.1012987012987013 0.65 0.15844155844155844 0.1109375
14 0.18961038961038962 0.5703125 0.2987012987012987 0.025
14 0.8987012987012987 0.496875 0.10649350649350649 0.01875
14 0.7012987012987013 0.49375 0.13246753246753246 0.0140625
14 0.3012987012987013 0.5046875 0.0987012987012987 0.0359375
14 0.1012987012987013 0.496875 0.1012987012987013 0.0171875
7 0.9012987012987013 0.4296875 0.13506493506493505 0.08125
14 0.4987012987012987 0.4953125 0.06753246753246753 0.0140625
7 0.5012987012987012 0.4296875 0.13506493506493505 0.08125
7 0.3012987012987013 0.4296875 0.13506493506493505 0.08125
7 0.1012987012987013 0.4296875 0.13506493506493505 0.08125
14 0.2909090909090909 0.35 0.5012987012987012 0.0234375
14 0.9012987012987013 0.271875 0.06753246753246753 0.0140625
14 0.6987012987012987 0.2734375 0.08831168831168831 0.015625
14 0.5012987012987012 0.275 0.08311688311688312 0.01875
14 0.3012987012987013 0.271875 0.09350649350649351 0.0140625
14 0.1012987012987013 0.271875 0.11688311688311688 0.015625
7 0.8987012987012987 0.2078125 0.13506493506493505 0.08125
7 0.6987012987012987 0.2078125 0.13506493506493505 0.0828125
7 0.1012987012987013 0.2078125 0.13506493506493505 0.08125
7 0.3012987012987013 0.2078125 0.16103896103896104 0.096875
14 0.2935064935064935 0.128125 0.5064935064935064 0.021875
17 0.4987012987012987 0.0765625 0.9974025974025974 0.0796875
14 0.2545454545454545 0.0796875 0.23376623376623376 0.0296875
14 0.9194805194805195 0.0765625 0.08571428571428572 0.0171875
6 0.06753246753246753 0.0765625 0.03636363636363636 0.021875
18 0.4987012987012987 0.0171875 0.9974025974025974 0.034375