9 0.5 0.559375 1 0.88125
14 0.12207792207792208 0.7953125 0.16623376623376623 0.0171875
14 0.8727272727272727 0.9453125 0.17922077922077922 0.021875
14 0.2753246753246753 0.9453125 0.4701298701298701 0.021875
14 0.2545454545454545 0.2546875 0.42597402597402595 0.025
14 0.09350649350649351 0.2140625 0.1012987012987013 0.0203125
14 0.10909090909090909 0.890625 0.13506493506493505 0.025
14 0.07792207792207792 0.85 0.07532467532467532 0.021875
14 0.15324675324675324 0.7078125 0.22077922077922077 0.021875
14 0.14025974025974025 0.625 0.2025974025974026 0.0203125
14 0.13506493506493505 0.5859375 0.18701298701298702 0.021875
14 0.21298701298701297 0.5046875 0.34545454545454546 0.0265625
14 0.18961038961038962 0.421875 0.3038961038961039 0.025
14 0.18181818181818182 0.38125 0.2831168831168831 0.021875
13 0.8987012987012987 0.7078125 0.08051948051948052 0.0296875
16 0.4987012987012987 0.309375 0.922077922077922 0.053125
14 0.08311688311688312 0.15 0.08571428571428572 0.01875
17 0.5 0.0765625 1 0.08125
14 0.23636363636363636 0.0796875 0.17922077922077922 0.0296875
6 0.06753246753246753 0.0765625 0.04155844155844156 0.025
18 0.5 0.0171875 1 0.034375
6 0.34805194805194806 0.309375 0.03896103896103896 0.0234375
14 0.5298701298701298 0.3125 0.2831168831168831 0.0203125