9 0.5 0.559375 1 0.88125
14 0.12207792207792208 0.9921875 0.16363636363636364 0.0140625
14 0.2545454545454545 0.4546875 0.42857142857142855 0.0234375
14 0.09350649350649351 0.4140625 0.1012987012987013 0.021875
14 0.15324675324675324 0.90625 0.22077922077922077 0.021875
14 0.14025974025974025 0.825 0.2 0.0203125
14 0.13506493506493505 0.7859375 0.18701298701298702 0.021875
14 0.21298701298701297 0.7046875 0.34285714285714286 0.0265625
14 0.18961038961038962 0.621875 0.3012987012987013 0.025
14 0.18181818181818182 0.58125 0.2831168831168831 0.021875
13 0.8987012987012987 0.90625 0.08051948051948052 0.028125
16 0.4987012987012987 0.509375 0.922077922077922 0.053125
14 0.08311688311688312 0.35 0.08571428571428572 0.01875
14 0.14545454545454545 0.3109375 0.2077922077922078 0.0203125
14 0.08831168831168831 0.246875 0.0987012987012987 0.01875
14 0.14545454545454545 0.209375 0.21038961038961038 0.0203125
14 0.1012987012987013 0.1546875 0.12727272727272726 0.0171875
17 0.4987012987012987 0.0765625 0.9974025974025974 0.08125
14 0.23636363636363636 0.0796875 0.17662337662337663 0.0296875
6 0.06753246753246753 0.0765625 0.04155844155844156 0.025
18 0.4987012987012987 0.0171875 0.9974025974025974 0.034375
6 0.34545454545454546 0.509375 0.03896103896103896 0.0234375
14 0.5298701298701298 0.5109375 0.2831168831168831 0.021875