10 0.4987012987012987 0.371875 0.7298701298701299 0.4125
16 0.2571428571428571 0.3640625 0.14545454545454545 0.0984375
16 0.5012987012987012 0.3671875 0.12467532467532468 0.090625
16 0.7376623376623377 0.3640625 0.12467532467532468 0.0984375
16 0.2597402597402597 0.496875 0.14285714285714285 0.0984375
16 0.4987012987012987 0.4953125 0.18441558441558442 0.0953125
16 0.7376623376623377 0.4921875 0.18181818181818182 0.1
7 0.2597402597402597 0.4796875 0.10909090909090909 0.0609375
7 0.4987012987012987 0.478125 0.0987012987012987 0.0609375
7 0.7454545454545455 0.478125 0.09610389610389611 0.0703125
7 0.7376623376623377 0.3484375 0.11168831168831168 0.06875
7 0.4987012987012987 0.3484375 0.08831168831168831 0.053125
7 0.2597402597402597 0.3484375 0.11428571428571428 0.06875
14 0.7376623376623377 0.534375 0.18181818181818182 0.015625
14 0.4987012987012987 0.5359375 0.18441558441558442 0.0140625
14 0.2597402597402597 0.5375 0.14025974025974025 0.01875
14 0.7376623376623377 0.40625 0.12467532467532468 0.0140625
14 0.5012987012987012 0.4046875 0.12467532467532468 0.0140625
14 0.2597402597402597 0.4046875 0.14545454545454545 0.015625
14 0.4701298701298701 0.225 0.574025974025974 0.0578125
18 0.4987012987012987 0.0171875 0.9974025974025974 0.034375