14 0.4987012987012987 0.9625 0.2935064935064935 0.015625
15 0.33766233766233766 0.5625 0.2935064935064935 0.08125
15 0.6597402597402597 0.5609375 0.2961038961038961 0.0828125
16 0.4987012987012987 0.4625 0.6181818181818182 0.08125
16 0.4987012987012987 0.3625 0.6181818181818182 0.08125
7 0.4987012987012987 0.1375 0.6155844155844156 0.2046875
18 0.4987012987012987 0.0171875 0.9974025974025974 0.034375
14 0.4909090909090909 0.365625 0.2935064935064935 0.0203125
14 0.4103896103896104 0.4625 0.13766233766233765 0.0171875
14 0.33766233766233766 0.5640625 0.09090909090909091 0.01875
14 0.6623376623376623 0.5625 0.13766233766233765 0.015625
6 0.24935064935064935 0.4640625 0.025974025974025976 0.03125
6 0.24935064935064935 0.3625 0.05194805194805195 0.0296875