14 0.2545454545454545 0.9171875 0.4103896103896104 0.03125
10 0.4987012987012987 0.5171875 0.6077922077922078 0.584375
9 0.4987012987012987 0.51875 0.5948051948051948 0.578125
14 0.4025974025974026 0.765625 0.12727272727272726 0.021875
6 0.2753246753246753 0.765625 0.05454545454545454 0.0328125
14 0.5584415584415584 0.6859375 0.43636363636363634 0.028125
6 0.2753246753246753 0.6828125 0.05714285714285714 0.0265625
14 0.5324675324675324 0.6 0.38441558441558443 0.021875
6 0.2753246753246753 0.6 0.05454545454545454 0.034375
14 0.4935064935064935 0.5171875 0.3012987012987013 0.021875
6 0.2753246753246753 0.5171875 0.046753246753246755 0.0265625
14 0.4701298701298701 0.434375 0.2545454545454545 0.021875
6 0.2753246753246753 0.434375 0.05974025974025974 0.0359375
14 0.45714285714285713 0.3515625 0.23636363636363636 0.021875
6 0.2753246753246753 0.3515625 0.06493506493506493 0.0375
14 0.43376623376623374 0.271875 0.18961038961038962 0.0265625
6 0.2753246753246753 0.26875 0.04415584415584416 0.0265625
17 0.5 0.071875 1 0.06875
6 0.9324675324675324 0.071875 0.015584415584415584 0.03125
14 0.16883116883116883 0.0765625 0.13506493506493505 0.03125
7 0.05454545454545454 0.071875 0.05194805194805195 0.0296875
18 0.4987012987012987 0.0171875 0.9974025974025974 0.034375