15 0.4987012987012987 0.9609375 0.9974025974025974 0.0765625
14 0.812987012987013 0.696875 0.2805194805194805 0.021875
14 0.21298701298701297 0.696875 0.3246753246753247 0.0203125
5 0.35844155844155845 0.6125 0.6051948051948052 0.0609375
15 0.8051948051948052 0.6125 0.2909090909090909 0.059375
14 0.2 0.6125 0.18961038961038962 0.0203125
5 0.4987012987012987 0.528125 0.8909090909090909 0.059375
14 0.23636363636363636 0.528125 0.2675324675324675 0.0203125
14 0.5012987012987012 0.4421875 0.6675324675324675 0.05
7 0.5922077922077922 0.2109375 0.2623376623376623 0.159375
14 0.35324675324675325 0.215625 0.16103896103896104 0.071875
18 0.4987012987012987 0.0171875 0.9974025974025974 0.034375
14 0.8051948051948052 0.6140625 0.09610389610389611 0.0140625
14 0.5012987012987012 0.9625 0.11948051948051948 0.01875