6 0.07012987012987013 0.95625 0.03116883116883117 0.015625
14 0.8519480519480519 0.959375 0.19480519480519481 0.0234375
14 0.14805194805194805 0.95625 0.08311688311688312 0.0171875
15 0.4987012987012987 0.5921875 0.34805194805194806 0.059375
5 0.4987012987012987 0.5046875 0.7116883116883117 0.05625
14 0.23896103896103896 0.503125 0.13506493506493505 0.0140625
5 0.4987012987012987 0.434375 0.7116883116883117 0.0546875
14 0.2675324675324675 0.4328125 0.2 0.015625
5 0.4987012987012987 0.3625 0.7116883116883117 0.05625
14 0.2077922077922078 0.3625 0.07532467532467532 0.0140625
14 0.5012987012987012 0.2875 0.2675324675324675 0.021875
7 0.4987012987012987 0.16875 0.15064935064935064 0.090625
18 0.4987012987012987 0.0171875 0.9974025974025974 0.034375
14 0.5012987012987012 0.5953125 0.15064935064935064 0.025