14 0.5532467532467532 0.1515625 0.535064935064935 0.065625
15 0.5688311688311688 0.9015625 0.43636363636363634 0.0546875
6 0.2597402597402597 0.9 0.09350649350649351 0.053125
14 0.5038961038961038 0.83125 0.5662337662337662 0.05
14 0.6987012987012987 0.6671875 0.21038961038961038 0.0171875
14 0.6545454545454545 0.628125 0.2987012987012987 0.0171875
15 0.4987012987012987 0.5578125 0.6077922077922078 0.0828125
5 0.4987012987012987 0.459375 0.6103896103896104 0.071875
14 0.4 0.459375 0.18441558441558442 0.0203125
6 0.2519480519480519 0.459375 0.04155844155844156 0.0296875
5 0.4987012987012987 0.3734375 0.6103896103896104 0.071875
14 0.4623376623376623 0.3734375 0.3168831168831169 0.0203125
6 0.2519480519480519 0.3734375 0.04935064935064935 0.0296875
7 0.22337662337662337 0.1515625 0.08831168831168831 0.0890625
18 0.4987012987012987 0.0171875 0.9974025974025974 0.034375
14 0.5012987012987012 0.5625 0.14805194805194805 0.034375
14 0.5714285714285714 0.903125 0.3142857142857143 0.0171875