0 0.4987012987012987 0.5171875 0.9974025974025974 0.9625
14 0.4753246753246753 0.965625 0.33506493506493507 0.0171875
6 0.6753246753246753 0.9640625 0.02857142857142857 0.009375
15 0.4987012987012987 0.8 0.8831168831168831 0.071875
15 0.4987012987012987 0.6953125 0.8831168831168831 0.0703125
12 0.4987012987012987 0.5578125 0.17142857142857143 0.0140625
14 0.5012987012987012 0.36875 0.8701298701298701 0.078125
14 0.4987012987012987 0.2671875 0.5038961038961038 0.028125
7 0.4987012987012987 0.184375 0.07792207792207792 0.0296875
18 0.4987012987012987 0.0171875 0.9974025974025974 0.034375
14 0.5012987012987012 0.6953125 0.16623376623376623 0.015625
14 0.5012987012987012 0.803125 0.1038961038961039 0.021875