15 0.7428571428571429 0.6609375 0.2623376623376623 0.0703125
14 0.7402597402597403 0.740625 0.2649350649350649 0.0203125
5 0.4987012987012987 0.56875 0.7480519480519481 0.0375
14 0.2935064935064935 0.5640625 0.18441558441558442 0.0203125
6 0.15064935064935064 0.5640625 0.04935064935064935 0.0296875
5 0.4987012987012987 0.4640625 0.7480519480519481 0.0390625
14 0.36103896103896105 0.4609375 0.3168831168831169 0.021875
6 0.15064935064935064 0.459375 0.046753246753246755 0.0296875
8 0.7116883116883117 0.325 0.18701298701298702 0.1125
8 0.4987012987012987 0.325 0.18701298701298702 0.1125
8 0.2883116883116883 0.325 0.18701298701298702 0.1125
7 0.5012987012987012 0.1515625 0.2519480519480519 0.1546875
18 0.4987012987012987 0.0171875 0.9974025974025974 0.034375
14 0.7428571428571429 0.6640625 0.10909090909090909 0.025