16 0.4987012987012987 0.5796875 0.9506493506493506 0.0578125
15 0.4987012987012987 0.9578125 0.9974025974025974 0.08125
14 0.45454545454545453 0.88125 0.4961038961038961 0.01875
7 0.7610389610389611 0.878125 0.06233766233766234 0.0375
14 0.3948051948051948 0.825 0.2961038961038961 0.0171875
15 0.6649350649350649 0.825 0.18181818181818182 0.040625
14 0.5012987012987012 0.5171875 0.046753246753246755 0.0171875
16 0.7428571428571429 0.4546875 0.4649350649350649 0.059375
16 0.2545454545454545 0.4546875 0.4623376623376623 0.059375
14 0.5012987012987012 0.396875 0.13506493506493505 0.01875
14 0.4987012987012987 0.1921875 0.38181818181818183 0.0234375
7 0.4987012987012987 0.134375 0.42337662337662335 0.0609375
14 0.3064935064935065 0.45625 0.21558441558441557 0.015625
14 0.7766233766233767 0.45625 0.18441558441558442 0.015625
14 0.5012987012987012 0.58125 0.2779220779220779 0.015625
14 0.5012987012987012 0.959375 0.07272727272727272 0.0171875
14 0.6649350649350649 0.8265625 0.15324675324675324 0.0203125
6 0.07532467532467532 0.4546875 0.025974025974025976 0.025
6 0.5662337662337662 0.45625 0.04155844155844156 0.0234375
6 0.06753246753246753 0.5796875 0.03636363636363636 0.025