15 0.7506493506493507 0.9625 0.4961038961038961 0.0734375
15 0.2519480519480519 0.9625 0.4961038961038961 0.071875
10 0.5012987012987012 0.515625 0.6987012987012987 0.7125
15 0.6753246753246753 0.8359375 0.34805194805194806 0.071875
15 0.3246753246753247 0.8359375 0.34805194805194806 0.071875
9 0.4987012987012987 0.521875 0.6987012987012987 0.5578125
14 0.4961038961038961 0.0734375 0.21298701298701297 0.0234375
14 0.36103896103896105 0.2046875 0.3194805194805195 0.03125
14 0.2701298701298701 0.275 0.19220779220779222 0.025
14 0.2727272727272727 0.3359375 0.19480519480519481 0.0265625
14 0.2727272727272727 0.3984375 0.19480519480519481 0.0265625
14 0.2727272727272727 0.4609375 0.1974025974025974 0.025
14 0.2727272727272727 0.5234375 0.19480519480519481 0.0265625
14 0.2727272727272727 0.5859375 0.1974025974025974 0.0265625
14 0.2727272727272727 0.646875 0.19480519480519481 0.025
14 0.2727272727272727 0.709375 0.1974025974025974 0.025
14 0.2935064935064935 0.771875 0.23896103896103896 0.0265625
18 0.4987012987012987 0.0171875 0.9974025974025974 0.034375
14 0.32727272727272727 0.8375 0.11688311688311688 0.01875
14 0.6779220779220779 0.8375 0.05454545454545454 0.01875
14 0.24935064935064935 0.9640625 0.11948051948051948 0.0203125
14 0.7532467532467533 0.9640625 0.05454545454545454 0.01875