10 0.5012987012987012 0.5171875 0.8701298701298701 0.9171875
14 0.7896103896103897 0.9328125 0.10909090909090909 0.01875
14 0.5766233766233766 0.93125 0.08311688311688312 0.0171875
14 0.4857142857142857 0.3625 0.7246753246753247 0.059375
6 0.15064935064935064 0.275 0.05974025974025974 0.0375
14 0.412987012987013 0.2734375 0.4051948051948052 0.021875
14 0.38181818181818183 0.2078125 0.5168831168831168 0.0265625
14 0.41818181818181815 0.121875 0.3246753246753247 0.0203125
14 0.36103896103896105 0.0953125 0.2077922077922078 0.0234375
6 0.17142857142857143 0.1046875 0.0987012987012987 0.0578125
18 0.4987012987012987 0.0171875 0.9974025974025974 0.034375