4 0.34025974025974026 0.5171875 0.6805194805194805 0.9640625
9 0.34025974025974026 0.5421875 0.6779220779220779 0.553125
7 0.34025974025974026 0.121875 0.2935064935064935 0.0796875
14 0.2545454545454545 0.771875 0.15584415584415584 0.015625
14 0.24675324675324675 0.6765625 0.14545454545454545 0.015625
14 0.32987012987012987 0.60625 0.3064935064935065 0.015625
14 0.2623376623376623 0.5109375 0.17142857142857143 0.015625
14 0.2545454545454545 0.440625 0.15584415584415584 0.015625
14 0.2623376623376623 0.3703125 0.17142857142857143 0.015625
14 0.2623376623376623 0.3 0.17402597402597403 0.015625
14 0.11428571428571428 0.23125 0.14805194805194805 0.0171875
6 0.6233766233766234 0.2296875 0.04155844155844156 0.025
6 0.05974025974025974 0.3 0.04155844155844156 0.025
6 0.05714285714285714 0.3703125 0.04155844155844156 0.025
6 0.05714285714285714 0.440625 0.03896103896103896 0.0234375
6 0.05714285714285714 0.5109375 0.03896103896103896 0.0234375
6 0.05714285714285714 0.60625 0.03896103896103896 0.021875
6 0.05714285714285714 0.6765625 0.03896103896103896 0.0234375
6 0.05714285714285714 0.771875 0.023376623376623377 0.025
15 0.34025974025974026 0.9640625 0.6805194805194805 0.06875
18 0.4987012987012987 0.0171875 0.9974025974025974 0.034375
14 0.34025974025974026 0.965625 0.3194805194805195 0.0140625