14 0.8285714285714286 0.9359375 0.06753246753246753 0.0125
14 0.5012987012987012 0.9359375 0.22077922077922077 0.0125
14 0.17142857142857143 0.9359375 0.07532467532467532 0.0125
14 0.5012987012987012 0.1703125 0.44935064935064933 0.01875
6 0.9376623376623376 0.0796875 0.04935064935064935 0.0296875
14 0.4987012987012987 0.078125 0.43896103896103894 0.015625
10 0.4987012987012987 0.5171875 0.8727272727272727 0.6203125
6 0.8571428571428571 0.68125 0.03116883116883117 0.0109375
15 0.7194805194805195 0.765625 0.3090909090909091 0.046875
14 0.43116883116883115 0.7671875 0.10649350649350649 0.015625
14 0.42077922077922075 0.6984375 0.3220779220779221 0.01875
14 0.36363636363636365 0.671875 0.2077922077922078 0.021875
6 0.17142857142857143 0.68125 0.0987012987012987 0.059375
14 0.4597402597402597 0.59375 0.6727272727272727 0.046875
7 0.4961038961038961 0.4734375 0.7012987012987013 0.1671875
14 0.4805194805194805 0.340625 0.7194805194805195 0.06875
14 0.3974025974025974 0.2625 0.5506493506493506 0.0265625
18 0.4987012987012987 0.0171875 0.9974025974025974 0.034375
14 0.7220779220779221 0.7671875 0.24935064935064935 0.015625