4 0.38701298701298703 0.5171875 0.7740259740259741 0.9640625
9 0.38961038961038963 0.434375 0.7766233766233767 0.2328125
14 0.2805194805194805 0.0796875 0.2545454545454545 0.0359375
9 0.38701298701298703 0.715625 0.7740259740259741 0.328125
6 0.07532467532467532 0.090625 0.1012987012987013 0.0609375
14 0.13246753246753246 0.1734375 0.21298701298701297 0.01875
14 0.07012987012987013 0.2078125 0.09090909090909091 0.015625
14 0.4077922077922078 0.278125 0.3012987012987013 0.028125
14 0.18181818181818182 0.35625 0.12467532467532468 0.0203125
14 0.2 0.4375 0.15844155844155844 0.028125
14 0.1974025974025974 0.5125 0.15324675324675324 0.0203125
14 0.22077922077922077 0.5875 0.36363636363636365 0.028125
14 0.12467532467532468 0.6515625 0.17402597402597403 0.021875
14 0.15064935064935064 0.715625 0.22597402597402597 0.021875
14 0.23376623376623376 0.784375 0.38441558441558443 0.028125
14 0.16883116883116883 0.85 0.2675324675324675 0.0265625
6 0.06493506493506493 0.5125 0.08051948051948052 0.03125
6 0.06493506493506493 0.434375 0.04935064935064935 0.04375
6 0.06493506493506493 0.35625 0.06753246753246753 0.04375
15 0.13246753246753246 0.2765625 0.21818181818181817 0.053125
18 0.4987012987012987 0.0171875 0.9974025974025974 0.034375
14 0.13246753246753246 0.2796875 0.13766233766233765 0.0265625