6 0.32987012987012987 0.95 0.033766233766233764 0.021875
14 0.5272727272727272 0.953125 0.3194805194805195 0.0203125
15 0.4987012987012987 0.878125 0.825974025974026 0.059375
15 0.4987012987012987 0.7890625 0.8311688311688312 0.075
14 0.4987012987012987 0.5140625 0.42597402597402595 0.05625
7 0.4987012987012987 0.38125 0.24415584415584415 0.146875
17 0.5012987012987012 0.0765625 0.9974025974025974 0.08125
14 0.24155844155844156 0.0796875 0.12987012987012986 0.028125
6 0.06753246753246753 0.0765625 0.03896103896103896 0.0234375
18 0.4987012987012987 0.0171875 0.9974025974025974 0.034375
14 0.5012987012987012 0.790625 0.12727272727272726 0.0140625
14 0.5012987012987012 0.8796875 0.1012987012987013 0.0140625