7 0.36363636363636365 0.484375 0.23636363636363636 0.1421875
7 0.6363636363636364 0.484375 0.23636363636363636 0.1421875
7 0.36363636363636365 0.3203125 0.23636363636363636 0.1421875
7 0.6363636363636364 0.3203125 0.23896103896103896 0.14375
14 0.4987012987012987 0.6265625 0.6805194805194805 0.03125
14 0.5012987012987012 0.7046875 0.825974025974026 0.0453125
14 0.37922077922077924 0.790625 0.19220779220779222 0.01875
14 0.6155844155844156 0.7921875 0.19480519480519481 0.0203125
12 0.5012987012987012 0.8671875 0.07012987012987013 0.0171875
15 0.4987012987012987 0.9484375 0.9974025974025974 0.1
14 0.5012987012987012 0.9515625 0.14025974025974025 0.03125