9 0.5 0.5953125 1 0.809375
2 0.5012987012987012 0.2515625 0.9558441558441558 0.10625
2 0.4987012987012987 0.403125 0.9558441558441558 0.1640625
2 0.5012987012987012 0.5828125 0.9584415584415584 0.1640625
2 0.5012987012987012 0.7625 0.9558441558441558 0.1640625
2 0.5012987012987012 0.9296875 0.9558441558441558 0.140625
14 0.38701298701298703 0.9421875 0.22597402597402597 0.01875
14 0.38701298701298703 0.7609375 0.22337662337662337 0.01875
14 0.38441558441558443 0.5828125 0.22077922077922077 0.01875
14 0.43376623376623374 0.4046875 0.3116883116883117 0.0234375
6 0.9402597402597402 0.0765625 0.04935064935064935 0.03125
6 0.8233766233766234 0.0765625 0.03116883116883117 0.0328125
7 0.14805194805194805 0.940625 0.17662337662337663 0.10625
7 0.14805194805194805 0.7609375 0.17662337662337663 0.10625
7 0.14805194805194805 0.58125 0.17662337662337663 0.1046875
7 0.14805194805194805 0.4015625 0.17662337662337663 0.10625
14 0.4 0.253125 0.4051948051948052 0.025
6 0.9090909090909091 0.2515625 0.04415584415584416 0.028125
7 0.10909090909090909 0.2515625 0.07532467532467532 0.0453125
11 0.4987012987012987 0.165625 0.9974025974025974 0.04375
14 0.8311688311688312 0.153125 0.13766233766233765 0.015625
14 0.16623376623376623 0.153125 0.21298701298701297 0.0171875
14 0.5012987012987012 0.153125 0.23896103896103896 0.0171875
14 0.3116883116883117 0.0796875 0.548051948051948 0.028125
18 0.4987012987012987 0.0171875 0.9974025974025974 0.034375