15 0.5 0.9546875 1 0.090625
15 0.4987012987012987 0.6390625 0.935064935064935 0.0640625
16 0.4987012987012987 0.5109375 0.9298701298701298 0.0640625
16 0.4987012987012987 0.4203125 0.9298701298701298 0.0625
14 0.4987012987012987 0.578125 0.033766233766233764 0.0140625
7 0.4987012987012987 0.30625 0.4077922077922078 0.0765625
18 0.4987012987012987 0.0171875 0.9974025974025974 0.034375
14 0.4987012987012987 0.9578125 0.5532467532467532 0.0234375
14 0.5428571428571428 0.421875 0.43636363636363634 0.015625
14 0.5662337662337662 0.5109375 0.3948051948051948 0.015625
6 0.2571428571428571 0.4203125 0.03116883116883117 0.0375
6 0.2753246753246753 0.5109375 0.08051948051948052 0.0328125
14 0.5012987012987012 0.640625 0.34545454545454546 0.0140625