10 0.4987012987012987 0.5171875 0.8727272727272727 0.7
14 0.3116883116883117 0.2171875 0.36883116883116884 0.028125
14 0.45454545454545453 0.26875 0.6597402597402597 0.025
14 0.33506493506493507 0.3109375 0.42077922077922075 0.025
9 0.35584415584415585 0.553125 0.43376623376623374 0.425
3 0.2597402597402597 0.35625 0.24415584415584415 0.0265625
14 0.3038961038961039 0.3578125 0.15324675324675324 0.0203125
3 0.23896103896103896 0.421875 0.1974025974025974 0.0296875
14 0.2805194805194805 0.425 0.10909090909090909 0.025
3 0.35324675324675325 0.4875 0.43116883116883115 0.03125
14 0.3974025974025974 0.4890625 0.34545454545454546 0.028125
3 0.23636363636363636 0.55 0.19220779220779222 0.0265625
14 0.2805194805194805 0.5515625 0.1038961038961039 0.0203125
3 0.21818181818181817 0.615625 0.15844155844155844 0.0265625
14 0.2623376623376623 0.6171875 0.07012987012987013 0.0203125
3 0.24935064935064935 0.6796875 0.22077922077922077 0.028125
14 0.2935064935064935 0.68125 0.13246753246753246 0.0203125
3 0.2597402597402597 0.746875 0.24415584415584415 0.0296875
14 0.3038961038961039 0.7484375 0.15844155844155844 0.0265625
14 0.6051948051948052 0.8265625 0.12727272727272726 0.015625
14 0.8025974025974026 0.8265625 0.14805194805194805 0.0171875
18 0.4987012987012987 0.0171875 0.9974025974025974 0.034375