14 0.6883116883116883 0.959375 0.1012987012987013 0.015625
14 0.4987012987012987 0.8390625 0.04415584415584416 0.015625
14 0.42337662337662335 0.9609375 0.37922077922077924 0.0203125
16 0.5012987012987012 0.89375 0.8441558441558441 0.0578125
14 0.4805194805194805 0.7859375 0.8 0.0421875
15 0.4987012987012987 0.71875 0.8441558441558441 0.059375
5 0.4987012987012987 0.653125 0.8441558441558441 0.028125
5 0.4987012987012987 0.58125 0.8467532467532467 0.0265625
14 0.22857142857142856 0.0796875 0.16623376623376623 0.028125
6 0.06753246753246753 0.0765625 0.03896103896103896 0.025
18 0.4987012987012987 0.0171875 0.9974025974025974 0.034375
14 0.18181818181818182 0.575 0.18181818181818182 0.0140625
14 0.16883116883116883 0.6484375 0.15584415584415584 0.015625
14 0.5012987012987012 0.7203125 0.10909090909090909 0.0125
14 0.509090909090909 0.89375 0.3220779220779221 0.0125
7 0.12987012987012986 0.89375 0.033766233766233764 0.0203125