2 0.4987012987012987 0.621875 0.9636363636363636 0.475
14 0.12987012987012986 0.66875 0.14025974025974025 0.021875
6 0.9142857142857143 0.7453125 0.046753246753246755 0.028125
6 0.2077922077922078 0.7484375 0.18961038961038962 0.01875
14 0.21298701298701297 0.896875 0.3090909090909091 0.0171875
7 0.4987012987012987 0.934375 0.961038961038961 0.128125
14 0.34285714285714286 0.825 0.5662337662337662 0.0203125
14 0.15064935064935064 0.7875 0.18181818181818182 0.0140625
14 0.3974025974025974 0.7484375 0.14285714285714285 0.0171875
14 0.08311688311688312 0.7484375 0.046753246753246755 0.0171875
7 0.4987012987012987 0.5484375 0.961038961038961 0.325
11 0.4987012987012987 0.3453125 0.9974025974025974 0.059375
14 0.8493506493506493 0.3359375 0.2961038961038961 0.015625
14 0.5012987012987012 0.3359375 0.2831168831168831 0.0171875
14 0.18701298701298702 0.334375 0.22077922077922077 0.015625
7 0.4987012987012987 0.2203125 0.6701298701298701 0.18125
17 0.5 0.07890625 1 0.0859375
6 0.935064935064935 0.0765625 0.01038961038961039 0.025
6 0.825974025974026 0.0765625 0.04415584415584416 0.028125
6 0.7090909090909091 0.0765625 0.04415584415584416 0.0265625
14 0.3090909090909091 0.0796875 0.2675324675324675 0.028125
6 0.06753246753246753 0.0765625 0.03896103896103896 0.0234375
18 0.4987012987012987 0.0171875 0.9974025974025974 0.034375