16 0.4987012987012987 0.53125 0.9688311688311688 0.08125
16 0.4987012987012987 0.4375 0.9688311688311688 0.08125
16 0.5012987012987012 0.3453125 0.9662337662337662 0.08125
16 0.5012987012987012 0.253125 0.9662337662337662 0.08125
14 0.8207792207792208 0.95 0.1012987012987013 0.021875
14 0.17402597402597403 0.95 0.14025974025974025 0.025
12 0.4987012987012987 0.8515625 0.14025974025974025 0.0125
14 0.5012987012987012 0.1125 0.7246753246753247 0.0765625
18 0.4987012987012987 0.0171875 0.9974025974025974 0.034375
14 0.4103896103896104 0.2546875 0.4883116883116883 0.021875
14 0.38961038961038963 0.346875 0.42857142857142855 0.0234375
14 0.4103896103896104 0.4421875 0.4675324675324675 0.028125
14 0.35584415584415585 0.534375 0.37402597402597404 0.028125
6 0.09610389610389611 0.53125 0.046753246753246755 0.046875
6 0.10909090909090909 0.3484375 0.07272727272727272 0.0421875
6 0.1012987012987013 0.253125 0.02857142857142857 0.0484375
7 0.10649350649350649 0.4375 0.06753246753246753 0.0453125