0 0.4987012987012987 0.515625 0.9974025974025974 0.9671875
14 0.4987012987012987 0.8875 0.41818181818181815 0.01875
15 0.4987012987012987 0.8015625 0.7558441558441559 0.0703125
15 0.4987012987012987 0.7203125 0.7532467532467533 0.06875
14 0.5012987012987012 0.4578125 0.5818181818181818 0.1375
14 0.4987012987012987 0.325 0.35584415584415585 0.04375
7 0.4987012987012987 0.2203125 0.19220779220779222 0.115625
6 0.06233766233766234 0.065625 0.03636363636363636 0.021875
18 0.4987012987012987 0.015625 0.9974025974025974 0.0296875
14 0.5012987012987012 0.721875 0.42597402597402595 0.015625
14 0.5012987012987012 0.803125 0.38701298701298703 0.015625