14 0.12987012987012986 0.20625 0.18181818181818182 0.01875
14 0.12467532467532468 0.2578125 0.17402597402597403 0.01875
14 0.1012987012987013 0.2859375 0.11948051948051948 0.0171875
14 0.13246753246753246 0.3640625 0.18701298701298702 0.021875
3 0.4909090909090909 0.4140625 0.9038961038961039 0.0265625
14 0.23896103896103896 0.415625 0.3974025974025974 0.021875
3 0.4935064935064935 0.490625 0.9038961038961039 0.0265625
14 0.17662337662337663 0.490625 0.2701298701298701 0.021875
14 0.14805194805194805 0.5671875 0.21818181818181817 0.021875
14 0.15324675324675324 0.6421875 0.22597402597402597 0.01875
14 0.14545454545454545 0.69375 0.2077922077922078 0.01875
11 0.5 0.134375 1 0.0625
14 0.8337662337662337 0.1359375 0.19220779220779222 0.01875
14 0.5012987012987012 0.1359375 0.08311688311688312 0.01875
14 0.16883116883116883 0.1359375 0.16103896103896104 0.01875
17 0.5 0.06875 1 0.065625
7 0.21818181818181817 0.0625 0.14805194805194805 0.0359375
6 0.06753246753246753 0.0625 0.03896103896103896 0.025
18 0.4987012987012987 0.0171875 0.9974025974025974 0.034375