0 0.5 0.51796875 1 0.9609375
14 0.4987012987012987 0.953125 0.6051948051948052 0.0453125
14 0.38961038961038963 0.8890625 0.22077922077922077 0.0203125
14 0.6493506493506493 0.8890625 0.14025974025974025 0.021875
16 0.4987012987012987 0.7984375 0.5246753246753246 0.0578125
16 0.4987012987012987 0.725 0.5246753246753246 0.059375
16 0.4987012987012987 0.6515625 0.5272727272727272 0.0578125
14 0.4987012987012987 0.4984375 0.07012987012987013 0.0140625
6 0.4987012987012987 0.428125 0.12207792207792208 0.0734375
14 0.5012987012987012 0.35 0.36883116883116884 0.021875
7 0.4987012987012987 0.1640625 0.41818181818181815 0.1125
18 0.4987012987012987 0.0171875 0.9974025974025974 0.034375
14 0.4909090909090909 0.8015625 0.24935064935064935 0.0203125
14 0.522077922077922 0.728125 0.3142857142857143 0.021875
14 0.5012987012987012 0.6546875 0.2727272727272727 0.0203125
6 0.3012987012987013 0.6515625 0.04935064935064935 0.01875
7 0.3012987012987013 0.725 0.04935064935064935 0.0296875
6 0.3012987012987013 0.7984375 0.04935064935064935 0.028125