10 0.4987012987012987 0.5171875 0.8727272727272727 0.6875
9 0.4987012987012987 0.565625 0.8675324675324675 0.5890625
7 0.14545454545454545 0.31875 0.09350649350649351 0.05625
14 0.5194805194805194 0.8171875 0.574025974025974 0.0234375
7 0.14545454545454545 0.815625 0.08831168831168831 0.0640625
14 0.3922077922077922 0.7203125 0.3038961038961039 0.0234375
7 0.14805194805194805 0.71875 0.1038961038961039 0.0640625
14 0.3012987012987013 0.6203125 0.11428571428571428 0.0234375
7 0.14545454545454545 0.6171875 0.10909090909090909 0.0609375
14 0.36103896103896105 0.5234375 0.23376623376623376 0.028125
7 0.14805194805194805 0.51875 0.11168831168831168 0.0625
14 0.34545454545454546 0.41875 0.2051948051948052 0.0234375
7 0.14545454545454545 0.41875 0.11688311688311688 0.071875
14 0.34805194805194806 0.31875 0.2077922077922078 0.0234375
14 0.2 0.2203125 0.18701298701298702 0.028125
18 0.4987012987012987 0.0171875 0.9974025974025974 0.034375