16 0.18961038961038962 0.2671875 0.2025974025974026 0.1453125
16 0.5012987012987012 0.26875 0.17402597402597403 0.1453125
16 0.8077922077922078 0.2671875 0.17662337662337663 0.14375
16 0.19220779220779222 0.4609375 0.21818181818181817 0.1421875
16 0.5012987012987012 0.459375 0.17662337662337663 0.1453125
16 0.8077922077922078 0.459375 0.17662337662337663 0.14375
16 0.19220779220779222 0.6546875 0.18181818181818182 0.146875
16 0.4987012987012987 0.653125 0.17662337662337663 0.14375
16 0.8103896103896104 0.65625 0.17142857142857143 0.1484375
16 0.18961038961038962 0.846875 0.17142857142857143 0.1421875
16 0.5012987012987012 0.8484375 0.2597402597402597 0.146875
16 0.8077922077922078 0.8484375 0.2 0.1484375
14 0.8909090909090909 0.9625 0.09090909090909091 0.01875
14 0.5012987012987012 0.715625 0.08831168831168831 0.01875
14 0.8077922077922078 0.3296875 0.14545454545454545 0.0171875
14 0.6779220779220779 0.9640625 0.12987012987012986 0.01875
7 0.8077922077922078 0.8265625 0.17402597402597403 0.1046875
7 0.5012987012987012 0.828125 0.17142857142857143 0.103125
7 0.18961038961038962 0.828125 0.17142857142857143 0.103125
7 0.8077922077922078 0.634375 0.17142857142857143 0.103125
7 0.4987012987012987 0.634375 0.17662337662337663 0.10625
7 0.18961038961038962 0.634375 0.17142857142857143 0.103125
7 0.8077922077922078 0.4421875 0.17662337662337663 0.1078125
7 0.4987012987012987 0.440625 0.17402597402597403 0.1046875
7 0.18961038961038962 0.4421875 0.17142857142857143 0.103125
7 0.8077922077922078 0.2484375 0.17402597402597403 0.10625
7 0.5012987012987012 0.25 0.17402597402597403 0.10625
7 0.18961038961038962 0.2484375 0.17662337662337663 0.10625
14 0.5012987012987012 0.9109375 0.2571428571428571 0.021875
14 0.8051948051948052 0.9109375 0.2 0.021875
14 0.19220779220779222 0.9078125 0.12207792207792208 0.0171875
14 0.8077922077922078 0.7171875 0.16623376623376623 0.021875
14 0.19220779220779222 0.71875 0.18181818181818182 0.0203125
14 0.8077922077922078 0.521875 0.17142857142857143 0.01875
14 0.5012987012987012 0.5234375 0.16103896103896104 0.01875
14 0.19220779220779222 0.521875 0.21558441558441557 0.01875
14 0.4987012987012987 0.33125 0.13506493506493505 0.021875
14 0.18961038961038962 0.3296875 0.2 0.0171875
14 0.4 0.121875 0.7272727272727273 0.021875
14 0.2623376623376623 0.0921875 0.44935064935064933 0.021875
18 0.4987012987012987 0.0171875 0.9974025974025974 0.034375