10 0.4987012987012987 0.5171875 0.8727272727272727 0.91875
14 0.7896103896103897 0.9328125 0.11168831168831168 0.015625
14 0.5766233766233766 0.9328125 0.08571428571428572 0.015625
14 0.4857142857142857 0.571875 0.7272727272727273 0.059375
6 0.15064935064935064 0.484375 0.05974025974025974 0.0375
14 0.37922077922077924 0.4859375 0.33506493506493507 0.0203125
6 0.15064935064935064 0.4140625 0.05974025974025974 0.0375
14 0.38701298701298703 0.4140625 0.35324675324675325 0.021875
6 0.15064935064935064 0.3453125 0.05974025974025974 0.0375
14 0.412987012987013 0.34375 0.4103896103896104 0.021875
6 0.15064935064935064 0.275 0.05974025974025974 0.0375
14 0.41818181818181815 0.2734375 0.41818181818181815 0.021875
14 0.33246753246753247 0.2046875 0.41818181818181815 0.021875
14 0.42077922077922075 0.121875 0.3246753246753247 0.01875
14 0.36103896103896105 0.09375 0.21298701298701297 0.025
6 0.17142857142857143 0.1046875 0.0987012987012987 0.0578125
18 0.4987012987012987 0.0171875 0.9974025974025974 0.034375