0 0.4987012987012987 0.5171875 0.9974025974025974 0.9640625
12 0.4987012987012987 0.7859375 0.0987012987012987 0.0140625
14 0.4987012987012987 0.546875 0.2909090909090909 0.021875
14 0.4909090909090909 0.6421875 0.7064935064935065 0.11875
7 0.5116883116883116 0.1453125 0.4649350649350649 0.0484375
16 0.5012987012987012 0.8546875 0.922077922077922 0.065625
16 0.5012987012987012 0.94375 0.922077922077922 0.065625
18 0.4987012987012987 0.0171875 0.9974025974025974 0.034375
14 0.5298701298701298 0.8546875 0.36363636363636365 0.0140625
14 0.5532467532467532 0.94375 0.43636363636363634 0.015625
6 0.3064935064935065 0.8546875 0.04155844155844156 0.0203125
6 0.3064935064935065 0.94375 0.02077922077922078 0.025