7 0.3090909090909091 0.3359375 0.17402597402597403 0.1
14 0.4649350649350649 0.43125 0.4155844155844156 0.0234375
6 0.7168831168831169 0.4296875 0.04415584415584416 0.021875
12 0.4987012987012987 0.6984375 0.22077922077922077 0.0234375
16 0.4987012987012987 0.784375 0.9116883116883117 0.071875
14 0.5012987012987012 0.8515625 0.33506493506493507 0.01875
15 0.2623376623376623 0.9171875 0.43896103896103894 0.06875
15 0.7376623376623377 0.9171875 0.43896103896103894 0.0703125
18 0.4987012987012987 0.0171875 0.9974025974025974 0.034375
14 0.5948051948051948 0.3203125 0.35064935064935066 0.065625
14 0.6597402597402597 0.3703125 0.21818181818181817 0.021875
14 0.37922077922077924 0.7875 0.4051948051948052 0.025
14 0.2623376623376623 0.9203125 0.13506493506493505 0.025
14 0.7376623376623377 0.91875 0.12727272727272726 0.01875
6 0.0987012987012987 0.7859375 0.03636363636363636 0.04375