7 0.4987012987012987 0.3796875 0.9974025974025974 0.6875
12 0.4987012987012987 0.6984375 0.21818181818181817 0.021875
14 0.4987012987012987 0.625 0.825974025974026 0.05
16 0.4987012987012987 0.784375 0.9116883116883117 0.071875
14 0.5012987012987012 0.8515625 0.33506493506493507 0.015625
15 0.2623376623376623 0.9171875 0.43636363636363634 0.06875
15 0.7376623376623377 0.9171875 0.43896103896103894 0.06875
8 0.4987012987012987 0.3796875 0.18441558441558442 0.109375
18 0.4987012987012987 0.0171875 0.9974025974025974 0.034375
14 0.38181818181818183 0.7875 0.4051948051948052 0.0265625
14 0.2623376623376623 0.9203125 0.13246753246753246 0.025
14 0.7376623376623377 0.91875 0.12727272727272726 0.01875
6 0.0987012987012987 0.7875 0.033766233766233764 0.0421875