10 0.4987012987012987 0.5171875 0.8727272727272727 0.6640625
9 0.4987012987012987 0.565625 0.8675324675324675 0.5640625
14 0.23376623376623376 0.8140625 0.2571428571428571 0.0203125
14 0.23116883116883116 0.7453125 0.2519480519480519 0.0265625
14 0.24155844155844156 0.671875 0.2727272727272727 0.021875
14 0.23376623376623376 0.6046875 0.2545454545454545 0.025
14 0.2051948051948052 0.5328125 0.2 0.0265625
14 0.2649350649350649 0.4625 0.3194805194805195 0.025
14 0.23636363636363636 0.390625 0.2623376623376623 0.0265625
14 0.21558441558441557 0.3171875 0.22077922077922077 0.0203125
14 0.2571428571428571 0.2359375 0.3038961038961039 0.03125
18 0.4987012987012987 0.0171875 0.9974025974025974 0.034375