4 0.36883116883116884 0.5171875 0.7376623376623377 0.9625
9 0.36883116883116884 0.484375 0.7376623376623377 0.575
14 0.2649350649350649 0.2359375 0.19480519480519481 0.01875
14 0.2779220779220779 0.3125 0.22077922077922077 0.01875
14 0.17922077922077922 0.415625 0.2805194805194805 0.021875
14 0.2805194805194805 0.5140625 0.22857142857142856 0.021875
14 0.23116883116883116 0.584375 0.13246753246753246 0.021875
14 0.3064935064935065 0.653125 0.2805194805194805 0.021875
14 0.22337662337662337 0.725 0.11168831168831168 0.021875
6 0.06753246753246753 0.721875 0.046753246753246755 0.028125
6 0.06493506493506493 0.6515625 0.05194805194805195 0.0296875
6 0.06753246753246753 0.58125 0.04935064935064935 0.0296875
6 0.06753246753246753 0.5109375 0.04935064935064935 0.0296875
6 0.06753246753246753 0.3109375 0.04415584415584416 0.0265625
6 0.06753246753246753 0.234375 0.03636363636363636 0.0296875
7 0.12467532467532468 0.109375 0.16883116883116883 0.103125
18 0.4987012987012987 0.0171875 0.9974025974025974 0.034375
13 0.6519480519480519 0.4125 0.08051948051948052 0.0296875