10 0.4987012987012987 0.5171875 0.8701298701298701 0.534375
16 0.3012987012987013 0.3984375 0.3220779220779221 0.109375
16 0.6987012987012987 0.403125 0.21298701298701297 0.1125
16 0.3038961038961039 0.5453125 0.12987012987012986 0.109375
16 0.7012987012987013 0.5453125 0.22857142857142856 0.10625
16 0.3012987012987013 0.684375 0.18961038961038962 0.1015625
16 0.7012987012987013 0.690625 0.1974025974025974 0.103125
7 0.3064935064935065 0.6640625 0.08571428571428572 0.0609375
7 0.6987012987012987 0.6671875 0.09350649350649351 0.0546875
7 0.6987012987012987 0.5234375 0.1012987012987013 0.0625
7 0.2987012987012987 0.521875 0.10909090909090909 0.0609375
7 0.6987012987012987 0.378125 0.11168831168831168 0.0625
7 0.2987012987012987 0.3796875 0.11688311688311688 0.0703125
14 0.7012987012987013 0.7328125 0.19480519480519481 0.0203125
14 0.3012987012987013 0.725 0.18961038961038962 0.0203125
14 0.7012987012987013 0.5875 0.22857142857142856 0.0203125
14 0.3038961038961039 0.5875 0.12727272727272726 0.0265625
14 0.6987012987012987 0.446875 0.21038961038961038 0.025
14 0.3012987012987013 0.44375 0.3220779220779221 0.01875
14 0.23896103896103896 0.2953125 0.23116883116883116 0.021875
18 0.4987012987012987 0.0171875 0.9974025974025974 0.034375