10 0.5012987012987012 0.5171875 0.6805194805194805 0.78125
15 0.4987012987012987 0.8375 0.5818181818181818 0.0515625
5 0.5012987012987012 0.7484375 0.5818181818181818 0.0515625
14 0.4987012987012987 0.6875 0.35324675324675325 0.021875
14 0.5038961038961038 0.55625 0.11168831168831168 0.046875
6 0.34805194805194806 0.553125 0.02857142857142857 0.028125
6 0.6519480519480519 0.553125 0.025974025974025976 0.028125
14 0.4987012987012987 0.4515625 0.09610389610389611 0.0171875
15 0.4987012987012987 0.3515625 0.5818181818181818 0.05
14 0.4987012987012987 0.296875 0.05454545454545454 0.0171875
15 0.4987012987012987 0.240625 0.5818181818181818 0.0515625
14 0.5012987012987012 0.1875 0.3922077922077922 0.0203125
18 0.4987012987012987 0.0171875 0.9974025974025974 0.034375
14 0.5012987012987012 0.8390625 0.046753246753246755 0.015625
14 0.5012987012987012 0.3515625 0.08831168831168831 0.0171875
14 0.5012987012987012 0.2421875 0.08831168831168831 0.0171875
14 0.5012987012987012 0.7484375 0.21298701298701297 0.0125
6 0.7506493506493507 0.7484375 0.04155844155844156 0.0265625