5 0.5506493506493506 0.253125 0.8363636363636363 0.040625
5 0.5506493506493506 0.35625 0.8337662337662337 0.0421875
6 0.935064935064935 0.3453125 0.046753246753246755 0.015625
6 0.06753246753246753 0.340625 0.033766233766233764 0.0296875
6 0.06753246753246753 0.234375 0.04935064935064935 0.021875
14 0.21558441558441557 0.3453125 0.15584415584415584 0.0171875
14 0.18181818181818182 0.240625 0.08831168831168831 0.015625
15 0.5 0.959375 1 0.08125
15 0.5012987012987012 0.4765625 0.825974025974026 0.0703125
11 0.5 0.153125 1 0.071875
14 0.7506493506493507 0.153125 0.12207792207792208 0.0140625
14 0.24935064935064935 0.153125 0.09350649350649351 0.0140625
17 0.5 0.0765625 1 0.08125
6 0.9194805194805195 0.0765625 0.046753246753246755 0.028125
7 0.4987012987012987 0.0765625 0.2779220779220779 0.0484375
6 0.06233766233766234 0.0765625 0.046753246753246755 0.0265625
18 0.5 0.0171875 1 0.034375
14 0.5012987012987012 0.4796875 0.33766233766233766 0.015625
14 0.5012987012987012 0.9609375 0.09090909090909091 0.01875