14 0.9038961038961039 0.9203125 0.07012987012987013 0.01875
12 0.4935064935064935 0.4765625 0.08311688311688312 0.0140625
15 0.5012987012987012 0.796875 0.4987012987012987 0.08125
5 0.4987012987012987 0.66875 0.8623376623376623 0.08125
14 0.3220779220779221 0.66875 0.23116883116883116 0.01875
14 0.12727272727272726 0.66875 0.05714285714285714 0.01875
14 0.4987012987012987 0.565625 0.6467532467532467 0.0453125
14 0.5012987012987012 0.3953125 0.9298701298701298 0.053125
7 0.5012987012987012 0.1859375 0.4 0.2671875
18 0.4987012987012987 0.0171875 0.9974025974025974 0.034375
14 0.5012987012987012 0.7984375 0.16623376623376623 0.0171875