14 0.4753246753246753 0.909375 0.8987012987012987 0.1234375
14 0.4909090909090909 0.7515625 0.9324675324675324 0.071875
15 0.4987012987012987 0.46875 0.9454545454545454 0.059375
15 0.4987012987012987 0.3953125 0.9454545454545454 0.0578125
15 0.4987012987012987 0.321875 0.9454545454545454 0.0578125
14 0.5012987012987012 0.2171875 0.9298701298701298 0.034375
7 0.4987012987012987 0.1234375 0.4623376623376623 0.103125
18 0.4987012987012987 0.0171875 0.9974025974025974 0.034375
14 0.13766233766233765 0.321875 0.14545454545454545 0.01875
14 0.3974025974025974 0.3234375 0.34545454545454546 0.021875
14 0.14545454545454545 0.3953125 0.16103896103896104 0.0171875
14 0.36623376623376624 0.396875 0.2545454545454545 0.021875
14 0.2519480519480519 0.46875 0.37142857142857144 0.0171875