4 0.2909090909090909 0.5578125 0.5818181818181818 0.8828125
9 0.2909090909090909 0.421875 0.5818181818181818 0.6078125
14 0.1974025974025974 0.15 0.09610389610389611 0.0171875
14 0.21558441558441557 0.2171875 0.13766233766233765 0.01875
14 0.2779220779220779 0.2875 0.2597402597402597 0.021875
14 0.23376623376623376 0.353125 0.17402597402597403 0.01875
14 0.22597402597402597 0.4234375 0.15844155844155844 0.021875
14 0.3168831168831169 0.490625 0.33766233766233766 0.021875
14 0.21298701298701297 0.559375 0.13246753246753246 0.021875
14 0.22857142857142856 0.6234375 0.15844155844155844 0.0171875
14 0.24155844155844156 0.6921875 0.18961038961038962 0.0171875
6 0.06753246753246753 0.15 0.04415584415584416 0.015625
6 0.06753246753246753 0.2171875 0.04415584415584416 0.025
6 0.06753246753246753 0.284375 0.05714285714285714 0.025
6 0.06753246753246753 0.353125 0.04415584415584416 0.0296875
6 0.06753246753246753 0.4203125 0.04935064935064935 0.0234375
6 0.06753246753246753 0.4890625 0.04415584415584416 0.025
6 0.06753246753246753 0.55625 0.04935064935064935 0.0296875
6 0.06753246753246753 0.6234375 0.04935064935064935 0.0296875
6 0.06753246753246753 0.6921875 0.04935064935064935 0.0296875
15 0.2909090909090909 0.965625 0.5818181818181818 0.0671875
17 0.4987012987012987 0.0765625 0.9974025974025974 0.08125
14 0.23636363636363636 0.0796875 0.17922077922077922 0.0296875
6 0.06753246753246753 0.075 0.04155844155844156 0.025
18 0.4987012987012987 0.0171875 0.9974025974025974 0.034375
14 0.34545454545454546 0.965625 0.12987012987012986 0.0203125