14 0.32727272727272727 0.0796875 0.5714285714285714 0.028125
10 0.5012987012987012 0.5171875 0.8727272727272727 0.73125
9 0.4961038961038961 0.5234375 0.7480519480519481 0.553125
14 0.2519480519480519 0.2 0.2545454545454545 0.028125
3 0.24155844155844156 0.2625 0.23116883116883116 0.0296875
14 0.2987012987012987 0.2640625 0.11428571428571428 0.0203125
3 0.2831168831168831 0.334375 0.3116883116883117 0.0296875
14 0.34025974025974026 0.3359375 0.19480519480519481 0.025
3 0.2935064935064935 0.403125 0.33506493506493507 0.028125
14 0.35064935064935066 0.4046875 0.21818181818181817 0.01875
3 0.3220779220779221 0.4734375 0.38961038961038963 0.0296875
14 0.37922077922077924 0.4734375 0.2753246753246753 0.0203125
3 0.3064935064935065 0.54375 0.36103896103896105 0.0296875
14 0.36363636363636365 0.54375 0.24415584415584415 0.0203125
3 0.23376623376623376 0.6140625 0.21298701298701297 0.03125
14 0.2883116883116883 0.6171875 0.0987012987012987 0.025
3 0.43116883116883115 0.684375 0.6077922077922078 0.03125
14 0.4883116883116883 0.6875 0.4909090909090909 0.0265625
3 0.24675324675324675 0.7546875 0.23896103896103896 0.0296875
14 0.3038961038961039 0.7546875 0.12467532467532468 0.01875
14 0.812987012987013 0.8421875 0.12727272727272726 0.0140625
18 0.4987012987012987 0.0171875 0.9974025974025974 0.034375