9 0.5 0.609375 1 0.78125
7 0.10909090909090909 0.9578125 0.21818181818181817 0.084375
7 0.10909090909090909 0.8625 0.21818181818181817 0.1015625
7 0.10909090909090909 0.7609375 0.21818181818181817 0.1
7 0.10909090909090909 0.659375 0.21558441558441557 0.1
7 0.10909090909090909 0.55625 0.21818181818181817 0.1015625
7 0.10909090909090909 0.4546875 0.21818181818181817 0.1015625
7 0.10909090909090909 0.3515625 0.21818181818181817 0.1015625
7 0.10909090909090909 0.259375 0.21818181818181817 0.0796875
14 0.37402597402597404 0.96875 0.18181818181818182 0.0203125
14 0.36623376623376624 0.865625 0.16883116883116883 0.0203125
14 0.33506493506493507 0.7609375 0.10909090909090909 0.0171875
14 0.35844155844155845 0.6609375 0.15324675324675324 0.0203125
14 0.37142857142857144 0.559375 0.17662337662337663 0.0203125
14 0.37402597402597404 0.45625 0.18181818181818182 0.0203125
14 0.33246753246753247 0.25 0.0987012987012987 0.015625
6 0.9324675324675324 0.965625 0.01038961038961039 0.0109375
6 0.9324675324675324 0.8640625 0.01038961038961039 0.0109375
6 0.9324675324675324 0.7609375 0.01038961038961039 0.0109375
6 0.9324675324675324 0.6578125 0.01038961038961039 0.0109375
6 0.9324675324675324 0.55625 0.01038961038961039 0.0109375
6 0.9324675324675324 0.4546875 0.01038961038961039 0.0109375
6 0.9324675324675324 0.3515625 0.01038961038961039 0.0109375
6 0.9324675324675324 0.25 0.01038961038961039 0.0109375
14 0.34545454545454546 0.3515625 0.12467532467532468 0.015625
6 0.06233766233766234 0.1796875 0.025974025974025976 0.015625
6 0.9324675324675324 0.16875 0.012987012987012988 0.0109375
14 0.21558441558441557 0.1828125 0.22597402597402597 0.021875
14 0.15584415584415584 0.153125 0.21038961038961038 0.0140625
17 0.4987012987012987 0.075 0.9974025974025974 0.08125
14 0.2 0.0765625 0.3220779220779221 0.025
18 0.4987012987012987 0.0171875 0.9974025974025974 0.034375