9 0.5 0.55703125 1 0.8828125
2 0.5012987012987012 0.53125 0.9506493506493506 0.415625
2 0.5012987012987012 0.8765625 0.9506493506493506 0.246875
2 0.5012987012987012 0.2125 0.9506493506493506 0.190625
14 0.3116883116883117 0.9765625 0.21818181818181817 0.0171875
14 0.11168831168831168 0.978125 0.13246753246753246 0.01875
6 0.9168831168831169 0.9453125 0.06493506493506493 0.0359375
7 0.4987012987012987 0.8234375 0.9532467532467532 0.140625
14 0.44155844155844154 0.9328125 0.7948051948051948 0.04375
14 0.3012987012987013 0.7140625 0.21818181818181817 0.01875
14 0.10649350649350649 0.715625 0.12207792207792208 0.01875
6 0.9168831168831169 0.684375 0.05974025974025974 0.034375
14 0.43896103896103894 0.6703125 0.7844155844155845 0.04375
7 0.5012987012987012 0.4765625 0.9506493506493506 0.30625
14 0.2675324675324675 0.2875 0.15064935064935064 0.01875
14 0.10649350649350649 0.2875 0.12207792207792208 0.01875
6 0.9168831168831169 0.25625 0.06233766233766234 0.0359375
14 0.33246753246753247 0.23125 0.5714285714285714 0.0203125
7 0.4987012987012987 0.159375 0.9506493506493506 0.0859375
17 0.5012987012987012 0.0765625 0.9974025974025974 0.0796875
14 0.2649350649350649 0.0765625 0.2025974025974026 0.0171875
6 0.4753246753246753 0.0765625 0.023376623376623377 0.0078125
6 0.9402597402597402 0.0765625 0.04415584415584416 0.0265625
6 0.06753246753246753 0.0765625 0.05194805194805195 0.0203125
18 0.4987012987012987 0.0171875 0.9974025974025974 0.034375