7 0.4987012987012987 0.934375 0.38701298701298703 0.1296875
14 0.5272727272727272 0.6734375 0.44415584415584414 0.0265625
14 0.5974025974025974 0.6296875 0.5818181818181818 0.0265625
7 0.17402597402597403 0.6640625 0.17142857142857143 0.1046875
14 0.4779220779220779 0.30625 0.34545454545454546 0.0203125
14 0.4727272727272727 0.2640625 0.32987012987012987 0.0265625
7 0.17402597402597403 0.2984375 0.17142857142857143 0.103125
17 0.5 0.07578125 1 0.0765625
14 0.3064935064935065 0.078125 0.3194805194805195 0.0296875
6 0.9454545454545454 0.0765625 0.012987012987012988 0.025
6 0.06753246753246753 0.0765625 0.03896103896103896 0.0234375
18 0.4987012987012987 0.0171875 0.9974025974025974 0.034375