14 0.23116883116883116 0.3640625 0.4103896103896104 0.025
14 0.4805194805194805 0.2171875 0.9142857142857143 0.04375
14 0.18701298701298702 0.159375 0.3194805194805195 0.0265625
14 0.14805194805194805 0.4953125 0.23896103896103896 0.0171875
14 0.4623376623376623 0.4203125 0.8727272727272727 0.040625
14 0.34285714285714286 0.2921875 0.6311688311688312 0.0234375
17 0.4987012987012987 0.0765625 0.9974025974025974 0.08125
6 0.9402597402597402 0.0765625 0.06493506493506493 0.0359375
14 0.2649350649350649 0.0796875 0.17662337662337663 0.028125
6 0.06753246753246753 0.075 0.046753246753246755 0.0203125
18 0.4987012987012987 0.0171875 0.9974025974025974 0.034375