10 0.4987012987012987 0.5171875 0.9194805194805195 0.7078125
9 0.4987012987012987 0.5609375 0.9194805194805195 0.6234375
14 0.17402597402597403 0.209375 0.15324675324675324 0.0265625
3 0.4935064935064935 0.290625 0.787012987012987 0.028125
14 0.19480519480519481 0.290625 0.18701298701298702 0.01875
3 0.4935064935064935 0.38125 0.787012987012987 0.0296875
14 0.16883116883116883 0.3796875 0.14025974025974025 0.01875
3 0.4935064935064935 0.4703125 0.787012987012987 0.0296875
14 0.2675324675324675 0.4703125 0.33506493506493507 0.0265625
3 0.4935064935064935 0.559375 0.787012987012987 0.0296875
14 0.2675324675324675 0.5609375 0.33506493506493507 0.0265625
3 0.4935064935064935 0.6484375 0.787012987012987 0.0296875
14 0.19480519480519481 0.6484375 0.18701298701298702 0.01875
3 0.4935064935064935 0.7375 0.787012987012987 0.028125
14 0.2 0.7375 0.2025974025974026 0.01875
3 0.4935064935064935 0.828125 0.787012987012987 0.0296875
14 0.24675324675324675 0.8296875 0.2961038961038961 0.025
14 0.16103896103896104 0.9640625 0.21818181818181817 0.015625
14 0.4987012987012987 0.9640625 0.13766233766233765 0.015625
14 0.8363636363636363 0.9640625 0.22077922077922077 0.015625
18 0.4987012987012987 0.0171875 0.9974025974025974 0.034375