10 0.5012987012987012 0.5171875 0.7168831168831169 0.915625
9 0.5012987012987012 0.515625 0.7116883116883117 0.9125
3 0.5038961038961038 0.115625 0.6467532467532467 0.040625
14 0.24675324675324675 0.1171875 0.13246753246753246 0.025
3 0.5038961038961038 0.209375 0.6441558441558441 0.040625
14 0.23116883116883116 0.2125 0.09610389610389611 0.0234375
3 0.5038961038961038 0.3046875 0.6493506493506493 0.040625
14 0.2051948051948052 0.3078125 0.05194805194805195 0.0234375
3 0.5038961038961038 0.3984375 0.6467532467532467 0.040625
14 0.2077922077922078 0.4015625 0.05454545454545454 0.0234375
3 0.5038961038961038 0.49375 0.6441558441558441 0.040625
14 0.22077922077922077 0.4953125 0.07532467532467532 0.0234375
3 0.5038961038961038 0.5875 0.6441558441558441 0.040625
14 0.23896103896103896 0.590625 0.11428571428571428 0.025
3 0.5038961038961038 0.68125 0.6415584415584416 0.040625
14 0.18701298701298702 0.684375 0.005194805194805195 0.0234375
3 0.5038961038961038 0.7765625 0.6441558441558441 0.0421875
14 0.19220779220779222 0.7796875 0.02077922077922078 0.0234375
3 0.5038961038961038 0.8703125 0.6441558441558441 0.040625
14 0.2 0.8734375 0.033766233766233764 0.021875
14 0.2051948051948052 0.9609375 0.04415584415584416 0.009375
18 0.4987012987012987 0.0171875 0.9974025974025974 0.034375