16 0.4987012987012987 0.43125 0.922077922077922 0.0875
15 0.4987012987012987 0.6359375 0.922077922077922 0.0875
14 0.5012987012987012 0.75 0.9194805194805195 0.04375
14 0.5012987012987012 0.5453125 0.03636363636363636 0.015625
14 0.5012987012987012 0.275 0.38441558441558443 0.053125
14 0.5012987012987012 0.1625 0.4623376623376623 0.0375
18 0.4987012987012987 0.0171875 0.9974025974025974 0.034375
6 0.09350649350649351 0.43125 0.025974025974025976 0.0359375
14 0.5012987012987012 0.4234375 0.4 0.021875
14 0.5012987012987012 0.45 0.561038961038961 0.01875
14 0.5012987012987012 0.6390625 0.3038961038961039 0.021875