14 0.5012987012987012 0.5515625 0.8363636363636363 0.04375
12 0.4961038961038961 0.61875 0.10909090909090909 0.0140625
16 0.4987012987012987 0.690625 0.8675324675324675 0.0734375
16 0.5012987012987012 0.7921875 0.8675324675324675 0.0734375
14 0.4987012987012987 0.865625 0.6467532467532467 0.01875
15 0.24935064935064935 0.959375 0.4987012987012987 0.078125
15 0.7506493506493507 0.959375 0.4987012987012987 0.078125
7 0.4987012987012987 0.321875 0.42857142857142855 0.175
14 0.9246753246753247 0.065625 0.09350649350649351 0.0203125
18 0.4987012987012987 0.0171875 0.9974025974025974 0.034375
14 0.5012987012987012 0.690625 0.37922077922077924 0.0171875
14 0.5012987012987012 0.7953125 0.33246753246753247 0.021875
14 0.2623376623376623 0.959375 0.0987012987012987 0.0140625
14 0.7376623376623377 0.959375 0.12467532467532468 0.0140625
6 0.13246753246753246 0.79375 0.05974025974025974 0.0359375
6 0.14025974025974025 0.690625 0.033766233766233764 0.0390625