5 0.4987012987012987 0.5015625 0.9038961038961039 0.0359375
5 0.5012987012987012 0.4234375 0.9038961038961039 0.025
14 0.11168831168831168 0.4984375 0.11948051948051948 0.0125
14 0.08571428571428572 0.4171875 0.06753246753246753 0.0125
6 0.922077922077922 0.4953125 0.05454545454545454 0.021875
15 0.4987012987012987 0.9625 0.9974025974025974 0.071875
14 0.5012987012987012 0.590625 0.34805194805194806 0.0203125
14 0.4987012987012987 0.321875 0.19220779220779222 0.0171875
16 0.4987012987012987 0.24375 0.9298701298701298 0.0734375
11 0.4987012987012987 0.1546875 0.9974025974025974 0.065625
14 0.7480519480519481 0.153125 0.11948051948051948 0.015625
14 0.24935064935064935 0.153125 0.15324675324675324 0.015625
17 0.4987012987012987 0.078125 0.9974025974025974 0.0859375
14 0.2649350649350649 0.0765625 0.18181818181818182 0.021875
6 0.06753246753246753 0.0765625 0.04155844155844156 0.025
18 0.4987012987012987 0.0171875 0.9974025974025974 0.034375
14 0.5324675324675324 0.2484375 0.4701298701298701 0.028125
14 0.5012987012987012 0.965625 0.11428571428571428 0.021875
7 0.24415584415584415 0.2453125 0.04415584415584416 0.0265625