17 0.5 0.07421875 1 0.0765625
2 0.5012987012987012 0.175 0.8753246753246753 0.0796875
6 0.06233766233766234 0.0734375 0.03636363636363636 0.021875
14 0.3012987012987013 0.0734375 0.2623376623376623 0.0203125
7 0.13506493506493505 0.175 0.14545454545454545 0.0765625
14 0.42077922077922075 0.1640625 0.36103896103896105 0.01875
14 0.3142857142857143 0.1875 0.14805194805194805 0.0140625
14 0.2571428571428571 0.25625 0.3142857142857143 0.01875
14 0.16883116883116883 0.3484375 0.21818181818181817 0.0140625
7 0.08311688311688312 0.409375 0.04935064935064935 0.0296875
3 0.5298701298701298 0.4078125 0.787012987012987 0.0265625
14 0.22337662337662337 0.4078125 0.17142857142857143 0.01875
6 0.08311688311688312 0.4734375 0.04935064935064935 0.0265625
3 0.5298701298701298 0.4734375 0.7922077922077922 0.0296875
14 0.1974025974025974 0.4734375 0.12207792207792208 0.0171875
15 0.5012987012987012 0.9640625 0.9974025974025974 0.071875
18 0.4987012987012987 0.0171875 0.9974025974025974 0.034375
14 0.5012987012987012 0.9625 0.21558441558441557 0.0171875