15 0.4987012987012987 0.453125 0.2831168831168831 0.06875
8 0.8909090909090909 0.9328125 0.13766233766233765 0.084375
14 0.14025974025974025 0.94375 0.17402597402597403 0.01875
14 0.34805194805194806 0.8984375 0.5818181818181818 0.028125
7 0.5012987012987012 0.6984375 0.9688311688311688 0.321875
14 0.4987012987012987 0.365625 0.7350649350649351 0.0453125
14 0.5012987012987012 0.275 0.548051948051948 0.0625
6 0.9428571428571428 0.2296875 0.03636363636363636 0.0203125
11 0.5 0.15078125 1 0.0734375
14 0.7376623376623377 0.1515625 0.2779220779220779 0.015625
14 0.2519480519480519 0.1515625 0.13506493506493505 0.015625
17 0.5 0.075 1 0.078125
6 0.6961038961038961 0.075 0.03636363636363636 0.0265625
6 0.9376623376623376 0.0734375 0.01038961038961039 0.025
14 0.2519480519480519 0.0734375 0.17142857142857143 0.034375
6 0.8181818181818182 0.0734375 0.03636363636363636 0.025
6 0.06233766233766234 0.0734375 0.046753246753246755 0.01875
18 0.4987012987012987 0.0171875 0.9974025974025974 0.034375
14 0.5012987012987012 0.4546875 0.21038961038961038 0.0171875