2 0.4987012987012987 0.8625 0.9714285714285714 0.2734375
2 0.5012987012987012 0.45625 0.9766233766233766 0.5078125
14 0.15844155844155844 0.675 0.07272727272727272 0.0140625
6 0.07792207792207792 0.6765625 0.04935064935064935 0.025
14 0.4727272727272727 0.903125 0.8389610389610389 0.121875
14 0.22857142857142856 0.8078125 0.35064935064935066 0.01875
14 0.2519480519480519 0.7671875 0.3922077922077922 0.0296875
8 0.8909090909090909 0.9328125 0.13506493506493505 0.0828125
6 0.9402597402597402 0.6765625 0.01038961038961039 0.025
14 0.14285714285714285 0.609375 0.17142857142857143 0.01875
14 0.34805194805194806 0.5671875 0.5818181818181818 0.025
7 0.4987012987012987 0.3671875 0.9688311688311688 0.321875
7 0.8935064935064935 0.1484375 0.007792207792207792 0.003125
11 0.5 0.14921875 1 0.0765625
14 0.7402597402597403 0.1515625 0.2779220779220779 0.015625
14 0.24935064935064935 0.1515625 0.13246753246753246 0.0171875
17 0.5 0.07265625 1 0.0734375
14 0.2519480519480519 0.0734375 0.17142857142857143 0.034375
6 0.6961038961038961 0.075 0.03636363636363636 0.0265625
6 0.9376623376623376 0.075 0.01038961038961039 0.0234375
6 0.8181818181818182 0.075 0.03636363636363636 0.0234375
6 0.06233766233766234 0.0734375 0.046753246753246755 0.0203125
18 0.4987012987012987 0.0171875 0.9974025974025974 0.034375