4 0.37402597402597404 0.5171875 0.7480519480519481 0.9640625
9 0.37402597402597404 0.515625 0.7480519480519481 0.5578125
6 0.08051948051948052 0.7453125 0.046753246753246755 0.021875
6 0.08051948051948052 0.653125 0.046753246753246755 0.028125
7 0.08051948051948052 0.5609375 0.04415584415584416 0.01875
6 0.08051948051948052 0.4671875 0.04415584415584416 0.0265625
6 0.07792207792207792 0.3734375 0.04155844155844156 0.025
6 0.08051948051948052 0.28125 0.046753246753246755 0.0234375
14 0.2935064935064935 0.7453125 0.23896103896103896 0.0203125
14 0.24935064935064935 0.6546875 0.14805194805194805 0.0234375
14 0.2597402597402597 0.5625 0.16363636363636364 0.0234375
14 0.23636363636363636 0.4671875 0.12467532467532468 0.0203125
14 0.2961038961038961 0.375 0.24675324675324675 0.025
14 0.23116883116883116 0.2796875 0.10909090909090909 0.01875
7 0.37402597402597404 0.134375 0.7480519480519481 0.1984375
14 0.14285714285714285 0.175 0.16103896103896104 0.0296875
14 0.6701298701298701 0.3734375 0.01038961038961039 0.0140625
18 0.4987012987012987 0.0171875 0.9974025974025974 0.034375