9 0.5 0.5640625 1 0.871875
7 0.4987012987012987 0.8921875 0.9974025974025974 0.2125
7 0.4987012987012987 0.6765625 0.9974025974025974 0.2171875
7 0.4987012987012987 0.4578125 0.9974025974025974 0.2203125
7 0.4987012987012987 0.2375 0.9974025974025974 0.2171875
6 0.9454545454545454 0.2390625 0.03636363636363636 0.028125
6 0.9454545454545454 0.45625 0.03896103896103896 0.028125
6 0.9454545454545454 0.675 0.03636363636363636 0.028125
6 0.9454545454545454 0.896875 0.03636363636363636 0.028125
14 0.8545454545454545 0.91875 0.09350649350649351 0.0109375
14 0.8571428571428571 0.8875 0.03636363636363636 0.03125
14 0.17922077922077922 0.8953125 0.2701298701298701 0.028125
14 0.8571428571428571 0.7 0.09090909090909091 0.0109375
14 0.8571428571428571 0.66875 0.03636363636363636 0.0296875
14 0.11168831168831168 0.6765625 0.14285714285714285 0.0265625
14 0.8571428571428571 0.48125 0.08831168831168831 0.0125
14 0.8571428571428571 0.45 0.03636363636363636 0.0328125
14 0.12207792207792208 0.4578125 0.15584415584415584 0.0265625
14 0.8623376623376623 0.2609375 0.07792207792207792 0.0125
14 0.8597402597402597 0.2296875 0.01818181818181818 0.0296875
14 0.15324675324675324 0.2375 0.22857142857142856 0.028125
17 0.4987012987012987 0.08125 0.9974025974025974 0.090625
14 0.2779220779220779 0.0859375 0.22337662337662337 0.03125
8 0.08831168831168831 0.08125 0.0987012987012987 0.0578125
6 0.9376623376623376 0.08125 0.04415584415584416 0.0265625
6 0.8155844155844156 0.08125 0.05194805194805195 0.0296875
18 0.4987012987012987 0.0171875 0.9974025974025974 0.034375