6 0.9376623376623376 0.08125 0.04935064935064935 0.0296875
6 0.8155844155844156 0.08125 0.03116883116883117 0.0265625
14 0.2701298701298701 0.08125 0.21298701298701297 0.0265625
8 0.08831168831168831 0.08125 0.0987012987012987 0.0609375
10 0.4987012987012987 0.6 0.9974025974025974 0.796875
9 0.5 0.64609375 1 0.7046875
14 0.24935064935064935 0.9921875 0.16623376623376623 0.0125
7 0.08311688311688312 0.984375 0.08571428571428572 0.028125
14 0.37922077922077924 0.9015625 0.42337662337662335 0.01875
7 0.08831168831168831 0.9015625 0.07532467532467532 0.053125
14 0.24415584415584415 0.8078125 0.15324675324675324 0.0171875
7 0.08311688311688312 0.8078125 0.07012987012987013 0.04375
14 0.23376623376623376 0.715625 0.13246753246753246 0.021875
7 0.08311688311688312 0.7140625 0.08831168831168831 0.053125
14 0.2779220779220779 0.6203125 0.22597402597402597 0.01875
7 0.08311688311688312 0.6203125 0.07532467532467532 0.05
14 0.2831168831168831 0.5265625 0.23896103896103896 0.01875
7 0.08311688311688312 0.5265625 0.08831168831168831 0.053125
14 0.2935064935064935 0.434375 0.2571428571428571 0.021875
7 0.08311688311688312 0.434375 0.08571428571428572 0.05
14 0.34545454545454546 0.3390625 0.36103896103896105 0.01875
7 0.08311688311688312 0.340625 0.08831168831168831 0.05
14 0.24935064935064935 0.2453125 0.42597402597402595 0.021875
18 0.4987012987012987 0.0171875 0.9974025974025974 0.034375