10 0.4987012987012987 0.5171875 0.8597402597402597 0.6765625
9 0.5012987012987012 0.4875 0.8597402597402597 0.615625
14 0.22337662337662337 0.7640625 0.2649350649350649 0.015625
14 0.2025974025974026 0.709375 0.22337662337662337 0.015625
14 0.2701298701298701 0.6578125 0.35844155844155845 0.0203125
14 0.19220779220779222 0.6015625 0.2051948051948052 0.0171875
14 0.23376623376623376 0.5484375 0.2909090909090909 0.0171875
14 0.14545454545454545 0.49375 0.11168831168831168 0.0171875
14 0.3220779220779221 0.4421875 0.4649350649350649 0.021875
14 0.16883116883116883 0.3859375 0.15584415584415584 0.0171875
14 0.13506493506493505 0.334375 0.08831168831168831 0.0203125
14 0.23896103896103896 0.2796875 0.2987012987012987 0.0203125
14 0.19220779220779222 0.2265625 0.2025974025974026 0.021875
15 0.4987012987012987 0.8265625 0.8597402597402597 0.0578125
18 0.4987012987012987 0.0171875 0.9974025974025974 0.034375
14 0.5012987012987012 0.828125 0.09610389610389611 0.0203125