14 0.7818181818181819 0.0875 0.1038961038961039 0.015625
6 0.922077922077922 0.0875 0.05714285714285714 0.028125
14 0.16103896103896104 0.146875 0.23636363636363636 0.015625
14 0.21558441558441557 0.090625 0.19220779220779222 0.021875
6 0.06753246753246753 0.0875 0.04415584415584416 0.0265625
10 0.4987012987012987 0.5 0.8701298701298701 0.6140625
15 0.4987012987012987 0.7375 0.6649350649350649 0.0734375
14 0.5012987012987012 0.6359375 0.6675324675324675 0.05625
7 0.5012987012987012 0.440625 0.6207792207792208 0.225
14 0.5012987012987012 0.2265625 0.4103896103896104 0.0296875
18 0.4987012987012987 0.0171875 0.9974025974025974 0.034375
14 0.5012987012987012 0.7375 0.04935064935064935 0.0171875