0 0.4987012987012987 0.5171875 0.9974025974025974 0.9625
14 0.4987012987012987 0.9875 0.3038961038961039 0.0203125
14 0.4987012987012987 0.7390625 0.2857142857142857 0.015625
14 0.5012987012987012 0.6859375 0.32987012987012987 0.015625
15 0.4987012987012987 0.609375 0.5324675324675324 0.0609375
5 0.4987012987012987 0.4953125 0.9090909090909091 0.0421875
6 0.8987012987012987 0.4828125 0.033766233766233764 0.0125
14 0.17922077922077922 0.484375 0.23376623376623376 0.0203125
5 0.4987012987012987 0.415625 0.9090909090909091 0.040625
14 0.13506493506493505 0.403125 0.15064935064935064 0.015625
14 0.4987012987012987 0.25 0.36363636363636365 0.03125
14 0.5194805194805194 0.1890625 0.2051948051948052 0.021875
6 0.3922077922077922 0.1875 0.02857142857142857 0.025
18 0.4987012987012987 0.0171875 0.9974025974025974 0.034375
14 0.5012987012987012 0.6109375 0.11948051948051948 0.025