10 0.4987012987012987 0.5171875 0.8727272727272727 0.9171875
14 0.7896103896103897 0.9328125 0.11168831168831168 0.0171875
14 0.5766233766233766 0.93125 0.08311688311688312 0.0171875
14 0.34545454545454546 0.2046875 0.44935064935064933 0.0234375
14 0.4857142857142857 0.43125 0.7272727272727273 0.0609375
6 0.15064935064935064 0.3453125 0.05974025974025974 0.0359375
14 0.412987012987013 0.34375 0.4077922077922078 0.021875
6 0.15064935064935064 0.275 0.05974025974025974 0.0375
14 0.4753246753246753 0.2734375 0.5298701298701298 0.021875
14 0.42077922077922075 0.121875 0.3246753246753247 0.01875
14 0.36103896103896105 0.0953125 0.21298701298701297 0.0234375
6 0.17142857142857143 0.1046875 0.0987012987012987 0.059375
18 0.4987012987012987 0.0171875 0.9974025974025974 0.034375