4 0.35064935064935066 0.553125 0.7012987012987013 0.89375
9 0.35324675324675325 0.3625 0.7038961038961039 0.5140625
14 0.23116883116883116 0.4359375 0.23896103896103896 0.0234375
14 0.15324675324675324 0.1421875 0.08311688311688312 0.01875
14 0.19480519480519481 0.215625 0.16883116883116883 0.01875
14 0.2077922077922078 0.2875 0.19220779220779222 0.01875
14 0.24675324675324675 0.3609375 0.2727272727272727 0.01875
14 0.17142857142857143 0.50625 0.12207792207792208 0.01875
14 0.18181818181818182 0.58125 0.14025974025974025 0.0234375
6 0.05974025974025974 0.1421875 0.05454545454545454 0.0390625
6 0.05974025974025974 0.2140625 0.07272727272727272 0.0328125
6 0.05974025974025974 0.2875 0.04935064935064935 0.0359375
6 0.06233766233766234 0.359375 0.05974025974025974 0.0359375
6 0.05454545454545454 0.4328125 0.05974025974025974 0.0375
6 0.05974025974025974 0.5046875 0.07272727272727272 0.034375
6 0.05974025974025974 0.578125 0.05974025974025974 0.0359375
17 0.4987012987012987 0.0703125 0.9974025974025974 0.06875
14 0.22597402597402597 0.0703125 0.2779220779220779 0.0375
6 0.9324675324675324 0.0703125 0.05454545454545454 0.0328125
6 0.06233766233766234 0.0703125 0.046753246753246755 0.0234375
18 0.4987012987012987 0.0171875 0.9974025974025974 0.034375