10 0.4987012987012987 0.5109375 0.8363636363636363 0.9296875
14 0.2025974025974026 0.1703125 0.16103896103896104 0.025
14 0.7584415584415585 0.2421875 0.24155844155844156 0.025
14 0.2545454545454545 0.2421875 0.2597402597402597 0.025
14 0.23896103896103896 0.3109375 0.23376623376623376 0.0203125
15 0.6987012987012987 0.9265625 0.35844155844155845 0.0515625
15 0.3012987012987013 0.9265625 0.35844155844155845 0.0515625
14 0.36363636363636365 0.7875 0.14285714285714285 0.0203125
14 0.34805194805194806 0.66875 0.10909090909090909 0.0203125
14 0.4675324675324675 0.553125 0.34805194805194806 0.025
14 0.35844155844155845 0.4609375 0.4701298701298701 0.0140625
14 0.4857142857142857 0.3828125 0.7298701298701299 0.0390625
14 0.5012987012987012 0.0875 0.22857142857142856 0.0203125
18 0.4987012987012987 0.0171875 0.9974025974025974 0.034375
13 0.812987012987013 0.3109375 0.08051948051948052 0.0296875
14 0.3012987012987013 0.9265625 0.12207792207792208 0.01875
14 0.7012987012987013 0.928125 0.09090909090909091 0.0171875