15 0.42857142857142855 0.95 0.8103896103896104 0.0703125
8 0.9142857142857143 0.95 0.12467532467532468 0.0703125
17 0.5 0.07578125 1 0.0796875
6 0.9402597402597402 0.0765625 0.04415584415584416 0.034375
6 0.8181818181818182 0.0765625 0.04935064935064935 0.0296875
6 0.7012987012987013 0.0765625 0.04935064935064935 0.0328125
6 0.06753246753246753 0.0765625 0.03636363636363636 0.021875
10 0.5012987012987012 0.5171875 0.8103896103896104 0.7359375
14 0.5116883116883116 0.8453125 0.12987012987012986 0.0140625
14 0.7428571428571429 0.8453125 0.2077922077922078 0.0140625
14 0.5688311688311688 0.725 0.43896103896103894 0.0375
14 0.42337662337662335 0.675 0.15064935064935064 0.021875
7 0.22337662337662337 0.7015625 0.12987012987012986 0.1203125
14 0.5792207792207792 0.565625 0.4623376623376623 0.0375
14 0.44935064935064933 0.515625 0.2051948051948052 0.0203125
7 0.22857142857142856 0.5421875 0.12987012987012986 0.1234375
14 0.5948051948051948 0.40625 0.4935064935064935 0.0375
14 0.45454545454545453 0.35625 0.21298701298701297 0.0203125
7 0.22597402597402597 0.3828125 0.06753246753246753 0.0765625
14 0.4701298701298701 0.2734375 0.6337662337662338 0.0375
14 0.35844155844155845 0.1953125 0.4077922077922078 0.0375
18 0.4987012987012987 0.0171875 0.9974025974025974 0.034375
14 0.42857142857142855 0.953125 0.34285714285714286 0.0171875