4 0.38701298701298703 0.5171875 0.7740259740259741 0.9640625
9 0.38961038961038963 0.528125 0.7766233766233767 0.28125
6 0.11688311688311688 0.1140625 0.14805194805194805 0.0890625
14 0.16103896103896104 0.215625 0.24155844155844156 0.021875
14 0.24415584415584415 0.28125 0.09090909090909091 0.0171875
14 0.2623376623376623 0.425 0.12727272727272726 0.021875
14 0.07792207792207792 0.3546875 0.07532467532467532 0.021875
14 0.24675324675324675 0.49375 0.09350649350649351 0.01875
14 0.2909090909090909 0.5640625 0.18701298701298702 0.01875
14 0.23116883116883116 0.6328125 0.06493506493506493 0.0171875
14 0.18701298701298702 0.7078125 0.2961038961038961 0.0203125
14 0.17402597402597403 0.7765625 0.2675324675324675 0.01875
14 0.1012987012987013 0.846875 0.12727272727272726 0.021875
6 0.7194805194805195 0.775 0.025974025974025976 0.0109375
6 0.7194805194805195 0.84375 0.03116883116883117 0.009375
6 0.06753246753246753 0.634375 0.04935064935064935 0.0296875
6 0.06753246753246753 0.5625 0.04155844155844156 0.034375
6 0.07012987012987013 0.49375 0.05714285714285714 0.01875
6 0.7194805194805195 0.5625 0.025974025974025976 0.0109375
6 0.7194805194805195 0.4921875 0.025974025974025976 0.0109375
6 0.7168831168831169 0.421875 0.025974025974025976 0.0109375
6 0.06753246753246753 0.421875 0.05714285714285714 0.0265625
6 0.06753246753246753 0.2796875 0.04935064935064935 0.0265625
18 0.4987012987012987 0.0171875 0.9974025974025974 0.034375