8 0.8935064935064935 0.934375 0.13766233766233765 0.0828125
7 0.5376623376623376 0.6078125 0.34545454545454546 0.29375
14 0.4987012987012987 0.840625 0.44415584415584414 0.0734375
15 0.8545454545454545 0.2609375 0.21298701298701297 0.0515625
14 0.612987012987013 0.2625 0.18961038961038962 0.015625
14 0.45454545454545453 0.2109375 0.8311688311688312 0.0203125
14 0.38441558441558443 0.1703125 0.6909090909090909 0.0234375
17 0.4987012987012987 0.0765625 0.9974025974025974 0.08125
14 0.2831168831168831 0.0796875 0.2077922077922078 0.028125
6 0.9454545454545454 0.0765625 0.01038961038961039 0.025
6 0.06753246753246753 0.075 0.046753246753246755 0.0203125
18 0.4987012987012987 0.0171875 0.9974025974025974 0.034375
14 0.8545454545454545 0.2625 0.12467532467532468 0.0140625