8 0.8935064935064935 0.934375 0.13766233766233765 0.0828125
4 0.38961038961038963 0.5171875 0.7766233766233767 0.9625
9 0.38961038961038963 0.525 0.7766233766233767 0.55
6 0.06753246753246753 0.6 0.04415584415584416 0.028125
6 0.06753246753246753 0.7640625 0.04935064935064935 0.0296875
6 0.06753246753246753 0.69375 0.046753246753246755 0.0296875
6 0.06753246753246753 0.528125 0.04935064935064935 0.028125
6 0.06753246753246753 0.4609375 0.04155844155844156 0.025
6 0.06753246753246753 0.296875 0.05194805194805195 0.0296875
14 0.3012987012987013 0.7671875 0.24935064935064935 0.021875
14 0.23896103896103896 0.696875 0.12467532467532468 0.0203125
14 0.24155844155844156 0.6 0.13246753246753246 0.01875
14 0.22597402597402597 0.53125 0.0987012987012987 0.0171875
14 0.24415584415584415 0.4609375 0.13506493506493505 0.0171875
14 0.33246753246753247 0.3671875 0.3116883116883117 0.0171875
14 0.22337662337662337 0.296875 0.09610389610389611 0.0171875
6 0.07012987012987013 0.3671875 0.04415584415584416 0.0296875
7 0.38961038961038963 0.1421875 0.7766233766233767 0.2125
14 0.22857142857142856 0.225 0.37662337662337664 0.021875
14 0.13246753246753246 0.1984375 0.18701298701298702 0.021875
6 0.7090909090909091 0.209375 0.025974025974025976 0.009375
6 0.11688311688311688 0.1046875 0.15584415584415584 0.09375
18 0.4987012987012987 0.0171875 0.9974025974025974 0.034375