6 0.07532467532467532 0.8609375 0.04935064935064935 0.0328125
6 0.15584415584415584 0.6640625 0.03116883116883117 0.01875
14 0.2753246753246753 0.8578125 0.3012987012987013 0.0171875
8 0.8935064935064935 0.8171875 0.13766233766233765 0.0828125
14 0.5246753246753246 0.6671875 0.6675324675324675 0.021875
14 0.5012987012987012 0.56875 0.7584415584415585 0.1125
14 0.4987012987012987 0.46875 0.13506493506493505 0.0125
7 0.4987012987012987 0.2296875 0.961038961038961 0.175
7 0.4987012987012987 0.9546875 0.961038961038961 0.0875
17 0.4987012987012987 0.084375 0.9974025974025974 0.0953125
14 0.4987012987012987 0.1109375 0.13506493506493505 0.0140625
14 0.4987012987012987 0.084375 0.33766233766233766 0.0171875
6 0.9298701298701298 0.0828125 0.05714285714285714 0.034375
6 0.8207792207792208 0.084375 0.05454545454545454 0.0328125
6 0.07792207792207792 0.0828125 0.05194805194805195 0.021875
18 0.4987012987012987 0.0171875 0.9974025974025974 0.034375