0 0.4987012987012987 0.5171875 0.9974025974025974 0.9640625
12 0.4987012987012987 0.7453125 0.2935064935064935 0.025
14 0.4987012987012987 0.1546875 0.5584415584415584 0.0265625
14 0.4987012987012987 0.0921875 0.45194805194805193 0.0375
16 0.4987012987012987 0.8421875 0.9012987012987013 0.065625
15 0.24935064935064935 0.9375 0.4025974025974026 0.065625
15 0.7506493506493507 0.9375 0.4 0.065625
18 0.4987012987012987 0.0171875 0.9974025974025974 0.034375
14 0.5194805194805194 0.8421875 0.4597402597402597 0.015625
14 0.24935064935064935 0.9390625 0.13766233766233765 0.015625
14 0.7506493506493507 0.9390625 0.12467532467532468 0.015625
6 0.11168831168831168 0.8421875 0.03116883116883117 0.0390625