15 0.7428571428571429 0.9609375 0.4831168831168831 0.0734375
15 0.2545454545454545 0.9609375 0.4831168831168831 0.0734375
15 0.4987012987012987 0.5625 0.9766233766233766 0.0734375
5 0.4987012987012987 0.4875 0.9766233766233766 0.0625
5 0.4987012987012987 0.4265625 0.9766233766233766 0.0625
6 0.06493506493506493 0.4875 0.03896103896103896 0.03125
6 0.06493506493506493 0.4265625 0.04935064935064935 0.0234375
14 0.21818181818181817 0.4875 0.2051948051948052 0.0203125
14 0.2545454545454545 0.4265625 0.2727272727272727 0.0203125
7 0.4987012987012987 0.2171875 0.24935064935064935 0.1453125
18 0.4987012987012987 0.0171875 0.9974025974025974 0.034375
14 0.5012987012987012 0.5640625 0.13246753246753246 0.0171875
14 0.2571428571428571 0.9625 0.23896103896103896 0.0171875
14 0.7454545454545455 0.9640625 0.13246753246753246 0.021875