14 0.4987012987012987 0.9625 0.2935064935064935 0.0171875
15 0.6597402597402597 0.590625 0.2961038961038961 0.0828125
15 0.33766233766233766 0.590625 0.2961038961038961 0.0828125
16 0.4987012987012987 0.4921875 0.6181818181818182 0.084375
16 0.4987012987012987 0.390625 0.6181818181818182 0.084375
7 0.4987012987012987 0.1359375 0.6337662337662338 0.2015625
18 0.4987012987012987 0.0171875 0.9974025974025974 0.034375
14 0.4909090909090909 0.3953125 0.2935064935064935 0.0203125
14 0.4103896103896104 0.4921875 0.13506493506493505 0.0171875
14 0.33766233766233766 0.59375 0.09090909090909091 0.0203125
14 0.6623376623376623 0.590625 0.13766233766233765 0.015625
6 0.24935064935064935 0.3921875 0.05194805194805195 0.0296875
6 0.24935064935064935 0.4921875 0.025974025974025976 0.0296875