1 0.5 0.95703125 1 0.0828125
16 0.1012987012987013 0.959375 0.1038961038961039 0.0515625
16 0.3012987012987013 0.959375 0.07792207792207792 0.0515625
16 0.4987012987012987 0.959375 0.06753246753246753 0.053125
16 0.7012987012987013 0.959375 0.07532467532467532 0.0515625
16 0.8987012987012987 0.9578125 0.0987012987012987 0.053125
6 0.8987012987012987 0.95 0.05974025974025974 0.0359375
6 0.6987012987012987 0.95 0.05454545454545454 0.0328125
6 0.4987012987012987 0.95 0.05194805194805195 0.034375
6 0.3012987012987013 0.95 0.05974025974025974 0.03125
6 0.1012987012987013 0.95 0.04935064935064935 0.034375
14 0.8987012987012987 0.9796875 0.0987012987012987 0.0125
14 0.6727272727272727 0.671875 0.3168831168831169 0.053125
14 0.2675324675324675 0.671875 0.42077922077922075 0.053125
14 0.7012987012987013 0.9796875 0.07532467532467532 0.0125
14 0.4987012987012987 0.9796875 0.06753246753246753 0.0125
14 0.3012987012987013 0.9796875 0.07792207792207792 0.0125
14 0.1012987012987013 0.9796875 0.1038961038961039 0.0125
7 0.2727272727272727 0.8421875 0.42597402597402595 0.146875
7 0.7298701298701299 0.8421875 0.42337662337662335 0.146875
7 0.7272727272727273 0.434375 0.42597402597402595 0.3890625
7 0.2727272727272727 0.434375 0.42597402597402595 0.3890625
6 0.43896103896103894 0.2671875 0.03896103896103896 0.0203125
6 0.8961038961038961 0.2671875 0.03896103896103896 0.0203125
6 0.43896103896103894 0.7953125 0.03896103896103896 0.0203125
6 0.8961038961038961 0.7953125 0.03896103896103896 0.0203125
16 0.4987012987012987 0.8640625 0.23636363636363636 0.0578125
14 0.4753246753246753 0.8640625 0.10649350649350649 0.0125
6 0.561038961038961 0.8625 0.02857142857142857 0.015625
11 0.5 0.16875 1 0.071875
14 0.7142857142857143 0.16875 0.10909090909090909 0.0140625
14 0.5064935064935064 0.16875 0.19220779220779222 0.0140625
14 0.2987012987012987 0.16875 0.10649350649350649 0.0140625
14 0.12207792207792208 0.16875 0.12467532467532468 0.0140625
5 0.5012987012987012 0.0953125 0.9428571428571428 0.0734375
14 0.3948051948051948 0.0984375 0.4961038961038961 0.021875
6 0.08831168831168831 0.0953125 0.03636363636363636 0.021875
18 0.4987012987012987 0.0171875 0.9974025974025974 0.034375