0 0.4987012987012987 0.5171875 0.9974025974025974 0.9640625
14 0.17922077922077922 0.965625 0.2909090909090909 0.021875
14 0.8779220779220779 0.965625 0.17142857142857143 0.021875
14 0.5012987012987012 0.6484375 0.8285714285714286 0.0453125
16 0.4987012987012987 0.546875 0.935064935064935 0.0703125
16 0.4987012987012987 0.4484375 0.9376623376623376 0.0703125
14 0.4987012987012987 0.378125 0.7038961038961039 0.021875
14 0.5012987012987012 0.2953125 0.7064935064935065 0.0359375
18 0.4987012987012987 0.0171875 0.9974025974025974 0.034375
14 0.5324675324675324 0.4515625 0.44155844155844154 0.0296875
14 0.5324675324675324 0.55 0.38441558441558443 0.028125
6 0.09090909090909091 0.4484375 0.03116883116883117 0.0375
6 0.08831168831168831 0.5453125 0.05974025974025974 0.0359375