9 0.5 0.55859375 1 0.8796875
3 0.4935064935064935 0.8765625 0.8441558441558441 0.05
3 0.4909090909090909 0.3375 0.8467532467532467 0.0453125
3 0.4935064935064935 0.2296875 0.8441558441558441 0.046875
14 0.16883116883116883 0.8078125 0.19480519480519481 0.01875
14 0.23376623376623376 0.8625 0.3246753246753247 0.021875
14 0.4025974025974026 0.890625 0.6649350649350649 0.01875
14 0.18181818181818182 0.7 0.22597402597402597 0.0171875
14 0.18961038961038962 0.7296875 0.23896103896103896 0.0140625
14 0.16363636363636364 0.5921875 0.18181818181818182 0.01875
14 0.0987012987012987 0.6234375 0.05974025974025974 0.0109375
14 0.21298701298701297 0.43125 0.2805194805194805 0.01875
14 0.22597402597402597 0.4859375 0.3116883116883117 0.021875
14 0.11168831168831168 0.5140625 0.08571428571428572 0.015625
14 0.18961038961038962 0.3234375 0.24155844155844156 0.0171875
14 0.2805194805194805 0.353125 0.42077922077922075 0.015625
14 0.16623376623376623 0.1609375 0.19220779220779222 0.015625
14 0.23896103896103896 0.215625 0.33506493506493507 0.01875
14 0.42857142857142855 0.2453125 0.7194805194805195 0.0140625
17 0.5 0.07578125 1 0.0796875
14 0.2649350649350649 0.0796875 0.17402597402597403 0.0265625
6 0.06753246753246753 0.075 0.046753246753246755 0.01875
18 0.4987012987012987 0.0171875 0.9974025974025974 0.034375