0 0.4987012987012987 0.5171875 0.9974025974025974 0.9640625
5 0.5012987012987012 0.8546875 0.9376623376623376 0.0640625
5 0.5012987012987012 0.7921875 0.9376623376623376 0.065625
5 0.5012987012987012 0.728125 0.9376623376623376 0.0640625
14 0.24675324675324675 0.85625 0.16103896103896104 0.0171875
14 0.2051948051948052 0.7921875 0.08571428571428572 0.01875
14 0.24935064935064935 0.728125 0.17402597402597403 0.01875
6 0.08311688311688312 0.85625 0.03896103896103896 0.028125
6 0.08311688311688312 0.7921875 0.05454545454545454 0.021875
6 0.08311688311688312 0.728125 0.04935064935064935 0.0296875
15 0.7454545454545455 0.94375 0.44935064935064933 0.0625
15 0.2545454545454545 0.94375 0.44935064935064933 0.0625
7 0.5012987012987012 0.1796875 0.5662337662337662 0.1203125
18 0.4987012987012987 0.0171875 0.9974025974025974 0.034375
14 0.2571428571428571 0.9453125 0.08311688311688312 0.0171875
14 0.7454545454545455 0.946875 0.13246753246753246 0.021875