18 0.4987012987012987 0.0171875 0.9974025974025974 0.034375
10 0.4987012987012987 0.534375 0.8987012987012987 0.346875
5 0.4987012987012987 0.4234375 0.8519480519480519 0.0640625
14 0.14285714285714285 0.4234375 0.08571428571428572 0.0140625
16 0.4987012987012987 0.5015625 0.8493506493506493 0.0640625
3 0.24675324675324675 0.584375 0.2025974025974026 0.0421875
3 0.548051948051948 0.584375 0.16623376623376623 0.04375
14 0.5896103896103896 0.584375 0.07792207792207792 0.01875
14 0.2883116883116883 0.584375 0.11428571428571428 0.01875
15 0.4987012987012987 0.671875 0.8987012987012987 0.0734375
14 0.2519480519480519 0.5046875 0.3012987012987013 0.021875
6 0.8753246753246753 0.5015625 0.02857142857142857 0.0125
14 0.5012987012987012 0.675 0.16623376623376623 0.0234375