10 0.4987012987012987 0.534375 0.9012987012987013 0.246875
15 0.2753246753246753 0.621875 0.44935064935064933 0.0734375
15 0.7246753246753247 0.621875 0.44935064935064933 0.0734375
5 0.4987012987012987 0.5375 0.8519480519480519 0.0640625
5 0.4987012987012987 0.4578125 0.8519480519480519 0.0640625
14 0.19480519480519481 0.5375 0.18181818181818182 0.01875
14 0.14545454545454545 0.459375 0.08571428571428572 0.015625
6 0.8831168831168831 0.5375 0.03896103896103896 0.01875
18 0.4987012987012987 0.0171875 0.9974025974025974 0.034375
14 0.2753246753246753 0.625 0.12467532467532468 0.021875
14 0.7272727272727273 0.625 0.1038961038961039 0.021875