15 0.4987012987012987 0.815625 0.6103896103896104 0.0671875
7 0.4987012987012987 0.9515625 0.1038961038961039 0.0234375
14 0.5038961038961038 0.8953125 0.6051948051948052 0.0375
14 0.4987012987012987 0.7640625 0.37922077922077924 0.01875
15 0.4987012987012987 0.6953125 0.6103896103896104 0.065625
14 0.4987012987012987 0.4484375 0.38701298701298703 0.0203125
14 0.4987012987012987 0.396875 0.15584415584415584 0.040625
7 0.4987012987012987 0.3203125 0.13766233766233765 0.0828125
18 0.4987012987012987 0.0171875 0.9974025974025974 0.034375
14 0.5012987012987012 0.6984375 0.13246753246753246 0.0234375
14 0.5012987012987012 0.81875 0.1012987012987013 0.021875