4 0.34025974025974026 0.5171875 0.6779220779220779 0.9640625
9 0.34025974025974026 0.509375 0.6805194805194805 0.3734375
7 0.34025974025974026 0.178125 0.6779220779220779 0.2859375
14 0.34025974025974026 0.1796875 0.4155844155844156 0.034375
14 0.34025974025974026 0.2328125 0.38961038961038963 0.034375
14 0.33766233766233766 0.284375 0.14025974025974025 0.0265625
14 0.2701298701298701 0.3703125 0.18961038961038962 0.0203125
14 0.2623376623376623 0.440625 0.17662337662337663 0.0203125
14 0.2545454545454545 0.509375 0.15844155844155844 0.015625
14 0.2753246753246753 0.58125 0.2025974025974026 0.0203125
14 0.24155844155844156 0.65 0.13246753246753246 0.0171875
14 0.1012987012987013 0.746875 0.12467532467532468 0.0203125
14 0.16883116883116883 0.8171875 0.2571428571428571 0.0203125
6 0.06753246753246753 0.36875 0.03896103896103896 0.0296875
6 0.06753246753246753 0.4390625 0.03896103896103896 0.0296875
6 0.06753246753246753 0.509375 0.04935064935064935 0.0265625
6 0.06753246753246753 0.5796875 0.04415584415584416 0.015625
6 0.06753246753246753 0.6484375 0.04935064935064935 0.0296875
18 0.4987012987012987 0.0171875 0.9974025974025974 0.034375