0 0.4987012987012987 0.5171875 0.9974025974025974 0.9640625
14 0.5012987012987012 0.3546875 0.6233766233766234 0.06875
12 0.4987012987012987 0.60625 0.16623376623376623 0.009375
16 0.4987012987012987 0.6796875 0.8545454545454545 0.0703125
16 0.4987012987012987 0.7640625 0.8545454545454545 0.0703125
16 0.4987012987012987 0.85 0.8545454545454545 0.0703125
14 0.43376623376623374 0.9296875 0.2935064935064935 0.0203125
14 0.6571428571428571 0.9296875 0.10649350649350649 0.021875
7 0.4987012987012987 0.24375 0.32987012987012987 0.0703125
18 0.4987012987012987 0.0171875 0.9974025974025974 0.034375
14 0.5298701298701298 0.6796875 0.2987012987012987 0.0171875
14 0.5298701298701298 0.7671875 0.3948051948051948 0.0203125
14 0.5298701298701298 0.85 0.24675324675324675 0.015625
6 0.12727272727272726 0.85 0.04155844155844156 0.021875
6 0.12727272727272726 0.7640625 0.05194805194805195 0.0203125
6 0.12727272727272726 0.6796875 0.023376623376623377 0.0265625