0 0.4987012987012987 0.5578125 0.9974025974025974 0.88125
15 0.5012987012987012 0.940625 0.9038961038961039 0.059375
15 0.5012987012987012 0.8703125 0.9038961038961039 0.059375
14 0.4987012987012987 0.7453125 0.787012987012987 0.0890625
14 0.5012987012987012 0.6390625 0.42077922077922075 0.053125
7 0.4987012987012987 0.3609375 0.10909090909090909 0.1046875
14 0.8935064935064935 0.1625 0.06753246753246753 0.0203125
17 0.4987012987012987 0.075 0.9974025974025974 0.0828125
7 0.4987012987012987 0.0765625 0.41818181818181815 0.0296875
18 0.4987012987012987 0.0171875 0.9974025974025974 0.034375
14 0.5012987012987012 0.8734375 0.4155844155844156 0.021875
14 0.5012987012987012 0.9421875 0.22077922077922077 0.021875