9 0.5 0.27109375 1 0.3078125
14 0.2 0.646875 0.2961038961038961 0.021875
14 0.2519480519480519 0.56875 0.21298701298701297 0.021875
6 0.07792207792207792 0.5671875 0.06233766233766234 0.0203125
14 0.22337662337662337 0.490625 0.15844155844155844 0.01875
6 0.07532467532467532 0.490625 0.04935064935064935 0.0265625
14 0.2935064935064935 0.3890625 0.3038961038961039 0.021875
6 0.9376623376623376 0.3875 0.01818181818181818 0.01875
6 0.07792207792207792 0.3890625 0.06233766233766234 0.01875
14 0.8727272727272727 0.3109375 0.04415584415584416 0.01875
14 0.2 0.3125 0.11168831168831168 0.021875
6 0.935064935064935 0.309375 0.01818181818181818 0.01875
6 0.07532467532467532 0.3109375 0.06233766233766234 0.0375
14 0.23376623376623376 0.2328125 0.17922077922077922 0.01875
6 0.07532467532467532 0.2328125 0.05714285714285714 0.0328125
14 0.8597402597402597 0.15625 0.07012987012987013 0.01875
14 0.21818181818181817 0.1578125 0.14545454545454545 0.021875
6 0.935064935064935 0.15625 0.01818181818181818 0.0203125
6 0.07792207792207792 0.1546875 0.04935064935064935 0.0296875
17 0.4987012987012987 0.0765625 0.9974025974025974 0.08125
14 0.22597402597402597 0.0796875 0.17922077922077922 0.0296875
6 0.06493506493506493 0.0765625 0.03636363636363636 0.025
18 0.4987012987012987 0.0171875 0.9974025974025974 0.034375
13 0.8857142857142857 0.2328125 0.12467532467532468 0.0421875