9 0.5 0.5953125 1 0.809375
14 0.2519480519480519 0.2296875 0.41818181818181815 0.025
7 0.812987012987013 0.975 0.2935064935064935 0.0453125
14 0.2 0.9640625 0.3194805194805195 0.0171875
14 0.3142857142857143 0.8171875 0.5506493506493506 0.0921875
7 0.812987012987013 0.8140625 0.2935064935064935 0.1765625
14 0.2 0.7390625 0.3194805194805195 0.0171875
14 0.2987012987012987 0.590625 0.5168831168831168 0.0921875
7 0.812987012987013 0.5890625 0.2935064935064935 0.1765625
14 0.2 0.5125 0.3194805194805195 0.0171875
14 0.2883116883116883 0.365625 0.4961038961038961 0.0921875
7 0.812987012987013 0.3625 0.2935064935064935 0.1765625
14 0.2 0.2875 0.3194805194805195 0.0171875
11 0.5 0.15078125 1 0.0734375
14 0.6233766233766234 0.1515625 0.15844155844155844 0.0140625
14 0.8753246753246753 0.15 0.11688311688311688 0.0140625
14 0.37402597402597404 0.1515625 0.14805194805194805 0.0140625
14 0.12727272727272726 0.1515625 0.09610389610389611 0.0140625
17 0.5 0.07421875 1 0.0796875
7 0.3090909090909091 0.0765625 0.34025974025974026 0.0265625
6 0.9402597402597402 0.075 0.04935064935064935 0.021875
6 0.8233766233766234 0.0765625 0.04415584415584416 0.0296875
6 0.07012987012987013 0.0765625 0.04935064935064935 0.021875
18 0.4987012987012987 0.0171875 0.9974025974025974 0.034375