4 0.34025974025974026 0.5171875 0.6779220779220779 0.9625
9 0.34025974025974026 0.478125 0.6805194805194805 0.44375
14 0.12987012987012986 0.2203125 0.18441558441558442 0.0203125
14 0.2571428571428571 0.303125 0.16363636363636364 0.0203125
14 0.23376623376623376 0.3734375 0.11428571428571428 0.0203125
14 0.2519480519480519 0.44375 0.15324675324675324 0.021875
14 0.24155844155844156 0.5140625 0.13506493506493505 0.0203125
14 0.2701298701298701 0.5828125 0.18701298701298702 0.0171875
14 0.24155844155844156 0.653125 0.13506493506493505 0.0171875
14 0.23896103896103896 0.75 0.12467532467532468 0.0203125
14 0.24935064935064935 0.81875 0.14805194805194805 0.0171875
6 0.06753246753246753 0.8171875 0.04935064935064935 0.0296875
6 0.06753246753246753 0.746875 0.046753246753246755 0.0296875
6 0.06753246753246753 0.653125 0.04935064935064935 0.0296875
6 0.06753246753246753 0.58125 0.05974025974025974 0.0359375
6 0.06753246753246753 0.5109375 0.03896103896103896 0.021875
6 0.06753246753246753 0.4421875 0.04415584415584416 0.0296875
6 0.06753246753246753 0.371875 0.04415584415584416 0.0328125
6 0.06753246753246753 0.3 0.05454545454545454 0.0296875
6 0.10649350649350649 0.1 0.13766233766233765 0.0828125
18 0.4987012987012987 0.0171875 0.9974025974025974 0.034375