5 0.4987012987012987 0.75 0.6467532467532467 0.0609375
14 0.34285714285714286 0.75 0.12207792207792208 0.0140625
6 0.23636363636363636 0.75 0.04935064935064935 0.0296875
14 0.4961038961038961 0.81875 0.561038961038961 0.0390625
14 0.4987012987012987 0.684375 0.03116883116883117 0.0125
16 0.4987012987012987 0.6171875 0.6467532467532467 0.0609375
14 0.4987012987012987 0.5 0.5844155844155844 0.053125
7 0.4987012987012987 0.2875 0.561038961038961 0.15625
14 0.4987012987012987 0.4359375 0.5558441558441558 0.0296875
18 0.4987012987012987 0.0171875 0.9974025974025974 0.034375
7 0.2831168831168831 0.615625 0.04155844155844156 0.0234375
14 0.509090909090909 0.61875 0.36623376623376624 0.0171875