5 0.4987012987012987 0.509375 0.7584415584415585 0.05625
5 0.4987012987012987 0.390625 0.7584415584415585 0.05625
14 0.5454545454545454 0.1578125 0.587012987012987 0.0578125
14 0.21818181818181817 0.5109375 0.13506493506493505 0.0125
14 0.24935064935064935 0.3890625 0.19480519480519481 0.0109375
15 0.4987012987012987 0.7234375 0.7584415584415585 0.071875
15 0.4987012987012987 0.6421875 0.7584415584415585 0.0703125
14 0.22337662337662337 0.45 0.2 0.01875
7 0.16883116883116883 0.159375 0.09610389610389611 0.06875
14 0.2675324675324675 0.3296875 0.2883116883116883 0.0171875
18 0.4987012987012987 0.0171875 0.9974025974025974 0.034375
14 0.5012987012987012 0.6421875 0.3220779220779221 0.015625
14 0.5012987012987012 0.725 0.12727272727272726 0.015625