9 0.5 0.2328125 1 0.23125
14 0.2519480519480519 0.3109375 0.21298701298701297 0.021875
6 0.935064935064935 0.3109375 0.01818181818181818 0.01875
6 0.07532467532467532 0.309375 0.06233766233766234 0.021875
14 0.22337662337662337 0.2328125 0.15584415584415584 0.01875
6 0.9376623376623376 0.23125 0.01818181818181818 0.01875
6 0.07532467532467532 0.2328125 0.046753246753246755 0.0265625
14 0.37402597402597404 0.1578125 0.45714285714285713 0.0234375
6 0.935064935064935 0.1546875 0.01818181818181818 0.01875
6 0.07532467532467532 0.1546875 0.025974025974025976 0.025
17 0.4987012987012987 0.0765625 0.9974025974025974 0.08125
14 0.32727272727272727 0.0796875 0.37922077922077924 0.028125
6 0.07012987012987013 0.0765625 0.04415584415584416 0.01875
18 0.4987012987012987 0.0171875 0.9974025974025974 0.034375