17 0.5 0.075 1 0.078125
11 0.5 0.15 1 0.06875
14 0.4987012987012987 0.71875 0.8025974025974026 0.04375
14 0.4987012987012987 0.665625 0.24415584415584415 0.0171875
6 0.4987012987012987 0.546875 0.2883116883116883 0.1734375
14 0.5922077922077922 0.1515625 0.12207792207792208 0.015625
14 0.36883116883116884 0.15 0.2077922077922078 0.0171875
14 0.11688311688311688 0.15 0.17402597402597403 0.0171875
14 0.2805194805194805 0.078125 0.2675324675324675 0.021875
6 0.9402597402597402 0.0765625 0.05714285714285714 0.034375
6 0.825974025974026 0.0765625 0.03896103896103896 0.0390625
6 0.06753246753246753 0.075 0.04935064935064935 0.021875
18 0.5 0.0171875 1 0.034375