0 0.5 0.51640625 1 0.9640625
14 0.5038961038961038 0.9671875 0.7350649350649351 0.01875
16 0.4987012987012987 0.8921875 0.8467532467532467 0.0703125
15 0.7168831168831169 0.8109375 0.412987012987013 0.0671875
15 0.2831168831168831 0.8109375 0.412987012987013 0.0671875
7 0.4987012987012987 0.15 0.4051948051948052 0.0890625
14 0.4987012987012987 0.2453125 0.6441558441558441 0.065625
18 0.4987012987012987 0.0171875 0.9974025974025974 0.034375
14 0.2831168831168831 0.8140625 0.09090909090909091 0.0203125
14 0.7168831168831169 0.8140625 0.11688311688311688 0.01875
14 0.522077922077922 0.8953125 0.38701298701298703 0.021875
7 0.18181818181818182 0.8921875 0.06233766233766234 0.0359375