16 0.0987012987012987 0.959375 0.08051948051948052 0.0625
16 0.2987012987012987 0.959375 0.11948051948051948 0.0625
16 0.7012987012987013 0.9578125 0.12207792207792208 0.059375
16 0.9012987012987013 0.959375 0.14025974025974025 0.0609375
18 0.4987012987012987 0.0171875 0.9974025974025974 0.034375
6 0.9454545454545454 0.0765625 0.033766233766233764 0.0203125
14 0.13766233766233765 0.08125 0.1974025974025974 0.0265625
10 0.4987012987012987 0.5171875 0.948051948051948 0.715625
8 0.4987012987012987 0.9359375 0.15324675324675324 0.09375
5 0.4987012987012987 0.359375 0.825974025974026 0.0734375
5 0.4987012987012987 0.4546875 0.825974025974026 0.0734375
5 0.4987012987012987 0.55 0.825974025974026 0.0734375
3 0.33766233766233766 0.646875 0.4701298701298701 0.0265625
7 0.33506493506493507 0.259375 0.05714285714285714 0.0390625
14 0.5376623376623376 0.259375 0.3142857142857143 0.025
14 0.17142857142857143 0.3609375 0.07792207792207792 0.015625
14 0.2077922077922078 0.45625 0.15324675324675324 0.0140625
14 0.2051948051948052 0.55 0.14545454545454545 0.015625
14 0.36883116883116884 0.65 0.4051948051948052 0.0203125
16 0.4987012987012987 0.74375 0.825974025974026 0.071875
6 0.4987012987012987 0.9375 0.07272727272727272 0.04375
6 0.0987012987012987 0.9421875 0.04935064935064935 0.0296875
6 0.3012987012987013 0.9421875 0.04415584415584416 0.0296875
6 0.7012987012987013 0.9421875 0.033766233766233764 0.0265625
6 0.9012987012987013 0.9421875 0.04415584415584416 0.0265625
14 0.2987012987012987 0.9828125 0.11688311688311688 0.0140625
14 0.9012987012987013 0.9828125 0.14025974025974025 0.0140625
14 0.7012987012987013 0.9828125 0.11948051948051948 0.0109375
14 0.1012987012987013 0.984375 0.08051948051948052 0.0140625
6 0.14025974025974025 0.7453125 0.05974025974025974 0.0359375
14 0.5012987012987012 0.7453125 0.18441558441558442 0.021875