5 0.4987012987012987 0.4515625 0.7402597402597403 0.0359375
5 0.5012987012987012 0.5234375 0.7428571428571429 0.034375
14 0.2025974025974026 0.4453125 0.1012987012987013 0.0203125
14 0.2571428571428571 0.5203125 0.2051948051948052 0.028125
14 0.4987012987012987 0.9359375 0.5454545454545454 0.0265625
15 0.4987012987012987 0.834375 0.4883116883116883 0.065625
15 0.4987012987012987 0.64375 0.7558441558441559 0.0515625
14 0.2675324675324675 0.5765625 0.2675324675324675 0.0203125
7 0.4987012987012987 0.296875 0.4909090909090909 0.096875
14 0.5012987012987012 0.7734375 0.44155844155844154 0.0171875
18 0.4987012987012987 0.0171875 0.9974025974025974 0.034375
14 0.4987012987012987 0.6453125 0.10909090909090909 0.0171875
14 0.5012987012987012 0.8375 0.15584415584415584 0.025