8 0.8883116883116883 0.934375 0.13766233766233765 0.08125
6 0.8441558441558441 0.0765625 0.04155844155844156 0.0265625
6 0.9454545454545454 0.0765625 0.01038961038961039 0.025
4 0.34025974025974026 0.5171875 0.6779220779220779 0.9640625
8 0.5922077922077922 0.203125 0.14805194805194805 0.090625
9 0.34025974025974026 0.8234375 0.6805194805194805 0.3515625
9 0.34025974025974026 0.5359375 0.6779220779220779 0.2234375
6 0.05714285714285714 0.228125 0.04935064935064935 0.0296875
6 0.05714285714285714 0.190625 0.03896103896103896 0.025
14 0.42337662337662335 0.1 0.45454545454545453 0.053125
14 0.612987012987013 0.1484375 0.09350649350649351 0.015625
14 0.2519480519480519 0.1890625 0.32987012987012987 0.0203125
14 0.19220779220779222 0.23125 0.1974025974025974 0.0203125
7 0.0987012987012987 0.1015625 0.16103896103896104 0.096875
6 0.5948051948051948 0.2046875 0.05454545454545454 0.028125
6 0.548051948051948 0.175 0.05974025974025974 0.0359375
14 0.2909090909090909 0.3078125 0.5038961038961038 0.0171875
14 0.2935064935064935 0.3796875 0.23896103896103896 0.021875
14 0.587012987012987 0.378125 0.1038961038961039 0.0203125
14 0.13246753246753246 0.4609375 0.18701298701298702 0.0171875
14 0.36103896103896105 0.5328125 0.37402597402597404 0.021875
14 0.2805194805194805 0.603125 0.21038961038961038 0.021875
14 0.08051948051948052 0.6859375 0.08311688311688312 0.0171875
14 0.33246753246753247 0.7578125 0.3116883116883117 0.0203125
14 0.3142857142857143 0.828125 0.2779220779220779 0.0203125
14 0.2805194805194805 0.8953125 0.2077922077922078 0.0171875
14 0.2909090909090909 0.965625 0.23116883116883116 0.0171875
6 0.06753246753246753 0.965625 0.046753246753246755 0.015625
6 0.06753246753246753 0.8953125 0.05454545454545454 0.0328125
6 0.06753246753246753 0.8265625 0.04935064935064935 0.021875
6 0.06753246753246753 0.7546875 0.05454545454545454 0.0296875
6 0.06753246753246753 0.6015625 0.046753246753246755 0.0265625
6 0.06753246753246753 0.53125 0.03636363636363636 0.021875
6 0.06753246753246753 0.3765625 0.04935064935064935 0.028125
18 0.4987012987012987 0.0171875 0.9974025974025974 0.034375