7 0.4987012987012987 0.175 0.22597402597402597 0.1359375
14 0.5012987012987012 0.2875 0.16103896103896104 0.0203125
14 0.4987012987012987 0.4828125 0.8467532467532467 0.0234375
7 0.14285714285714285 0.6828125 0.17922077922077922 0.1046875
7 0.3922077922077922 0.6828125 0.17662337662337663 0.1046875
7 0.6441558441558441 0.6828125 0.17922077922077922 0.1046875
7 0.8909090909090909 0.6828125 0.17662337662337663 0.103125
12 0.4987012987012987 0.890625 0.15584415584415584 0.009375
15 0.7506493506493507 0.9625 0.4987012987012987 0.071875
15 0.24935064935064935 0.9625 0.4961038961038961 0.071875
18 0.4987012987012987 0.0171875 0.9974025974025974 0.034375
14 0.24935064935064935 0.9640625 0.16623376623376623 0.0109375
14 0.7506493506493507 0.9640625 0.11948051948051948 0.0125