0 0.4987012987012987 0.5 0.9974025974025974 0.9984375
5 0.5012987012987012 0.50625 0.825974025974026 0.028125
5 0.4987012987012987 0.4171875 0.825974025974026 0.0625
14 0.2077922077922078 0.39375 0.23636363636363636 0.0140625
14 0.16883116883116883 0.5015625 0.15844155844155844 0.0171875
14 0.4987012987012987 0.9328125 0.3194805194805195 0.0203125
14 0.5012987012987012 0.7828125 0.45714285714285713 0.01875
14 0.5012987012987012 0.734375 0.5428571428571428 0.015625
15 0.4987012987012987 0.6546875 0.825974025974026 0.059375
15 0.4987012987012987 0.578125 0.825974025974026 0.059375
7 0.4987012987012987 0.2359375 0.4103896103896104 0.1328125
14 0.5012987012987012 0.58125 0.09090909090909091 0.01875
14 0.5012987012987012 0.6578125 0.2961038961038961 0.01875