10 0.4987012987012987 0.534375 0.9012987012987013 0.796875
5 0.5012987012987012 0.725 0.787012987012987 0.034375
5 0.4987012987012987 0.790625 0.787012987012987 0.0328125
14 0.21298701298701297 0.784375 0.2051948051948052 0.0203125
14 0.16103896103896104 0.71875 0.1012987012987013 0.0203125
15 0.7012987012987013 0.8625 0.38441558441558443 0.0546875
15 0.2987012987012987 0.8625 0.38441558441558443 0.053125
14 0.4987012987012987 0.64375 0.2675324675324675 0.0171875
14 0.4961038961038961 0.575 0.7948051948051948 0.0921875
14 0.4987012987012987 0.50625 0.3012987012987013 0.0203125
7 0.4987012987012987 0.3515625 0.34545454545454546 0.209375
14 0.22077922077922077 0.178125 0.2649350649350649 0.01875
6 0.8987012987012987 0.1765625 0.01038961038961039 0.0234375
18 0.4987012987012987 0.0171875 0.9974025974025974 0.034375
14 0.2987012987012987 0.8625 0.12727272727272726 0.0140625
14 0.7012987012987013 0.8625 0.09350649350649351 0.0140625