10 0.4987012987012987 0.5171875 0.7766233766233767 0.7125
15 0.5012987012987012 0.48125 0.6805194805194805 0.0703125
15 0.5012987012987012 0.5625 0.6805194805194805 0.0703125
15 0.4987012987012987 0.64375 0.6805194805194805 0.06875
15 0.4987012987012987 0.725 0.6805194805194805 0.06875
15 0.5012987012987012 0.8078125 0.6805194805194805 0.06875
14 0.4987012987012987 0.359375 0.6233766233766234 0.1171875
6 0.4987012987012987 0.21875 0.18961038961038962 0.1171875
18 0.4987012987012987 0.0171875 0.9974025974025974 0.034375
14 0.5012987012987012 0.484375 0.43636363636363634 0.0265625
14 0.5012987012987012 0.5671875 0.3090909090909091 0.0234375
14 0.5012987012987012 0.646875 0.2077922077922078 0.025
14 0.5012987012987012 0.728125 0.34285714285714286 0.025
14 0.5012987012987012 0.8078125 0.12727272727272726 0.0203125