4 0.6103896103896104 0.51875 0.7792207792207793 0.9625
14 0.5064935064935064 0.078125 0.4909090909090909 0.0296875
14 0.6103896103896104 0.1515625 0.4 0.01875
14 0.9116883116883117 0.1765625 0.04935064935064935 0.0140625
14 0.3012987012987013 0.175 0.033766233766233764 0.0140625
14 0.32727272727272727 0.2953125 0.01038961038961039 0.015625
14 0.7220779220779221 0.2953125 0.12987012987012986 0.021875
14 0.7220779220779221 0.465625 0.12987012987012986 0.021875
14 0.32727272727272727 0.465625 0.01038961038961039 0.0140625
14 0.32987012987012987 0.925 0.15064935064935064 0.01875
14 0.32987012987012987 0.9609375 0.15324675324675324 0.025
15 0.787012987012987 0.9453125 0.34805194805194806 0.05
7 0.5142857142857142 0.465625 0.19220779220779222 0.090625
7 0.5142857142857142 0.29375 0.18441558441558442 0.1078125
18 0.5 0.0171875 1 0.034375
14 0.7844155844155845 0.9453125 0.17402597402597403 0.0140625