2 0.4987012987012987 0.490625 0.8831168831168831 0.64375
5 0.5012987012987012 0.4984375 0.7480519480519481 0.0359375
5 0.4987012987012987 0.3953125 0.7480519480519481 0.0359375
14 0.22597402597402597 0.490625 0.18961038961038962 0.0203125
14 0.3194805194805195 0.3875 0.37922077922077924 0.01875
14 0.5012987012987012 0.75 0.4649350649350649 0.028125
14 0.5012987012987012 0.675 0.35844155844155845 0.0265625
15 0.4987012987012987 0.5828125 0.7662337662337663 0.0640625
14 0.4987012987012987 0.30625 0.2571428571428571 0.0203125
16 0.4987012987012987 0.2375 0.7662337662337663 0.0640625
6 0.06753246753246753 0.0765625 0.033766233766233764 0.0203125
14 0.5012987012987012 0.0796875 0.22857142857142856 0.0390625
18 0.4987012987012987 0.0171875 0.9974025974025974 0.034375
7 0.21818181818181817 0.2375 0.04935064935064935 0.0296875
14 0.5402597402597402 0.2421875 0.3064935064935065 0.0515625
14 0.5012987012987012 0.5875 0.15064935064935064 0.0296875