4 0.36363636363636365 0.5171875 0.7272727272727273 0.9640625
6 0.6805194805194805 0.0640625 0.046753246753246755 0.028125
14 0.38701298701298703 0.11875 0.2831168831168831 0.0375
14 0.34545454545454546 0.1625 0.12987012987012986 0.0171875
6 0.12207792207792208 0.159375 0.17142857142857143 0.103125
9 0.36363636363636365 0.4796875 0.7272727272727273 0.3921875
14 0.0987012987012987 0.3265625 0.11428571428571428 0.025
14 0.2025974025974026 0.3875 0.32727272727272727 0.021875
14 0.22857142857142856 0.44375 0.37662337662337664 0.0234375
14 0.23636363636363636 0.5296875 0.38701298701298703 0.025
14 0.22857142857142856 0.5890625 0.37662337662337664 0.0234375
14 0.23376623376623376 0.6453125 0.38961038961038963 0.025
14 0.36363636363636365 0.9515625 0.12207792207792208 0.01875
18 0.4987012987012987 0.0171875 0.9974025974025974 0.034375
13 0.6441558441558441 0.3859375 0.07792207792207792 0.0296875
13 0.6415584415584416 0.440625 0.07792207792207792 0.0296875
13 0.6415584415584416 0.5875 0.08051948051948052 0.0296875
13 0.6415584415584416 0.64375 0.08051948051948052 0.0296875