17 0.4987012987012987 0.0765625 0.9974025974025974 0.08125
6 0.8285714285714286 0.9546875 0.04935064935064935 0.0296875
9 0.5 0.5375 1 0.73125
7 0.1038961038961039 0.240625 0.17922077922077922 0.1078125
8 0.07792207792207792 0.953125 0.08571428571428572 0.053125
14 0.24675324675324675 0.9671875 0.18441558441558442 0.0140625
14 0.3038961038961039 0.9390625 0.2987012987012987 0.01875
6 0.935064935064935 0.953125 0.04935064935064935 0.0296875
6 0.9558441558441558 0.8796875 0.007792207792207792 0.01875
7 0.1038961038961039 0.88125 0.17922077922077922 0.04375
14 0.34025974025974026 0.78125 0.21558441558441557 0.0265625
6 0.9558441558441558 0.7453125 0.007792207792207792 0.01875
7 0.1038961038961039 0.7796875 0.17922077922077922 0.1078125
14 0.3142857142857143 0.64375 0.16103896103896104 0.0203125
6 0.9558441558441558 0.6109375 0.007792207792207792 0.01875
7 0.1038961038961039 0.6453125 0.17922077922077922 0.1078125
14 0.2831168831168831 0.5109375 0.1012987012987013 0.025
6 0.9558441558441558 0.4765625 0.007792207792207792 0.01875
7 0.1038961038961039 0.5109375 0.17922077922077922 0.1078125
14 0.37402597402597404 0.378125 0.2857142857142857 0.0265625
6 0.9558441558441558 0.3421875 0.007792207792207792 0.01875
7 0.1038961038961039 0.375 0.17922077922077922 0.1078125
14 0.37142857142857144 0.2421875 0.2779220779220779 0.0265625
6 0.9558441558441558 0.2078125 0.007792207792207792 0.01875
14 0.4051948051948052 0.153125 0.7298701298701299 0.0203125
14 0.2675324675324675 0.0765625 0.23896103896103896 0.0234375
6 0.9376623376623376 0.0765625 0.04415584415584416 0.0265625
6 0.06753246753246753 0.0765625 0.046753246753246755 0.0203125
18 0.4987012987012987 0.0171875 0.9974025974025974 0.034375
6 0.07792207792207792 0.953125 0.025974025974025976 0.01875