17 0.5012987012987012 0.0765625 0.9974025974025974 0.08125
5 0.5012987012987012 0.3109375 0.9506493506493506 0.0296875
5 0.4987012987012987 0.1875 0.9324675324675324 0.03125
14 0.1038961038961039 0.303125 0.14285714285714285 0.0140625
14 0.17922077922077922 0.1796875 0.2805194805194805 0.0140625
15 0.4987012987012987 0.50625 0.2857142857142857 0.046875
15 0.4987012987012987 0.4171875 0.9506493506493506 0.0734375
14 0.2545454545454545 0.0765625 0.15844155844155844 0.021875
6 0.06753246753246753 0.0765625 0.04155844155844156 0.025
18 0.4987012987012987 0.0171875 0.9974025974025974 0.034375
14 0.4987012987012987 0.4171875 0.13246753246753246 0.0171875
14 0.5012987012987012 0.50625 0.2051948051948052 0.0109375