17 0.4987012987012987 0.0765625 0.9974025974025974 0.08125
9 0.5 0.515625 1 0.79375
14 0.37402597402597404 0.771875 0.37402597402597404 0.0203125
6 0.8675324675324675 0.8484375 0.19220779220779222 0.021875
6 0.8649350649350649 0.7015625 0.19480519480519481 0.021875
6 0.8675324675324675 0.459375 0.19220779220779222 0.021875
6 0.8649350649350649 0.3140625 0.19480519480519481 0.0203125
6 0.8649350649350649 0.1421875 0.19480519480519481 0.021875
14 0.1974025974025974 0.95625 0.07012987012987013 0.0234375
14 0.08311688311688312 0.95625 0.1012987012987013 0.034375
15 0.8051948051948052 0.95625 0.34025974025974026 0.0578125
14 0.2623376623376623 0.878125 0.15584415584415584 0.0171875
14 0.3038961038961039 0.8515625 0.24155844155844156 0.0171875
7 0.09090909090909091 0.8703125 0.10909090909090909 0.065625
14 0.2623376623376623 0.73125 0.15584415584415584 0.0171875
14 0.2987012987012987 0.703125 0.22337662337662337 0.0171875
6 0.09090909090909091 0.71875 0.10909090909090909 0.0578125
14 0.5428571428571428 0.578125 0.7142857142857143 0.115625
14 0.2623376623376623 0.4890625 0.15584415584415584 0.0171875
14 0.2805194805194805 0.4625 0.19220779220779222 0.015625
6 0.09090909090909091 0.4765625 0.10909090909090909 0.05625
14 0.45714285714285713 0.38125 0.548051948051948 0.0171875
14 0.2623376623376623 0.3421875 0.15584415584415584 0.0171875
14 0.35844155844155845 0.3140625 0.34805194805194806 0.01875
7 0.09090909090909091 0.334375 0.10909090909090909 0.065625
14 0.5428571428571428 0.225 0.7142857142857143 0.04375
14 0.2623376623376623 0.171875 0.15584415584415584 0.0171875
14 0.3142857142857143 0.146875 0.2571428571428571 0.0203125
6 0.09090909090909091 0.159375 0.10909090909090909 0.0578125
6 0.9402597402597402 0.075 0.04415584415584416 0.0265625
14 0.21038961038961038 0.0765625 0.14285714285714285 0.0234375
6 0.07272727272727272 0.071875 0.05714285714285714 0.0328125
18 0.4987012987012987 0.0171875 0.9974025974025974 0.034375
14 0.8077922077922078 0.959375 0.06233766233766234 0.021875