7 0.7428571428571429 0.8890625 0.4623376623376623 0.2203125
7 0.2571428571428571 0.890625 0.45714285714285713 0.21875
15 0.7428571428571429 0.7234375 0.412987012987013 0.0484375
15 0.2545454545454545 0.7234375 0.412987012987013 0.0484375
14 0.6987012987012987 0.6703125 0.04935064935064935 0.0171875
14 0.21038961038961038 0.6703125 0.033766233766233764 0.0171875
14 0.7818181818181819 0.6703125 0.06493506493506493 0.015625
14 0.2857142857142857 0.6703125 0.06493506493506493 0.015625
7 0.7480519480519481 0.503125 0.43896103896103894 0.175
7 0.2571428571428571 0.509375 0.4623376623376623 0.2609375
14 0.4987012987012987 0.3109375 0.32987012987012987 0.01875
14 0.4987012987012987 0.2171875 0.5974025974025974 0.0234375
14 0.4987012987012987 0.146875 0.825974025974026 0.0390625
14 0.9064935064935065 0.0625 0.13766233766233765 0.015625
18 0.4987012987012987 0.0171875 0.9974025974025974 0.034375
14 0.2571428571428571 0.725 0.17922077922077922 0.015625
14 0.7454545454545455 0.725 0.17922077922077922 0.0140625