15 0.7428571428571429 0.9453125 0.45194805194805193 0.0734375
15 0.2571428571428571 0.9453125 0.45194805194805193 0.0734375
7 0.4987012987012987 0.43125 0.8909090909090909 0.4703125
12 0.4987012987012987 0.8546875 0.1012987012987013 0.0140625
14 0.4909090909090909 0.7890625 0.5168831168831168 0.0765625
6 0.9064935064935065 0.090625 0.04415584415584416 0.028125
14 0.4987012987012987 0.0921875 0.15064935064935064 0.0125
18 0.4987012987012987 0.0171875 0.9974025974025974 0.034375
14 0.2571428571428571 0.93125 0.2519480519480519 0.0125
14 0.2571428571428571 0.95625 0.10909090909090909 0.0171875
14 0.7454545454545455 0.93125 0.22597402597402597 0.0125
14 0.7428571428571429 0.95625 0.13246753246753246 0.0171875