14 0.2545454545454545 0.95 0.07532467532467532 0.01875
14 0.3090909090909091 0.5984375 0.5714285714285714 0.021875
14 0.14805194805194805 0.5703125 0.2519480519480519 0.021875
14 0.32987012987012987 0.5140625 0.6155844155844156 0.021875
14 0.14285714285714285 0.4890625 0.23896103896103896 0.021875
14 0.3948051948051948 0.4140625 0.7402597402597403 0.0265625
14 0.16103896103896104 0.3765625 0.2701298701298701 0.025
15 0.7454545454545455 0.95 0.4623376623376623 0.06875
7 0.4987012987012987 0.1734375 0.9974025974025974 0.275
18 0.4987012987012987 0.0171875 0.9974025974025974 0.034375
14 0.7454545454545455 0.95 0.09090909090909091 0.0171875