10 0.4987012987012987 0.5171875 0.8727272727272727 0.9171875
16 0.7116883116883117 0.703125 0.14025974025974025 0.0953125
14 0.7116883116883117 0.7421875 0.14025974025974025 0.015625
16 0.2883116883116883 0.703125 0.15584415584415584 0.09375
14 0.2883116883116883 0.7421875 0.15324675324675324 0.015625
6 0.7116883116883117 0.68125 0.08311688311688312 0.0515625
7 0.2883116883116883 0.6796875 0.07792207792207792 0.0453125
16 0.7116883116883117 0.534375 0.14285714285714285 0.096875
14 0.7116883116883117 0.575 0.14025974025974025 0.0171875
16 0.2883116883116883 0.5375 0.14545454545454545 0.090625
14 0.2883116883116883 0.575 0.14545454545454545 0.015625
7 0.7168831168831169 0.5125 0.07012987012987013 0.0515625
7 0.2883116883116883 0.5125 0.06753246753246753 0.040625
16 0.7142857142857143 0.371875 0.14805194805194805 0.0921875
14 0.7142857142857143 0.4078125 0.14805194805194805 0.0171875
16 0.2883116883116883 0.36875 0.16883116883116883 0.09375
14 0.2883116883116883 0.4078125 0.16883116883116883 0.015625
7 0.7116883116883117 0.3453125 0.06753246753246753 0.040625
7 0.2883116883116883 0.3453125 0.07532467532467532 0.0453125
16 0.7116883116883117 0.203125 0.16363636363636364 0.0984375
14 0.7116883116883117 0.2421875 0.16103896103896104 0.0203125
16 0.2883116883116883 0.2 0.23896103896103896 0.0953125
14 0.2883116883116883 0.240625 0.23896103896103896 0.0171875
7 0.7142857142857143 0.178125 0.08311688311688312 0.0484375
7 0.2883116883116883 0.178125 0.08571428571428572 0.0515625
14 0.18441558441558442 0.1046875 0.12467532467532468 0.021875
18 0.4987012987012987 0.0171875 0.9974025974025974 0.034375