0 0.5 0.5171875 1 0.9625
5 0.4987012987012987 0.5296875 0.9012987012987013 0.065625
5 0.4987012987012987 0.465625 0.9012987012987013 0.065625
14 0.41818181818181815 0.5296875 0.2519480519480519 0.021875
14 0.45714285714285713 0.46875 0.32987012987012987 0.01875
14 0.15844155844155844 0.528125 0.15844155844155844 0.01875
14 0.12467532467532468 0.46875 0.08831168831168831 0.01875
14 0.5012987012987012 0.840625 0.6727272727272727 0.0203125
14 0.5012987012987012 0.775 0.8779220779220779 0.06875
14 0.5012987012987012 0.684375 0.35324675324675325 0.0203125
15 0.7376623376623377 0.6109375 0.4077922077922078 0.0578125
15 0.2727272727272727 0.6109375 0.43116883116883115 0.0578125
16 0.5012987012987012 0.2953125 0.5948051948051948 0.059375
16 0.5012987012987012 0.203125 0.5948051948051948 0.059375
14 0.4987012987012987 0.3890625 0.548051948051948 0.025
18 0.4987012987012987 0.0171875 0.9974025974025974 0.034375
14 0.2753246753246753 0.6140625 0.09610389610389611 0.015625
14 0.7376623376623377 0.6125 0.07532467532467532 0.0140625
14 0.4805194805194805 0.2984375 0.11428571428571428 0.01875
14 0.5428571428571428 0.20625 0.36363636363636365 0.0203125
7 0.2519480519480519 0.203125 0.05454545454545454 0.021875
7 0.24415584415584415 0.2953125 0.033766233766233764 0.021875