4 0.36883116883116884 0.515625 0.7376623376623377 0.9671875
14 0.22597402597402597 0.225 0.37922077922077924 0.021875
14 0.13246753246753246 0.1984375 0.18701298701298702 0.021875
9 0.36883116883116884 0.4390625 0.7376623376623377 0.375
14 0.2883116883116883 0.5796875 0.22857142857142856 0.021875
14 0.2883116883116883 0.5078125 0.22857142857142856 0.01875
14 0.23896103896103896 0.4390625 0.12727272727272726 0.0203125
14 0.3142857142857143 0.3703125 0.2779220779220779 0.021875
14 0.35064935064935066 0.3 0.35064935064935066 0.021875
6 0.06753246753246753 0.578125 0.04935064935064935 0.0296875
6 0.06753246753246753 0.5078125 0.04935064935064935 0.0296875
6 0.06753246753246753 0.4375 0.04935064935064935 0.0296875
6 0.06753246753246753 0.3671875 0.05194805194805195 0.025
6 0.06753246753246753 0.2984375 0.02857142857142857 0.028125
6 0.6701298701298701 0.209375 0.023376623376623377 0.0078125
6 0.11688311688311688 0.1046875 0.15584415584415584 0.0953125
18 0.4987012987012987 0.0171875 0.9974025974025974 0.034375