17 0.4987012987012987 0.0765625 0.9974025974025974 0.0796875
9 0.5 0.359375 1 0.35625
14 0.3168831168831169 0.2859375 0.2831168831168831 0.01875
14 0.2883116883116883 0.359375 0.22597402597402597 0.0234375
14 0.37402597402597404 0.43125 0.4 0.0234375
9 0.5 0.8375 1 0.2875
14 0.3012987012987013 0.94375 0.2545454545454545 0.01875
6 0.06753246753246753 0.9390625 0.05194805194805195 0.0296875
14 0.22337662337662337 0.8703125 0.09350649350649351 0.01875
6 0.06753246753246753 0.86875 0.04935064935064935 0.025
14 0.3220779220779221 0.803125 0.2909090909090909 0.025
6 0.06753246753246753 0.7984375 0.046753246753246755 0.034375
14 0.21558441558441557 0.73125 0.08051948051948052 0.01875
6 0.06753246753246753 0.728125 0.04935064935064935 0.0296875
14 0.12207792207792208 0.6625 0.16363636363636364 0.015625
14 0.22337662337662337 0.5734375 0.36623376623376624 0.0171875
14 0.522077922077922 0.503125 0.6909090909090909 0.021875
6 0.06753246753246753 0.5015625 0.04415584415584416 0.0265625
6 0.06753246753246753 0.4296875 0.04415584415584416 0.0265625
6 0.07012987012987013 0.3578125 0.04415584415584416 0.0265625
6 0.06753246753246753 0.2859375 0.04415584415584416 0.0265625
14 0.535064935064935 0.215625 0.7220779220779221 0.021875
6 0.06753246753246753 0.2140625 0.04415584415584416 0.0265625
14 0.22597402597402597 0.0796875 0.09610389610389611 0.0296875
6 0.9454545454545454 0.0765625 0.01038961038961039 0.025
6 0.8415584415584415 0.0765625 0.04415584415584416 0.0265625
14 0.0987012987012987 0.15 0.11948051948051948 0.021875
6 0.06753246753246753 0.0765625 0.03636363636363636 0.021875
18 0.4987012987012987 0.0171875 0.9974025974025974 0.034375