17 0.4987012987012987 0.0703125 0.9974025974025974 0.06875
11 0.4987012987012987 0.140625 0.9974025974025974 0.0703125
5 0.4987012987012987 0.6015625 0.7142857142857143 0.03125
5 0.4987012987012987 0.4984375 0.7142857142857143 0.03125
14 0.23896103896103896 0.5953125 0.14285714285714285 0.01875
14 0.24155844155844156 0.4921875 0.15064935064935064 0.01875
15 0.4987012987012987 0.6953125 0.7974025974025974 0.059375
14 0.4987012987012987 0.7765625 0.23376623376623376 0.0203125
7 0.7896103896103897 0.3 0.2909090909090909 0.13125
14 0.7194805194805195 0.140625 0.12987012987012986 0.01875
14 0.2805194805194805 0.140625 0.08051948051948052 0.01875
6 0.03896103896103896 0.0703125 0.01818181818181818 0.0203125
14 0.14025974025974025 0.071875 0.11948051948051948 0.01875
18 0.4987012987012987 0.0171875 0.9974025974025974 0.034375
14 0.5012987012987012 0.6953125 0.08831168831168831 0.01875