0 0.4987012987012987 0.5171875 0.9974025974025974 0.9640625
14 0.5428571428571428 0.940625 0.43896103896103894 0.0203125
6 0.2597402597402597 0.9375 0.04935064935064935 0.0296875
15 0.7506493506493507 0.846875 0.42337662337662335 0.059375
15 0.24935064935064935 0.846875 0.42077922077922075 0.0578125
14 0.45194805194805193 0.7171875 0.8311688311688312 0.0671875
14 0.9194805194805195 0.0796875 0.08051948051948052 0.0265625
14 0.17922077922077922 0.634375 0.2805194805194805 0.0265625
18 0.4987012987012987 0.0171875 0.9974025974025974 0.034375
14 0.2519480519480519 0.8484375 0.17662337662337663 0.01875
14 0.7506493506493507 0.8515625 0.11428571428571428 0.025