5 0.5012987012987012 0.3171875 0.9454545454545454 0.0671875
5 0.4987012987012987 0.2375 0.9454545454545454 0.0671875
14 0.15324675324675324 0.3171875 0.17662337662337663 0.01875
14 0.15324675324675324 0.2375 0.17922077922077922 0.0171875
14 0.6077922077922078 0.9703125 0.05974025974025974 0.0171875
14 0.45454545454545453 0.9703125 0.18441558441558442 0.0171875
16 0.2597402597402597 0.6609375 0.4649350649350649 0.071875
16 0.7402597402597403 0.6609375 0.4649350649350649 0.071875
14 0.7922077922077922 0.525 0.10909090909090909 0.01875
14 0.42857142857142855 0.525 0.5454545454545454 0.0203125
15 0.4987012987012987 0.4171875 0.9454545454545454 0.0796875
14 0.4987012987012987 0.13125 0.37402597402597404 0.0421875
6 0.046753246753246755 0.078125 0.033766233766233764 0.034375
14 0.17402597402597403 0.5953125 0.2857142857142857 0.021875
18 0.4987012987012987 0.0171875 0.9974025974025974 0.034375
14 0.5012987012987012 0.421875 0.14545454545454545 0.028125
14 0.23636363636363636 0.6625 0.16103896103896104 0.0171875
14 0.6701298701298701 0.6625 0.06753246753246753 0.01875
7 0.5688311688311688 0.6609375 0.06233766233766234 0.0359375
6 0.08831168831168831 0.6609375 0.03116883116883117 0.03125