4 0.38961038961038963 0.5171875 0.7766233766233767 0.9625
14 0.12727272727272726 0.1578125 0.17402597402597403 0.01875
9 0.38961038961038963 0.571875 0.7766233766233767 0.696875
14 0.18701298701298702 0.1875 0.2961038961038961 0.01875
6 0.7298701298701299 0.190625 0.02077922077922078 0.0203125
6 0.11168831168831168 0.1015625 0.14805194805194805 0.0875
14 0.3142857142857143 0.2578125 0.2727272727272727 0.0171875
14 0.2961038961038961 0.3296875 0.23376623376623376 0.0203125
14 0.2727272727272727 0.4 0.18961038961038962 0.0203125
14 0.2545454545454545 0.4703125 0.15324675324675324 0.0203125
14 0.23376623376623376 0.5375 0.11168831168831168 0.0171875
14 0.23376623376623376 0.60625 0.11688311688311688 0.0171875
14 0.24675324675324675 0.6765625 0.14025974025974025 0.0171875
14 0.2753246753246753 0.746875 0.19480519480519481 0.0171875
14 0.23896103896103896 0.81875 0.12467532467532468 0.021875
14 0.2519480519480519 0.8859375 0.14805194805194805 0.0171875
6 0.07012987012987013 0.8859375 0.04415584415584416 0.0265625
6 0.07012987012987013 0.815625 0.04415584415584416 0.0265625
6 0.07012987012987013 0.746875 0.04155844155844156 0.0265625
6 0.07012987012987013 0.6765625 0.04415584415584416 0.025
6 0.07012987012987013 0.60625 0.04415584415584416 0.0171875
6 0.07012987012987013 0.5375 0.046753246753246755 0.0171875
6 0.07012987012987013 0.4671875 0.04415584415584416 0.0265625
6 0.06753246753246753 0.396875 0.023376623376623377 0.0265625
6 0.07012987012987013 0.328125 0.033766233766233764 0.0265625
6 0.06753246753246753 0.2578125 0.04415584415584416 0.025
18 0.4987012987012987 0.0171875 0.9974025974025974 0.034375