17 0.5012987012987012 0.0765625 0.9948051948051948 0.08125
14 0.5584415584415584 0.95 0.3948051948051948 0.0171875
6 0.3012987012987013 0.95 0.05714285714285714 0.0265625
16 0.5012987012987012 0.8328125 0.8831168831168831 0.0703125
16 0.5012987012987012 0.746875 0.8831168831168831 0.0703125
14 0.5012987012987012 0.9 0.03116883116883117 0.0125
14 0.5012987012987012 0.48125 0.36103896103896105 0.04375
7 0.4987012987012987 0.378125 0.14805194805194805 0.1078125
14 0.24675324675324675 0.0796875 0.14545454545454545 0.0296875
6 0.06753246753246753 0.0765625 0.03896103896103896 0.0234375
14 0.4987012987012987 0.66875 0.2 0.0265625
18 0.4987012987012987 0.0171875 0.9974025974025974 0.034375
6 0.11948051948051948 0.746875 0.046753246753246755 0.028125
6 0.10909090909090909 0.83125 0.025974025974025976 0.0296875
14 0.5038961038961038 0.7484375 0.17662337662337663 0.021875
14 0.5012987012987012 0.8328125 0.22857142857142856 0.0203125