0 0.4987012987012987 0.4734375 0.9974025974025974 0.878125
14 0.4961038961038961 0.5796875 0.5454545454545454 0.03125
14 0.4987012987012987 0.70625 0.8935064935064935 0.0890625
7 0.2545454545454545 0.115625 0.09610389610389611 0.0578125
14 0.5584415584415584 0.1171875 0.4649350649350649 0.05
12 0.4961038961038961 0.8625 0.14285714285714285 0.0140625
15 0.24935064935064935 0.95625 0.4987012987012987 0.0859375
15 0.7506493506493507 0.95625 0.4987012987012987 0.0859375
18 0.4987012987012987 0.0171875 0.9974025974025974 0.034375
14 0.24935064935064935 0.9609375 0.15844155844155844 0.03125
14 0.7506493506493507 0.9609375 0.17402597402597403 0.0296875