0 0.4987012987012987 0.5171875 0.9974025974025974 0.9625
14 0.4987012987012987 0.171875 0.24675324675324675 0.05
14 0.5012987012987012 0.4484375 0.787012987012987 0.0859375
12 0.4961038961038961 0.5390625 0.09610389610389611 0.0140625
16 0.4987012987012987 0.640625 0.8467532467532467 0.0640625
16 0.4987012987012987 0.7203125 0.8493506493506493 0.065625
15 0.4987012987012987 0.7984375 0.8493506493506493 0.065625
14 0.7272727272727273 0.8828125 0.09350649350649351 0.021875
14 0.43376623376623374 0.88125 0.41818181818181815 0.021875
18 0.4987012987012987 0.0171875 0.9974025974025974 0.034375
14 0.5012987012987012 0.6453125 0.36103896103896105 0.021875
14 0.5012987012987012 0.7234375 0.33506493506493507 0.021875
14 0.5012987012987012 0.803125 0.3220779220779221 0.021875
7 0.12987012987012986 0.7203125 0.046753246753246755 0.028125
6 0.12987012987012986 0.6421875 0.025974025974025976 0.028125