4 0.37142857142857144 0.5171875 0.7402597402597403 0.9625
6 0.11688311688311688 0.1234375 0.15844155844155844 0.09375
14 0.14025974025974025 0.2140625 0.1974025974025974 0.0203125
9 0.37142857142857144 0.5234375 0.7402597402597403 0.5453125
14 0.3064935064935065 0.3015625 0.2597402597402597 0.01875
14 0.32987012987012987 0.3734375 0.3038961038961039 0.0234375
14 0.21558441558441557 0.4703125 0.07532467532467532 0.0234375
14 0.2571428571428571 0.5375 0.16103896103896104 0.01875
14 0.24155844155844156 0.609375 0.12467532467532468 0.0234375
14 0.2545454545454545 0.678125 0.15584415584415584 0.0203125
14 0.24935064935064935 0.75 0.14545454545454545 0.0234375
14 0.2597402597402597 0.890625 0.16623376623376623 0.0234375
14 0.08311688311688312 0.834375 0.08311688311688312 0.0234375
6 0.07012987012987013 0.8875 0.03636363636363636 0.021875
6 0.07012987012987013 0.746875 0.04935064935064935 0.0296875
6 0.07012987012987013 0.675 0.04415584415584416 0.03125
6 0.06753246753246753 0.60625 0.05454545454545454 0.0265625
6 0.07012987012987013 0.5359375 0.04935064935064935 0.028125
6 0.07012987012987013 0.465625 0.046753246753246755 0.028125
6 0.07012987012987013 0.3703125 0.03636363636363636 0.021875
6 0.06753246753246753 0.3015625 0.03896103896103896 0.021875
18 0.4987012987012987 0.0171875 0.9974025974025974 0.034375