9 0.5 0.55859375 1 0.8796875
17 0.4987012987012987 0.0765625 0.9974025974025974 0.08125
14 0.41818181818181815 0.990625 0.7558441558441559 0.0171875
14 0.22857142857142856 0.9640625 0.37402597402597404 0.021875
14 0.2935064935064935 0.884375 0.5064935064935064 0.0203125
14 0.22857142857142856 0.85625 0.37922077922077924 0.0234375
14 0.16363636363636364 0.8 0.24415584415584415 0.015625
14 0.11948051948051948 0.7234375 0.15844155844155844 0.015625
14 0.19480519480519481 0.6953125 0.3116883116883117 0.021875
14 0.1012987012987013 0.615625 0.11688311688311688 0.0171875
14 0.17662337662337663 0.5875 0.2727272727272727 0.0234375
14 0.11688311688311688 0.5078125 0.15584415584415584 0.015625
14 0.18701298701298702 0.478125 0.2909090909090909 0.01875
14 0.2987012987012987 0.4 0.5168831168831168 0.0234375
14 0.09610389610389611 0.31875 0.10909090909090909 0.015625
14 0.17142857142857143 0.290625 0.2649350649350649 0.01875
14 0.12987012987012986 0.209375 0.17662337662337663 0.01875
14 0.11428571428571428 0.1546875 0.14805194805194805 0.015625
14 0.2649350649350649 0.0796875 0.17662337662337663 0.028125
6 0.06753246753246753 0.0765625 0.03896103896103896 0.0234375
18 0.4987012987012987 0.0171875 0.9974025974025974 0.034375
13 0.8935064935064935 0.209375 0.08051948051948052 0.0296875
13 0.9142857142857143 0.8671875 0.08051948051948052 0.0296875
13 0.9142857142857143 0.975 0.08051948051948052 0.0296875