4 0.2909090909090909 0.5171875 0.5818181818181818 0.9640625
6 0.9324675324675324 0.0765625 0.05714285714285714 0.040625
9 0.2909090909090909 0.3671875 0.5818181818181818 0.6640625
14 0.2 0.06875 0.1012987012987013 0.0171875
14 0.24935064935064935 0.1375 0.2025974025974026 0.0234375
14 0.24935064935064935 0.2015625 0.2025974025974026 0.01875
14 0.2519480519480519 0.2703125 0.21298701298701297 0.021875
14 0.23636363636363636 0.334375 0.17922077922077922 0.01875
14 0.19480519480519481 0.403125 0.09350649350649351 0.021875
14 0.2779220779220779 0.4703125 0.2597402597402597 0.021875
14 0.2987012987012987 0.534375 0.3012987012987013 0.01875
14 0.21818181818181817 0.603125 0.14285714285714285 0.021875
14 0.2077922077922078 0.6703125 0.11948051948051948 0.021875
6 0.07272727272727272 0.665625 0.05454545454545454 0.0375
6 0.07272727272727272 0.5984375 0.05974025974025974 0.0359375
6 0.07272727272727272 0.5328125 0.06233766233766234 0.0359375
6 0.07272727272727272 0.465625 0.05194805194805195 0.0359375
6 0.07272727272727272 0.4 0.07012987012987013 0.0359375
6 0.07272727272727272 0.334375 0.06233766233766234 0.0359375
6 0.07272727272727272 0.2671875 0.04415584415584416 0.0359375
6 0.07272727272727272 0.2 0.06233766233766234 0.0375
6 0.07272727272727272 0.134375 0.07532467532467532 0.0375
6 0.07272727272727272 0.06875 0.06753246753246753 0.0375
18 0.4987012987012987 0.0171875 0.9974025974025974 0.034375