4 0.36883116883116884 0.51875 0.7350649350649351 0.959375
14 0.22597402597402597 0.2265625 0.37922077922077924 0.021875
14 0.13246753246753246 0.1984375 0.18701298701298702 0.021875
9 0.36883116883116884 0.4359375 0.7350649350649351 0.3671875
14 0.2883116883116883 0.5796875 0.22597402597402597 0.021875
14 0.2883116883116883 0.5078125 0.22597402597402597 0.0171875
14 0.23636363636363636 0.4390625 0.12467532467532468 0.0203125
14 0.3142857142857143 0.3703125 0.2753246753246753 0.0203125
14 0.35064935064935066 0.3 0.35064935064935066 0.0203125
6 0.06753246753246753 0.578125 0.04935064935064935 0.0296875
6 0.06753246753246753 0.50625 0.04935064935064935 0.0296875
6 0.06753246753246753 0.4375 0.04935064935064935 0.0296875
6 0.06753246753246753 0.3671875 0.04935064935064935 0.0234375
6 0.06753246753246753 0.2984375 0.02857142857142857 0.028125
6 0.6701298701298701 0.209375 0.023376623376623377 0.009375
6 0.11688311688311688 0.1046875 0.15584415584415584 0.09375
18 0.4987012987012987 0.0171875 0.9974025974025974 0.034375