17 0.4987012987012987 0.0765625 0.9974025974025974 0.08125
9 0.5 0.284375 1 0.33125
14 0.44415584415584414 0.3390625 0.5844155844155844 0.0203125
14 0.2025974025974026 0.403125 0.1012987012987013 0.01875
6 0.06753246753246753 0.403125 0.04935064935064935 0.0296875
6 0.06753246753246753 0.3203125 0.03636363636363636 0.0328125
14 0.22337662337662337 0.309375 0.14285714285714285 0.0234375
14 0.2779220779220779 0.2390625 0.2519480519480519 0.01875
6 0.06753246753246753 0.2390625 0.04415584415584416 0.0265625
14 0.2623376623376623 0.159375 0.21818181818181817 0.01875
6 0.06753246753246753 0.1578125 0.04155844155844156 0.0296875
14 0.2649350649350649 0.0796875 0.17922077922077922 0.0296875
6 0.06753246753246753 0.075 0.04935064935064935 0.021875
18 0.4987012987012987 0.0171875 0.9974025974025974 0.034375