5 0.5116883116883116 0.171875 0.9194805194805195 0.0296875
5 0.5116883116883116 0.265625 0.9194805194805195 0.0359375
5 0.5064935064935064 0.365625 0.9194805194805195 0.0359375
17 0.4987012987012987 0.06875 0.9974025974025974 0.0671875
14 0.15324675324675324 0.359375 0.2077922077922078 0.021875
14 0.2051948051948052 0.259375 0.2987012987012987 0.021875
14 0.11428571428571428 0.165625 0.11428571428571428 0.0203125
6 0.935064935064935 0.359375 0.05454545454545454 0.021875
14 0.18181818181818182 0.0703125 0.33246753246753247 0.0234375
14 0.5012987012987012 0.51875 0.06493506493506493 0.0265625
15 0.4987012987012987 0.4484375 0.9324675324675324 0.059375
16 0.4987012987012987 0.5796875 0.935064935064935 0.065625
16 0.4987012987012987 0.6546875 0.935064935064935 0.065625
6 0.06233766233766234 0.9625 0.07272727272727272 0.0375
18 0.4987012987012987 0.0171875 0.9974025974025974 0.034375
14 0.5012987012987012 0.446875 0.4103896103896104 0.0203125
14 0.4025974025974026 0.58125 0.3948051948051948 0.021875
14 0.38701298701298703 0.6578125 0.36883116883116884 0.0234375
6 0.0987012987012987 0.5828125 0.04415584415584416 0.0515625
6 0.11168831168831168 0.6546875 0.07012987012987013 0.0421875