4 0.38961038961038963 0.5171875 0.7766233766233767 0.9640625
7 0.09610389610389611 0.096875 0.14805194805194805 0.0875
14 0.4701298701298701 0.1 0.548051948051948 0.03125
9 0.3922077922077922 0.3828125 0.7818181818181819 0.446875
6 0.06753246753246753 0.20625 0.05714285714285714 0.034375
14 0.2779220779220779 0.20625 0.2 0.01875
6 0.06753246753246753 0.2765625 0.05714285714285714 0.034375
14 0.3116883116883117 0.2765625 0.2727272727272727 0.01875
6 0.06753246753246753 0.346875 0.05714285714285714 0.03125
14 0.2935064935064935 0.346875 0.23376623376623376 0.01875
6 0.06753246753246753 0.415625 0.05714285714285714 0.0296875
14 0.2675324675324675 0.4171875 0.18961038961038962 0.01875
6 0.06753246753246753 0.4875 0.05714285714285714 0.0296875
14 0.3142857142857143 0.490625 0.2779220779220779 0.0234375
6 0.06753246753246753 0.5578125 0.05714285714285714 0.028125
14 0.2935064935064935 0.5609375 0.23376623376623376 0.0234375
14 0.12467532467532468 0.64375 0.16623376623376623 0.021875
3 0.2571428571428571 0.7109375 0.43636363636363634 0.034375
14 0.3246753246753247 0.7140625 0.2987012987012987 0.0234375
6 0.06753246753246753 0.7828125 0.05714285714285714 0.028125
14 0.2675324675324675 0.784375 0.18701298701298702 0.0234375
14 0.23376623376623376 0.8515625 0.11428571428571428 0.01875
14 0.11168831168831168 0.9359375 0.14545454545454545 0.0171875
18 0.4987012987012987 0.0171875 0.9974025974025974 0.034375