17 0.4987012987012987 0.0765625 0.9974025974025974 0.08125
14 0.16883116883116883 0.9421875 0.2623376623376623 0.021875
14 0.17662337662337663 0.878125 0.2727272727272727 0.0265625
9 0.5 0.32890625 1 0.4234375
14 0.42597402597402595 0.4953125 0.7766233766233767 0.01875
14 0.10909090909090909 0.4625 0.14545454545454545 0.021875
14 0.4025974025974026 0.4 0.7272727272727273 0.0234375
14 0.1012987012987013 0.3671875 0.12207792207792208 0.0265625
14 0.412987012987013 0.303125 0.7506493506493507 0.0234375
14 0.11168831168831168 0.2671875 0.15064935064935064 0.021875
14 0.23636363636363636 0.81875 0.3948051948051948 0.0296875
14 0.412987012987013 0.7046875 0.7480519480519481 0.0578125
14 0.2545454545454545 0.65625 0.42857142857142855 0.0265625
14 0.18961038961038962 0.5921875 0.3038961038961039 0.025
14 0.42077922077922075 0.1890625 0.7636363636363637 0.05625
14 0.24155844155844156 0.140625 0.4051948051948052 0.0265625
14 0.4051948051948052 0.0796875 0.5116883116883116 0.0328125
6 0.06753246753246753 0.0765625 0.03896103896103896 0.0234375
18 0.4987012987012987 0.0171875 0.9974025974025974 0.034375
13 0.8857142857142857 0.16875 0.07792207792207792 0.0296875
13 0.8675324675324675 0.2828125 0.08051948051948052 0.0296875
13 0.8675324675324675 0.3796875 0.08051948051948052 0.03125
13 0.8675324675324675 0.4765625 0.08051948051948052 0.03125
13 0.8857142857142857 0.684375 0.08051948051948052 0.0296875