0 0.4987012987012987 0.5171875 0.9974025974025974 0.9640625
14 0.5012987012987012 0.7078125 0.6571428571428571 0.0265625
14 0.4987012987012987 0.9203125 0.08051948051948052 0.021875
12 0.4987012987012987 0.965625 0.07012987012987013 0.0109375
16 0.2675324675324675 0.83125 0.3168831168831169 0.059375
16 0.7324675324675325 0.83125 0.3168831168831169 0.059375
7 0.21818181818181817 0.0734375 0.33766233766233766 0.046875
18 0.4987012987012987 0.0171875 0.9974025974025974 0.034375
6 0.15844155844155844 0.83125 0.023376623376623377 0.0296875
6 0.6337662337662338 0.83125 0.04415584415584416 0.028125
14 0.2987012987012987 0.8328125 0.16363636363636364 0.0171875
14 0.7610389610389611 0.834375 0.14805194805194805 0.0234375