10 0.4987012987012987 0.5171875 0.9688311688311688 0.6515625
5 0.6831168831168831 0.5515625 0.5532467532467532 0.0578125
5 0.6831168831168831 0.4578125 0.5532467532467532 0.1140625
5 0.6831168831168831 0.2984375 0.5506493506493506 0.0578125
5 0.6831168831168831 0.3640625 0.5532467532467532 0.059375
14 0.522077922077922 0.4296875 0.17402597402597403 0.0171875
14 0.4675324675324675 0.3671875 0.07012987012987013 0.021875
14 0.522077922077922 0.2984375 0.17662337662337663 0.0171875
8 0.9064935064935065 0.94375 0.13506493506493505 0.0828125
17 0.5 0.071875 1 0.06875
6 0.948051948051948 0.071875 0.05454545454545454 0.0328125
15 0.6077922077922078 0.071875 0.21818181818181817 0.04375
15 0.38961038961038963 0.071875 0.21558441558441557 0.04375
6 0.04935064935064935 0.071875 0.04935064935064935 0.0171875
16 0.5012987012987012 0.61875 0.9194805194805195 0.0578125
14 0.22597402597402597 0.8171875 0.37142857142857144 0.021875
15 0.4987012987012987 0.7578125 0.9194805194805195 0.0578125
15 0.7324675324675325 0.684375 0.45454545454545453 0.0578125
15 0.2675324675324675 0.684375 0.45454545454545453 0.0578125
8 0.22337662337662337 0.425 0.23896103896103896 0.1453125
14 0.4987012987012987 0.225 0.35064935064935066 0.028125
18 0.4987012987012987 0.0171875 0.9974025974025974 0.034375
6 0.9064935064935065 0.94375 0.05974025974025974 0.034375
14 0.4987012987012987 0.759375 0.2649350649350649 0.0234375
14 0.6675324675324675 0.553125 0.4649350649350649 0.021875
14 0.32987012987012987 0.6203125 0.34545454545454546 0.0203125
14 0.2675324675324675 0.684375 0.08311688311688312 0.01875
14 0.7350649350649351 0.684375 0.12467532467532468 0.01875
7 0.0987012987012987 0.61875 0.04935064935064935 0.0203125
6 0.22337662337662337 0.425 0.0987012987012987 0.0578125
14 0.3922077922077922 0.0734375 0.12987012987012986 0.021875
14 0.6103896103896104 0.075 0.11948051948051948 0.021875