10 0.4987012987012987 0.5171875 0.8701298701298701 0.6375
14 0.24675324675324675 0.8953125 0.34025974025974026 0.0203125
14 0.812987012987013 0.796875 0.12727272727272726 0.0140625
9 0.4701298701298701 0.50625 0.7688311688311689 0.440625
7 0.14545454545454545 0.6953125 0.09350649350649351 0.05625
7 0.14545454545454545 0.6015625 0.08571428571428572 0.0640625
7 0.14545454545454545 0.5078125 0.1038961038961039 0.0625
7 0.14545454545454545 0.415625 0.10909090909090909 0.059375
7 0.14805194805194805 0.321875 0.11688311688311688 0.06875
14 0.34805194805194806 0.696875 0.22857142857142856 0.0265625
14 0.535064935064935 0.603125 0.6311688311688312 0.025
14 0.3948051948051948 0.509375 0.33246753246753247 0.0265625
14 0.36103896103896105 0.4203125 0.2545454545454545 0.03125
14 0.34545454545454546 0.321875 0.22077922077922077 0.025
14 0.2571428571428571 0.246875 0.2649350649350649 0.028125
18 0.4987012987012987 0.0171875 0.9974025974025974 0.034375