0 0.4987012987012987 0.5171875 0.9974025974025974 0.9640625
14 0.4987012987012987 0.2640625 0.574025974025974 0.071875
14 0.5012987012987012 0.3609375 0.587012987012987 0.0515625
12 0.4987012987012987 0.921875 0.05454545454545454 0.0109375
15 0.7168831168831169 0.8046875 0.4077922077922078 0.0609375
15 0.2831168831168831 0.8046875 0.4103896103896104 0.0609375
15 0.4987012987012987 0.7296875 0.8415584415584415 0.0609375
14 0.2831168831168831 0.8828125 0.2545454545454545 0.0203125
14 0.7168831168831169 0.88125 0.22597402597402597 0.0171875
18 0.4987012987012987 0.0171875 0.9974025974025974 0.034375
14 0.5012987012987012 0.7328125 0.2961038961038961 0.0203125
14 0.2831168831168831 0.80625 0.14805194805194805 0.015625
14 0.7168831168831169 0.80625 0.10909090909090909 0.015625