0 0.4987012987012987 0.5171875 0.9974025974025974 0.9640625
5 0.4987012987012987 0.2703125 0.7610389610389611 0.0375
5 0.4987012987012987 0.3359375 0.7610389610389611 0.04375
14 0.21558441558441557 0.325 0.18441558441558442 0.01875
14 0.16883116883116883 0.2609375 0.08831168831168831 0.0171875
7 0.16103896103896104 0.95625 0.06233766233766234 0.0390625
14 0.2909090909090909 0.95625 0.15844155844155844 0.0171875
14 0.7896103896103897 0.9578125 0.11428571428571428 0.021875
7 0.6831168831168831 0.9546875 0.06493506493506493 0.0375
6 0.05454545454545454 0.0703125 0.02857142857142857 0.0265625
14 0.4987012987012987 0.0765625 0.11948051948051948 0.025
14 0.8493506493506493 0.0734375 0.2519480519480519 0.0171875
14 0.7506493506493507 0.384375 0.2571428571428571 0.01875
15 0.4987012987012987 0.8390625 0.7584415584415585 0.0765625
14 0.4987012987012987 0.90625 0.21558441558441557 0.01875
18 0.4987012987012987 0.0171875 0.9974025974025974 0.034375
14 0.5012987012987012 0.8421875 0.1038961038961039 0.0203125