2 0.5012987012987012 0.403125 0.948051948051948 0.528125
2 0.4987012987012987 0.8734375 0.9506493506493506 0.10625
2 0.5012987012987012 0.74375 0.9506493506493506 0.11875
17 0.4987012987012987 0.08125 0.9974025974025974 0.08125
14 0.34545454545454546 0.078125 0.2051948051948052 0.0203125
14 0.6597402597402597 0.8796875 0.5064935064935064 0.0734375
14 0.6649350649350649 0.746875 0.5194805194805194 0.0765625
14 0.4935064935064935 0.59375 0.8519480519480519 0.0984375
7 0.2 0.871875 0.35064935064935066 0.10625
7 0.2 0.74375 0.35064935064935066 0.11875
7 0.5012987012987012 0.3265625 0.9454545454545454 0.375
7 0.2 0.08125 0.04935064935064935 0.0296875
7 0.9324675324675324 0.0796875 0.06233766233766234 0.034375
7 0.8051948051948052 0.08125 0.07792207792207792 0.046875
6 0.06753246753246753 0.0796875 0.046753246753246755 0.0203125
18 0.4987012987012987 0.0171875 0.9974025974025974 0.034375