4 0.2909090909090909 0.5578125 0.5818181818181818 0.88125
17 0.4987012987012987 0.0765625 0.9974025974025974 0.08125
14 0.3194805194805195 0.0796875 0.34545454545454546 0.0296875
6 0.06753246753246753 0.075 0.04155844155844156 0.0234375
9 0.2909090909090909 0.296875 0.5818181818181818 0.35625
14 0.21818181818181817 0.1546875 0.13246753246753246 0.0203125
14 0.34285714285714286 0.2234375 0.38181818181818183 0.021875
14 0.2831168831168831 0.29375 0.2675324675324675 0.0203125
14 0.2077922077922078 0.3625 0.11688311688311688 0.0171875
14 0.19480519480519481 0.43125 0.09090909090909091 0.0171875
6 0.06753246753246753 0.43125 0.04935064935064935 0.0296875
6 0.06753246753246753 0.3609375 0.04155844155844156 0.0296875
6 0.06493506493506493 0.2921875 0.04935064935064935 0.0296875
6 0.06753246753246753 0.221875 0.05194805194805195 0.0296875
6 0.06753246753246753 0.1515625 0.04935064935064935 0.0296875
18 0.4987012987012987 0.0171875 0.9974025974025974 0.034375