7 0.8181818181818182 0.871875 0.3064935064935065 0.0921875
7 0.18181818181818182 0.871875 0.3064935064935065 0.0921875
7 0.8181818181818182 0.7203125 0.3064935064935065 0.2
7 0.4987012987012987 0.7203125 0.3064935064935065 0.2
7 0.18181818181818182 0.7203125 0.3064935064935065 0.2
7 0.8155844155844156 0.5125 0.3064935064935065 0.2
7 0.4987012987012987 0.5125 0.3064935064935065 0.2
7 0.18441558441558442 0.5140625 0.3064935064935065 0.2
7 0.8181818181818182 0.30625 0.3064935064935065 0.2
7 0.5012987012987012 0.30625 0.3064935064935065 0.2
7 0.18181818181818182 0.30625 0.3064935064935065 0.2015625
14 0.8181818181818182 0.8984375 0.2077922077922078 0.021875
14 0.18441558441558442 0.896875 0.13506493506493505 0.015625
15 0.5012987012987012 0.959375 0.36363636363636365 0.0515625
14 0.8181818181818182 0.690625 0.08831168831168831 0.015625
14 0.4987012987012987 0.6921875 0.16883116883116883 0.05
14 0.18181818181818182 0.690625 0.14285714285714285 0.04375
14 0.8181818181818182 0.484375 0.14285714285714285 0.0421875
14 0.5012987012987012 0.484375 0.23636363636363636 0.0171875
14 0.18181818181818182 0.484375 0.15064935064935064 0.04375
14 0.8155844155844156 0.278125 0.0987012987012987 0.015625
14 0.4987012987012987 0.278125 0.06233766233766234 0.0140625
14 0.18181818181818182 0.278125 0.15064935064935064 0.015625
14 0.4623376623376623 0.15625 0.8753246753246753 0.05625
17 0.5 0.06875 1 0.071875
14 0.4987012987012987 0.0734375 0.23116883116883116 0.025
14 0.9298701298701298 0.0703125 0.09350649350649351 0.01875
6 0.06233766233766234 0.0703125 0.03116883116883117 0.03125
18 0.4987012987012987 0.015625 0.9974025974025974 0.03125
14 0.5012987012987012 0.9609375 0.09090909090909091 0.0171875