4 0.34025974025974026 0.5171875 0.6779220779220779 0.9640625
14 0.34025974025974026 0.146875 0.2545454545454545 0.034375
7 0.34025974025974026 0.1109375 0.04155844155844156 0.0265625
7 0.34025974025974026 0.1484375 0.6805194805194805 0.2265625
14 0.22077922077922077 0.3109375 0.08831168831168831 0.0171875
9 0.34025974025974026 0.50625 0.6779220779220779 0.29375
14 0.16103896103896104 0.39375 0.23896103896103896 0.0171875
14 0.2753246753246753 0.4640625 0.2 0.0171875
14 0.2805194805194805 0.5359375 0.21558441558441557 0.0203125
14 0.3194805194805195 0.6046875 0.2883116883116883 0.0171875
9 0.34025974025974026 0.8 0.6779220779220779 0.2875
14 0.08311688311688312 0.7 0.08831168831168831 0.0171875
14 0.07272727272727272 0.7703125 0.06753246753246753 0.015625
14 0.11168831168831168 0.840625 0.14545454545454545 0.0171875
14 0.08311688311688312 0.9109375 0.09090909090909091 0.015625
6 0.06753246753246753 0.6046875 0.04935064935064935 0.0296875
6 0.06753246753246753 0.534375 0.04415584415584416 0.0296875
6 0.06753246753246753 0.4625 0.04935064935064935 0.0296875
6 0.06753246753246753 0.309375 0.04935064935064935 0.025
18 0.4987012987012987 0.0171875 0.9974025974025974 0.034375