0 0.4987012987012987 0.5171875 0.9974025974025974 0.9640625
14 0.5012987012987012 0.690625 0.535064935064935 0.034375
14 0.4987012987012987 0.771875 0.9090909090909091 0.05625
7 0.5168831168831168 0.5109375 0.33246753246753247 0.225
12 0.4961038961038961 0.8359375 0.14025974025974025 0.0140625
15 0.2597402597402597 0.9171875 0.44155844155844154 0.0703125
15 0.7402597402597403 0.9171875 0.44155844155844154 0.0703125
7 0.4987012987012987 0.128125 0.6493506493506493 0.059375
18 0.4987012987012987 0.0171875 0.9974025974025974 0.034375
14 0.2597402597402597 0.91875 0.2727272727272727 0.0171875
14 0.7402597402597403 0.91875 0.17142857142857143 0.0171875