0 0.4987012987012987 0.5578125 0.9974025974025974 0.88125
17 0.4987012987012987 0.0765625 0.9974025974025974 0.08125
5 0.4987012987012987 0.23125 0.9532467532467532 0.059375
5 0.4987012987012987 0.3046875 0.9532467532467532 0.059375
15 0.5012987012987012 0.453125 0.9506493506493506 0.0578125
15 0.4987012987012987 0.528125 0.9532467532467532 0.059375
15 0.4987012987012987 0.621875 0.2961038961038961 0.053125
14 0.11428571428571428 0.303125 0.15584415584415584 0.0171875
14 0.11688311688311688 0.2296875 0.16103896103896104 0.015625
6 0.06753246753246753 0.0765625 0.03896103896103896 0.0234375
14 0.21298701298701297 0.0796875 0.12727272727272726 0.028125
14 0.2857142857142857 0.1703125 0.522077922077922 0.0296875
14 0.14285714285714285 0.36875 0.23376623376623376 0.0171875
18 0.4987012987012987 0.0171875 0.9974025974025974 0.034375
13 0.9272727272727272 0.36875 0.08051948051948052 0.0296875
14 0.5012987012987012 0.4546875 0.08571428571428572 0.0140625
14 0.5012987012987012 0.528125 0.2597402597402597 0.0140625
14 0.5012987012987012 0.621875 0.2545454545454545 0.0125