7 0.5012987012987012 0.3109375 0.3922077922077922 0.1078125
14 0.4987012987012987 0.5921875 0.2025974025974026 0.0234375
14 0.4987012987012987 0.64375 0.8415584415584415 0.0515625
16 0.4987012987012987 0.7328125 0.7038961038961039 0.0578125
16 0.4987012987012987 0.80625 0.7038961038961039 0.0578125
15 0.4987012987012987 0.8796875 0.7038961038961039 0.0578125
14 0.4987012987012987 0.9578125 0.5428571428571428 0.01875
18 0.4987012987012987 0.0171875 0.9974025974025974 0.034375
6 0.1974025974025974 0.7328125 0.02077922077922078 0.0296875
6 0.19480519480519481 0.80625 0.04935064935064935 0.028125
14 0.5012987012987012 0.7328125 0.4025974025974026 0.0171875
14 0.4987012987012987 0.809375 0.32727272727272727 0.021875
14 0.4987012987012987 0.8828125 0.12987012987012986 0.021875