4 0.34025974025974026 0.5171875 0.6779220779220779 0.9640625
14 0.19480519480519481 0.0671875 0.3168831168831169 0.0296875
14 0.18961038961038962 0.1 0.2987012987012987 0.0203125
14 0.22077922077922077 0.18125 0.08831168831168831 0.0171875
9 0.34025974025974026 0.5453125 0.6805194805194805 0.634375
14 0.2649350649350649 0.2765625 0.17922077922077922 0.01875
14 0.24155844155844156 0.346875 0.13246753246753246 0.015625
14 0.2623376623376623 0.4171875 0.17402597402597403 0.01875
14 0.24675324675324675 0.4875 0.14025974025974025 0.0171875
14 0.2701298701298701 0.5578125 0.18961038961038962 0.0171875
14 0.33246753246753247 0.653125 0.3116883116883117 0.0171875
14 0.2831168831168831 0.7234375 0.21038961038961038 0.01875
14 0.23896103896103896 0.8203125 0.12467532467532468 0.0203125
6 0.06753246753246753 0.81875 0.04935064935064935 0.0296875
6 0.06753246753246753 0.7234375 0.04935064935064935 0.0296875
6 0.06753246753246753 0.653125 0.04935064935064935 0.028125
6 0.06753246753246753 0.5578125 0.04415584415584416 0.0265625
6 0.06753246753246753 0.4859375 0.04935064935064935 0.028125
6 0.06753246753246753 0.4171875 0.04935064935064935 0.0296875
6 0.06753246753246753 0.346875 0.046753246753246755 0.03125
6 0.06753246753246753 0.2765625 0.04155844155844156 0.0296875
6 0.06753246753246753 0.18125 0.04935064935064935 0.0265625
18 0.4987012987012987 0.0171875 0.9974025974025974 0.034375