14 0.21038961038961038 0.9546875 0.3168831168831169 0.028125
7 0.8181818181818182 0.86875 0.2961038961038961 0.0734375
7 0.4987012987012987 0.86875 0.2935064935064935 0.0734375
7 0.17662337662337663 0.86875 0.2961038961038961 0.0734375
3 0.2779220779220779 0.8609375 0.07012987012987013 0.0421875
3 0.9168831168831169 0.8609375 0.07532467532467532 0.0453125
3 0.5974025974025974 0.8609375 0.07532467532467532 0.0453125
7 0.8181818181818182 0.728125 0.2961038961038961 0.178125
7 0.4987012987012987 0.728125 0.2961038961038961 0.1765625
7 0.17922077922077922 0.728125 0.2961038961038961 0.178125
14 0.7558441558441559 0.796875 0.10909090909090909 0.0171875
14 0.4935064935064935 0.796875 0.22597402597402597 0.0140625
14 0.11688311688311688 0.7984375 0.10909090909090909 0.01875
7 0.8181818181818182 0.534375 0.2961038961038961 0.178125
7 0.4987012987012987 0.534375 0.2935064935064935 0.178125
7 0.17662337662337663 0.534375 0.2961038961038961 0.178125
3 0.5974025974025974 0.66875 0.07272727272727272 0.0453125
3 0.2779220779220779 0.66875 0.07012987012987013 0.04375
3 0.9194805194805195 0.6671875 0.07792207792207792 0.0453125
14 0.7506493506493507 0.603125 0.1012987012987013 0.0140625
14 0.42857142857142855 0.603125 0.09610389610389611 0.0140625
14 0.12987012987012986 0.603125 0.13766233766233765 0.01875
3 0.9194805194805195 0.4765625 0.07012987012987013 0.0421875
3 0.5974025974025974 0.475 0.07012987012987013 0.04375
3 0.2779220779220779 0.4765625 0.07272727272727272 0.04375
7 0.8181818181818182 0.3421875 0.2961038961038961 0.178125
7 0.4987012987012987 0.340625 0.2961038961038961 0.178125
7 0.17922077922077922 0.3421875 0.2961038961038961 0.1765625
14 0.787012987012987 0.4109375 0.17142857142857143 0.0140625
14 0.4909090909090909 0.4109375 0.21818181818181817 0.0171875
14 0.16623376623376623 0.4109375 0.21038961038961038 0.0140625
3 0.9194805194805195 0.2828125 0.07012987012987013 0.0421875
3 0.5974025974025974 0.2828125 0.07532467532467532 0.0453125
3 0.2779220779220779 0.2828125 0.07272727272727272 0.04375
14 0.5012987012987012 0.159375 0.6545454545454545 0.05625
14 0.4987012987012987 0.0953125 0.6545454545454545 0.034375
18 0.4987012987012987 0.0171875 0.9974025974025974 0.034375