7 0.4987012987012987 0.153125 0.18961038961038962 0.1140625
14 0.5012987012987012 0.25 0.2649350649350649 0.0234375
16 0.4987012987012987 0.3578125 0.6623376623376623 0.0609375
16 0.4987012987012987 0.453125 0.6571428571428571 0.059375
14 0.5012987012987012 0.5328125 0.04415584415584416 0.015625
16 0.4987012987012987 0.6140625 0.6623376623376623 0.0625
14 0.36363636363636365 0.709375 0.14805194805194805 0.01875
14 0.6571428571428571 0.7078125 0.08311688311688312 0.01875
14 0.5012987012987012 0.9765625 0.6415584415584416 0.015625
18 0.4987012987012987 0.0171875 0.9974025974025974 0.034375
14 0.548051948051948 0.3609375 0.34545454545454546 0.0234375
14 0.5402597402597402 0.45625 0.3142857142857143 0.0234375
14 0.535064935064935 0.6171875 0.2909090909090909 0.021875
6 0.21818181818181817 0.3578125 0.025974025974025976 0.034375
6 0.21818181818181817 0.6140625 0.04935064935064935 0.025
7 0.21818181818181817 0.4546875 0.04415584415584416 0.0265625