6 0.7766233766233767 0.753125 0.04935064935064935 0.0296875
7 0.4987012987012987 0.203125 0.2701298701298701 0.1625
14 0.4987012987012987 0.353125 0.44935064935064933 0.0328125
14 0.4987012987012987 0.4015625 0.7350649350649351 0.025
14 0.4987012987012987 0.75625 0.44415584415584414 0.0265625
16 0.4987012987012987 0.5 0.948051948051948 0.065625
16 0.4987012987012987 0.5796875 0.948051948051948 0.065625
16 0.4987012987012987 0.6609375 0.948051948051948 0.0640625
14 0.4987012987012987 0.9671875 0.7740259740259741 0.0203125
18 0.4987012987012987 0.0171875 0.9974025974025974 0.034375
14 0.5376623376623376 0.503125 0.34285714285714286 0.021875
14 0.5376623376623376 0.58125 0.38441558441558443 0.0171875
14 0.5376623376623376 0.6625 0.36883116883116884 0.0171875
7 0.08051948051948052 0.58125 0.1012987012987013 0.059375
7 0.08051948051948052 0.5 0.0987012987012987 0.059375
7 0.08051948051948052 0.6609375 0.1012987012987013 0.0609375