7 0.4987012987012987 0.5953125 0.42337662337662335 0.084375
0 0.4987012987012987 0.5 0.9974025974025974 0.9984375
16 0.4987012987012987 0.7203125 0.9116883116883117 0.0796875
16 0.4987012987012987 0.83125 0.9142857142857143 0.08125
14 0.5246753246753246 0.91875 0.15064935064935064 0.0203125
14 0.42077922077922075 0.91875 0.04155844155844156 0.0140625
14 0.5012987012987012 0.975 0.7454545454545455 0.0171875
14 0.5012987012987012 0.721875 0.45714285714285713 0.01875
14 0.5012987012987012 0.83125 0.42857142857142855 0.01875
7 0.08051948051948052 0.7203125 0.033766233766233764 0.0203125
6 0.08311688311688312 0.83125 0.03896103896103896 0.0171875