4 0.36363636363636365 0.5171875 0.7272727272727273 0.9640625
14 0.2519480519480519 0.228125 0.42597402597402595 0.025
14 0.14545454545454545 0.196875 0.21558441558441557 0.025
9 0.36363636363636365 0.5421875 0.7272727272727273 0.5828125
14 0.2077922077922078 0.2875 0.1012987012987013 0.01875
14 0.21298701298701297 0.3609375 0.11168831168831168 0.01875
14 0.2701298701298701 0.4359375 0.22597402597402597 0.0234375
14 0.2701298701298701 0.509375 0.22597402597402597 0.025
14 0.2727272727272727 0.58125 0.23376623376623376 0.021875
14 0.21298701298701297 0.653125 0.11428571428571428 0.01875
14 0.22857142857142856 0.7296875 0.14285714285714285 0.0234375
14 0.2987012987012987 0.803125 0.2831168831168831 0.025
6 0.07792207792207792 0.8 0.04935064935064935 0.0296875
6 0.07792207792207792 0.728125 0.04935064935064935 0.0296875
6 0.07792207792207792 0.653125 0.04935064935064935 0.0296875
6 0.07792207792207792 0.578125 0.05454545454545454 0.028125
6 0.07792207792207792 0.50625 0.04935064935064935 0.025
6 0.07792207792207792 0.4328125 0.04415584415584416 0.0203125
6 0.07792207792207792 0.359375 0.046753246753246755 0.025
6 0.07792207792207792 0.2859375 0.04935064935064935 0.025
6 0.6623376623376623 0.209375 0.025974025974025976 0.009375
6 0.11688311688311688 0.1046875 0.15844155844155844 0.09375
18 0.4987012987012987 0.0171875 0.9974025974025974 0.034375