6 0.06753246753246753 0.0734375 0.03896103896103896 0.021875
14 0.34545454545454546 0.0765625 0.3922077922077922 0.028125
5 0.4987012987012987 0.446875 0.9038961038961039 0.034375
14 0.1038961038961039 0.440625 0.1012987012987013 0.0203125
5 0.5012987012987012 0.56875 0.9038961038961039 0.034375
14 0.15584415584415584 0.5625 0.2051948051948052 0.0203125
3 0.509090909090909 0.6203125 0.2935064935064935 0.0234375
14 0.5376623376623376 0.61875 0.23376623376623376 0.0140625
15 0.4987012987012987 0.6921875 0.9402597402597402 0.0796875
14 0.5012987012987012 0.7515625 0.7688311688311689 0.0140625
14 0.4987012987012987 0.8578125 0.23636363636363636 0.0140625
16 0.16623376623376623 0.9359375 0.2753246753246753 0.0640625
16 0.5012987012987012 0.9359375 0.2727272727272727 0.0640625
16 0.8337662337662337 0.934375 0.2727272727272727 0.0640625
18 0.4987012987012987 0.0171875 0.9974025974025974 0.034375
14 0.5012987012987012 0.69375 0.13246753246753246 0.0203125
14 0.535064935064935 0.934375 0.12467532467532468 0.0125
14 0.8675324675324675 0.9359375 0.09090909090909091 0.0171875
14 0.2025974025974026 0.9359375 0.1038961038961039 0.0125
7 0.08311688311688312 0.9375 0.03896103896103896 0.025
6 0.4077922077922078 0.9359375 0.025974025974025976 0.0265625
6 0.7532467532467533 0.934375 0.05714285714285714 0.021875