6 0.4987012987012987 0.084375 0.04935064935064935 0.059375
14 0.5012987012987012 0.159375 0.36103896103896105 0.03125
14 0.43116883116883115 0.2265625 0.3922077922077922 0.0234375
14 0.574025974025974 0.265625 0.6831168831168831 0.025
14 0.4051948051948052 0.3296875 0.34545454545454546 0.025
14 0.4987012987012987 0.3703125 0.5298701298701298 0.028125
14 0.3948051948051948 0.434375 0.3246753246753247 0.025
14 0.43116883116883115 0.4734375 0.3974025974025974 0.028125
7 0.16883116883116883 0.2421875 0.09350649350649351 0.0734375
7 0.16883116883116883 0.3453125 0.09350649350649351 0.0734375
7 0.17142857142857143 0.45 0.09090909090909091 0.0734375
14 0.4987012987012987 0.7953125 0.7662337662337663 0.05
12 0.4935064935064935 0.953125 0.11688311688311688 0.015625
18 0.4987012987012987 0.0171875 0.9974025974025974 0.034375