14 0.5012987012987012 0.1328125 0.7662337662337663 0.075
1 0.5 0.95703125 1 0.0828125
16 0.37662337662337664 0.9578125 0.08311688311688312 0.075
14 0.37662337662337664 0.9875 0.08311688311688312 0.0171875
6 0.37922077922077924 0.9421875 0.07012987012987013 0.040625
16 0.8727272727272727 0.9609375 0.04935064935064935 0.0625
14 0.8727272727272727 0.9859375 0.04155844155844156 0.0140625
16 0.625974025974026 0.9609375 0.10909090909090909 0.0703125
14 0.625974025974026 0.9875 0.10909090909090909 0.01875
16 0.12727272727272726 0.959375 0.08571428571428572 0.0671875
14 0.12727272727272726 0.9859375 0.08571428571428572 0.0140625
6 0.8727272727272727 0.9453125 0.04935064935064935 0.03125
6 0.6233766233766234 0.94375 0.05974025974025974 0.0359375
6 0.12727272727272726 0.94375 0.06493506493506493 0.0375
14 0.7350649350649351 0.80625 0.22857142857142856 0.025
14 0.2831168831168831 0.80625 0.2649350649350649 0.025
7 0.7350649350649351 0.6796875 0.2025974025974026 0.1609375
7 0.2831168831168831 0.678125 0.22857142857142856 0.1578125
14 0.14285714285714285 0.034375 0.23376623376623376 0.0296875
6 0.8311688311688312 0.0328125 0.04935064935064935 0.034375
6 0.9246753246753247 0.0359375 0.05454545454545454 0.028125
6 0.7272727272727273 0.0328125 0.05454545454545454 0.034375
7 0.4987012987012987 0.325 0.8909090909090909 0.2734375