9 0.5 0.3609375 1 0.234375
15 0.8805194805194805 0.284375 0.07012987012987013 0.021875
1 0.5 0.9578125 1 0.084375
16 0.37662337662337664 0.9609375 0.08051948051948052 0.0703125
14 0.37662337662337664 0.9875 0.08051948051948052 0.0171875
16 0.12987012987012986 0.959375 0.08571428571428572 0.0671875
6 0.12727272727272726 0.94375 0.06493506493506493 0.0375
6 0.37662337662337664 0.94375 0.06233766233766234 0.0359375
16 0.8727272727272727 0.9609375 0.04935064935064935 0.0640625
14 0.8727272727272727 0.9859375 0.04155844155844156 0.0140625
16 0.625974025974026 0.9609375 0.10909090909090909 0.06875
14 0.625974025974026 0.9875 0.10909090909090909 0.0171875
14 0.12987012987012986 0.9859375 0.08571428571428572 0.0140625
6 0.8727272727272727 0.94375 0.04935064935064935 0.0296875
6 0.6233766233766234 0.9453125 0.05974025974025974 0.0359375
6 0.9402597402597402 0.8890625 0.01818181818181818 0.01875
14 0.3142857142857143 0.8921875 0.4779220779220779 0.021875
6 0.7792207792207793 0.796875 0.046753246753246755 0.028125
14 0.17142857142857143 0.8 0.18961038961038962 0.025
6 0.9402597402597402 0.703125 0.01818181818181818 0.0203125
14 0.6467532467532467 0.7046875 0.5194805194805194 0.021875
14 0.2051948051948052 0.7046875 0.2597402597402597 0.01875
9 0.5 0.57265625 1 0.1578125
6 0.9402597402597402 0.6109375 0.01818181818181818 0.01875
14 0.2649350649350649 0.6140625 0.37402597402597404 0.025
6 0.9402597402597402 0.5328125 0.01818181818181818 0.01875
14 0.17142857142857143 0.5375 0.18701298701298702 0.0234375
6 0.9402597402597402 0.440625 0.01818181818181818 0.0203125
14 0.2675324675324675 0.44375 0.37662337662337664 0.025
6 0.9402597402597402 0.3625 0.01818181818181818 0.0203125
14 0.2025974025974026 0.365625 0.24935064935064935 0.025
6 0.9428571428571428 0.284375 0.01818181818181818 0.0203125
14 0.18441558441558442 0.284375 0.21298701298701297 0.0203125
6 0.9402597402597402 0.115625 0.02077922077922078 0.0203125
14 0.4649350649350649 0.11875 0.34285714285714286 0.0296875
6 0.16103896103896104 0.115625 0.16883116883116883 0.1015625
13 0.8961038961038961 0.796875 0.10649350649350649 0.0375
14 0.8779220779220779 0.284375 0.046753246753246755 0.009375