17 0.4987012987012987 0.0765625 0.9974025974025974 0.0796875
9 0.5 0.503125 1 0.76875
3 0.4935064935064935 0.1578125 0.9038961038961039 0.0265625
3 0.4909090909090909 0.725 0.9038961038961039 0.046875
3 0.4909090909090909 0.328125 0.9064935064935065 0.046875
14 0.34805194805194806 0.85 0.612987012987013 0.0203125
14 0.08311688311688312 0.81875 0.08311688311688312 0.0171875
14 0.24415584415584415 0.740625 0.4077922077922078 0.015625
14 0.1012987012987013 0.7109375 0.12207792207792208 0.01875
14 0.2025974025974026 0.634375 0.32727272727272727 0.0203125
14 0.23636363636363636 0.6046875 0.3922077922077922 0.0234375
14 0.11688311688311688 0.528125 0.15324675324675324 0.0203125
14 0.41818181818181815 0.4515625 0.7584415584415585 0.0203125
14 0.08051948051948052 0.421875 0.08311688311688312 0.0171875
14 0.2935064935064935 0.3421875 0.509090909090909 0.015625
14 0.1012987012987013 0.3125 0.12207792207792208 0.01875
14 0.18961038961038962 0.2375 0.2987012987012987 0.0203125
14 0.15584415584415584 0.159375 0.22857142857142856 0.0171875
14 0.23636363636363636 0.0796875 0.17662337662337663 0.028125
6 0.06753246753246753 0.0765625 0.04155844155844156 0.0234375
18 0.4987012987012987 0.0171875 0.9974025974025974 0.034375