10 0.5012987012987012 0.5171875 0.6987012987012987 0.9171875
6 0.06753246753246753 0.0765625 0.04155844155844156 0.0234375
14 0.3948051948051948 0.1078125 0.36883116883116884 0.028125
9 0.4883116883116883 0.5234375 0.5532467532467532 0.7375
3 0.4649350649350649 0.1703125 0.5012987012987012 0.028125
14 0.522077922077922 0.1703125 0.38701298701298703 0.021875
3 0.3194805194805195 0.240625 0.21298701298701297 0.0296875
14 0.37662337662337664 0.2421875 0.09610389610389611 0.0203125
3 0.38701298701298703 0.3109375 0.34805194805194806 0.0296875
14 0.44415584415584414 0.3109375 0.23376623376623376 0.0203125
3 0.3948051948051948 0.38125 0.36363636363636365 0.0296875
14 0.45194805194805193 0.38125 0.2519480519480519 0.0203125
14 0.5428571428571428 0.4546875 0.43376623376623374 0.05625
3 0.4857142857142857 0.4546875 0.548051948051948 0.0578125
3 0.3246753246753247 0.521875 0.22597402597402597 0.0296875
14 0.38181818181818183 0.525 0.11168831168831168 0.025
3 0.33506493506493507 0.5921875 0.24675324675324675 0.0296875
14 0.3948051948051948 0.5921875 0.13246753246753246 0.0203125
3 0.4155844155844156 0.6625 0.4051948051948052 0.0296875
14 0.4727272727272727 0.6640625 0.2909090909090909 0.0265625
3 0.4883116883116883 0.7328125 0.5506493506493506 0.0296875
14 0.5454545454545454 0.734375 0.43636363636363634 0.025
3 0.3168831168831169 0.8015625 0.2077922077922078 0.0296875
14 0.37402597402597404 0.803125 0.09350649350649351 0.0203125
3 0.3974025974025974 0.871875 0.36883116883116884 0.0296875
14 0.45454545454545453 0.871875 0.2545454545454545 0.0203125
14 0.5714285714285714 0.9359375 0.12727272727272726 0.015625
14 0.7428571428571429 0.9359375 0.04415584415584416 0.015625
18 0.4987012987012987 0.0171875 0.9974025974025974 0.034375