0 0.4987012987012987 0.5171875 0.9974025974025974 0.9640625
7 0.4987012987012987 0.2125 0.2909090909090909 0.1875
14 0.4961038961038961 0.353125 0.4 0.034375
14 0.4987012987012987 0.446875 0.7974025974025974 0.090625
6 0.4961038961038961 0.7453125 0.12467532467532468 0.05625
14 0.4987012987012987 0.7875 0.14545454545454545 0.009375
12 0.4987012987012987 0.81875 0.13766233766233765 0.0125
15 0.5012987012987012 0.8953125 0.42077922077922075 0.053125
14 0.4987012987012987 0.9640625 0.11168831168831168 0.0171875
18 0.4987012987012987 0.0171875 0.9974025974025974 0.034375
14 0.5012987012987012 0.8953125 0.12987012987012986 0.015625