18 0.4987012987012987 0.0171875 0.9974025974025974 0.034375
0 0.4987012987012987 0.5171875 0.9974025974025974 0.9625
5 0.5012987012987012 0.265625 0.7818181818181819 0.071875
5 0.4987012987012987 0.3359375 0.7792207792207793 0.0703125
14 0.2597402597402597 0.09375 0.11428571428571428 0.053125
7 0.6025974025974026 0.096875 0.38701298701298703 0.0515625
14 0.4909090909090909 0.165625 0.8675324675324675 0.05
14 0.23896103896103896 0.265625 0.1974025974025974 0.0203125
14 0.22597402597402597 0.33125 0.17402597402597403 0.0203125
15 0.4987012987012987 0.4296875 0.7818181818181819 0.0734375
3 0.4961038961038961 0.49375 0.3090909090909091 0.0296875
14 0.5324675324675324 0.4921875 0.23636363636363636 0.01875
14 0.4987012987012987 0.653125 0.2857142857142857 0.025
14 0.4987012987012987 0.703125 0.2675324675324675 0.0234375
14 0.5012987012987012 0.7546875 0.35844155844155845 0.021875
14 0.4987012987012987 0.9375 0.8571428571428571 0.075
14 0.4987012987012987 0.43125 0.14025974025974025 0.028125