15 0.4987012987012987 0.9578125 0.9974025974025974 0.08125
12 0.4987012987012987 0.5875 0.14025974025974025 0.015625
15 0.4987012987012987 0.6890625 0.5376623376623376 0.0640625
14 0.5012987012987012 0.775 0.12727272727272726 0.01875
14 0.5012987012987012 0.8828125 0.8493506493506493 0.021875
14 0.4987012987012987 0.50625 0.4675324675324675 0.059375
14 0.5012987012987012 0.43125 0.37922077922077924 0.0359375
6 0.9324675324675324 0.0765625 0.03636363636363636 0.021875
14 0.11688311688311688 0.078125 0.15584415584415584 0.021875
18 0.4987012987012987 0.0171875 0.9974025974025974 0.034375
14 0.2597402597402597 0.078125 0.1038961038961039 0.0203125
14 0.5012987012987012 0.9609375 0.11428571428571428 0.015625