0 0.4987012987012987 0.4828125 0.9974025974025974 0.89375
5 0.4987012987012987 0.55 0.9246753246753247 0.04375
5 0.4987012987012987 0.615625 0.922077922077922 0.04375
14 0.15324675324675324 0.603125 0.18441558441558442 0.0203125
14 0.11168831168831168 0.5375 0.1012987012987013 0.01875
14 0.4987012987012987 0.8796875 0.2545454545454545 0.01875
15 0.4987012987012987 0.7890625 0.5142857142857142 0.0703125
15 0.4987012987012987 0.9640625 0.9974025974025974 0.06875
18 0.4987012987012987 0.0171875 0.9974025974025974 0.034375
14 0.5012987012987012 0.79375 0.11688311688311688 0.0296875
14 0.5012987012987012 0.96875 0.16363636363636364 0.0296875