4 0.32727272727272727 0.5171875 0.6545454545454545 0.9625
7 0.32727272727272727 0.1375 0.1974025974025974 0.11875
9 0.32727272727272727 0.515625 0.6545454545454545 0.553125
14 0.35844155844155845 0.2875 0.35064935064935066 0.0265625
14 0.34285714285714286 0.3171875 0.3116883116883117 0.01875
14 0.33246753246753247 0.3875 0.2935064935064935 0.0265625
14 0.3012987012987013 0.475 0.23116883116883116 0.021875
14 0.2571428571428571 0.5640625 0.14285714285714285 0.0265625
14 0.32727272727272727 0.6515625 0.2831168831168831 0.025
14 0.2701298701298701 0.7375 0.16883116883116883 0.021875
7 0.5688311688311688 0.95 0.08831168831168831 0.053125
7 0.4077922077922078 0.95 0.10649350649350649 0.0515625
7 0.24675324675324675 0.95 0.09350649350649351 0.0546875
7 0.08311688311688312 0.9515625 0.09610389610389611 0.0578125
7 0.09610389610389611 0.7375 0.1012987012987013 0.0609375
7 0.09610389610389611 0.6484375 0.0987012987012987 0.0578125
7 0.09610389610389611 0.5609375 0.0987012987012987 0.0578125
7 0.09610389610389611 0.4734375 0.1012987012987013 0.0609375
7 0.09610389610389611 0.3859375 0.1012987012987013 0.0609375
7 0.09610389610389611 0.296875 0.0987012987012987 0.0609375
18 0.4987012987012987 0.0171875 0.9974025974025974 0.034375