0 0.4987012987012987 0.5171875 0.9974025974025974 0.9640625
14 0.4987012987012987 0.6984375 0.6363636363636364 0.034375
7 0.4987012987012987 0.209375 0.7558441558441559 0.0859375
14 0.5012987012987012 0.7609375 0.6285714285714286 0.0375
12 0.4987012987012987 0.8078125 0.1974025974025974 0.0140625
14 0.5012987012987012 0.9703125 0.3090909090909091 0.0171875
15 0.2571428571428571 0.9 0.43896103896103894 0.0734375
15 0.7428571428571429 0.9 0.43896103896103894 0.0734375
18 0.4987012987012987 0.0171875 0.9974025974025974 0.034375
14 0.2571428571428571 0.9015625 0.33766233766233766 0.0171875
14 0.7428571428571429 0.903125 0.11168831168831168 0.021875