17 0.4987012987012987 0.0765625 0.9974025974025974 0.08125
5 0.4987012987012987 0.5328125 0.7792207792207793 0.0859375
5 0.4987012987012987 0.6484375 0.7818181818181819 0.0859375
5 0.4987012987012987 0.765625 0.7818181818181819 0.0859375
14 0.23376623376623376 0.765625 0.18961038961038962 0.0203125
14 0.2805194805194805 0.65 0.2805194805194805 0.0203125
14 0.24155844155844156 0.534375 0.2051948051948052 0.0203125
14 0.5012987012987012 0.0765625 0.3220779220779221 0.021875
6 0.033766233766233764 0.0765625 0.02077922077922078 0.01875
14 0.10909090909090909 0.0765625 0.08831168831168831 0.0203125
14 0.4987012987012987 0.171875 0.6571428571428571 0.0328125
14 0.4987012987012987 0.2140625 0.5168831168831168 0.021875
16 0.4987012987012987 0.3015625 0.7272727272727273 0.0765625
14 0.42597402597402595 0.384375 0.6337662337662338 0.0390625
14 0.5012987012987012 0.453125 0.21298701298701297 0.01875
14 0.4987012987012987 0.8515625 0.5974025974025974 0.0453125
15 0.4987012987012987 0.946875 0.5064935064935064 0.0703125
18 0.4987012987012987 0.0171875 0.9974025974025974 0.034375
14 0.548051948051948 0.3046875 0.5376623376623376 0.0296875
14 0.5012987012987012 0.9484375 0.22077922077922077 0.0203125
6 0.18961038961038962 0.303125 0.023376623376623377 0.028125