17 0.4987012987012987 0.0765625 0.9974025974025974 0.08125
9 0.535064935064935 0.846875 0.9298701298701298 0.3046875
14 0.37662337662337664 0.9640625 0.36363636363636365 0.01875
6 0.09610389610389611 0.9625 0.03116883116883117 0.034375
14 0.35324675324675325 0.88125 0.3142857142857143 0.01875
6 0.09610389610389611 0.8796875 0.05194805194805195 0.025
14 0.24415584415584415 0.796875 0.09610389610389611 0.01875
6 0.09610389610389611 0.796875 0.05194805194805195 0.034375
14 0.23376623376623376 0.7140625 0.07272727272727272 0.0171875
6 0.09610389610389611 0.7125 0.05454545454545454 0.0328125
14 0.08311688311688312 0.659375 0.08831168831168831 0.015625
9 0.5337662337662338 0.39921875 0.9324675324675324 0.4390625
14 0.23896103896103896 0.58125 0.08571428571428572 0.0171875
6 0.09610389610389611 0.5796875 0.05714285714285714 0.009375
14 0.24675324675324675 0.496875 0.1012987012987013 0.01875
6 0.09610389610389611 0.496875 0.05714285714285714 0.034375
6 0.09610389610389611 0.4 0.04935064935064935 0.034375
14 0.2597402597402597 0.4171875 0.12727272727272726 0.015625
14 0.3922077922077922 0.3875 0.3948051948051948 0.01875
6 0.09610389610389611 0.2921875 0.05714285714285714 0.0234375
14 0.3064935064935065 0.3109375 0.22077922077922077 0.01875
14 0.32987012987012987 0.2828125 0.2675324675324675 0.021875
14 0.2545454545454545 0.2 0.11428571428571428 0.021875
6 0.0987012987012987 0.196875 0.05714285714285714 0.034375
14 0.1038961038961039 0.1453125 0.12467532467532468 0.0203125
14 0.2649350649350649 0.0796875 0.17662337662337663 0.028125
6 0.06753246753246753 0.0765625 0.03896103896103896 0.0234375
18 0.4987012987012987 0.0171875 0.9974025974025974 0.034375