4 0.34025974025974026 0.5171875 0.6779220779220779 0.9625
9 0.34025974025974026 0.4078125 0.6779220779220779 0.2921875
14 0.2623376623376623 0.2953125 0.17142857142857143 0.0171875
14 0.24415584415584415 0.3671875 0.13246753246753246 0.0203125
14 0.2649350649350649 0.4375 0.17922077922077922 0.0203125
14 0.2779220779220779 0.5078125 0.2077922077922078 0.0203125
9 0.34025974025974026 0.665625 0.6779220779220779 0.2203125
14 0.2571428571428571 0.6015625 0.16363636363636364 0.0171875
14 0.23896103896103896 0.6734375 0.12467532467532468 0.0203125
14 0.2701298701298701 0.7421875 0.19220779220779222 0.0171875
6 0.06753246753246753 0.7421875 0.04935064935064935 0.0296875
6 0.06753246753246753 0.671875 0.046753246753246755 0.0296875
6 0.06753246753246753 0.6015625 0.04415584415584416 0.0296875
6 0.06753246753246753 0.50625 0.04935064935064935 0.0296875
6 0.06753246753246753 0.4359375 0.04415584415584416 0.0265625
6 0.06753246753246753 0.365625 0.046753246753246755 0.015625
6 0.06753246753246753 0.2953125 0.03636363636363636 0.03125
18 0.4987012987012987 0.0171875 0.9974025974025974 0.034375