14 0.4987012987012987 0.2109375 0.2545454545454545 0.028125
7 0.4987012987012987 0.31875 0.16103896103896104 0.1140625
14 0.5012987012987012 0.446875 0.7220779220779221 0.065625
14 0.5012987012987012 0.5171875 0.8649350649350649 0.0671875
12 0.4961038961038961 0.6828125 0.12987012987012986 0.0140625
15 0.5012987012987012 0.7640625 0.9272727272727272 0.065625
16 0.4987012987012987 0.853125 0.9272727272727272 0.065625
16 0.2649350649350649 0.94375 0.45714285714285713 0.0703125
16 0.7350649350649351 0.9421875 0.45714285714285713 0.0703125
18 0.4987012987012987 0.0171875 0.9974025974025974 0.034375
14 0.4987012987012987 0.76875 0.14545454545454545 0.0265625
14 0.5558441558441558 0.8578125 0.4831168831168831 0.0265625
14 0.2935064935064935 0.9453125 0.14025974025974025 0.0234375
14 0.7636363636363637 0.94375 0.22077922077922077 0.01875
6 0.5584415584415584 0.9421875 0.05194805194805195 0.03125
6 0.09090909090909091 0.9421875 0.04935064935064935 0.03125
7 0.14025974025974025 0.853125 0.05974025974025974 0.0359375