5 0.4987012987012987 0.3328125 0.922077922077922 0.059375
5 0.4987012987012987 0.4140625 0.922077922077922 0.059375
5 0.4987012987012987 0.496875 0.922077922077922 0.059375
14 0.16103896103896104 0.49375 0.15844155844155844 0.01875
14 0.12467532467532468 0.4125 0.08571428571428572 0.0171875
14 0.12727272727272726 0.33125 0.09610389610389611 0.0171875
6 0.9142857142857143 0.496875 0.05194805194805195 0.0234375
14 0.9168831168831169 0.078125 0.08831168831168831 0.0234375
6 0.06753246753246753 0.0765625 0.04155844155844156 0.0234375
14 0.24675324675324675 0.078125 0.22077922077922077 0.025
15 0.4987012987012987 0.1703125 0.922077922077922 0.059375
15 0.4987012987012987 0.578125 0.922077922077922 0.059375
18 0.4987012987012987 0.0171875 0.9974025974025974 0.034375
14 0.5246753246753246 0.1703125 0.44675324675324674 0.0171875
14 0.5012987012987012 0.5796875 0.14805194805194805 0.0171875