0 0.4987012987012987 0.4734375 0.9974025974025974 0.875
5 0.4987012987012987 0.415625 0.587012987012987 0.0328125
5 0.4987012987012987 0.509375 0.587012987012987 0.0328125
14 0.5012987012987012 0.5015625 0.15064935064935064 0.0140625
14 0.5012987012987012 0.40625 0.15064935064935064 0.0140625
7 0.5012987012987012 0.16875 0.19480519480519481 0.11875
14 0.4987012987012987 0.8296875 0.14025974025974025 0.0171875
6 0.7272727272727273 0.828125 0.06233766233766234 0.03125
6 0.2727272727272727 0.828125 0.03636363636363636 0.0421875
15 0.16623376623376623 0.9546875 0.32987012987012987 0.0875
15 0.6649350649350649 0.9546875 0.6649350649350649 0.0875
18 0.4987012987012987 0.0171875 0.9974025974025974 0.034375
14 0.16883116883116883 0.95625 0.11428571428571428 0.0140625
14 0.6675324675324675 0.95625 0.12987012987012986 0.015625