17 0.4987012987012987 0.0765625 0.9974025974025974 0.08125
15 0.4987012987012987 0.9203125 0.43116883116883115 0.0609375
15 0.5012987012987012 0.665625 0.38961038961038963 0.0609375
14 0.4987012987012987 0.565625 0.612987012987013 0.021875
14 0.5012987012987012 0.5203125 0.24675324675324675 0.0265625
7 0.4987012987012987 0.3375 0.4597402597402597 0.2359375
6 0.9324675324675324 0.0765625 0.03636363636363636 0.0234375
14 0.21298701298701297 0.0765625 0.15324675324675324 0.021875
6 0.06753246753246753 0.0765625 0.04155844155844156 0.025
18 0.4987012987012987 0.0171875 0.9974025974025974 0.034375
14 0.5012987012987012 0.66875 0.32987012987012987 0.0234375
14 0.5012987012987012 0.9203125 0.37922077922077924 0.0171875