0 0.4987012987012987 0.5 0.9974025974025974 0.9984375
14 0.2649350649350649 0.065625 0.38441558441558443 0.05
14 0.18961038961038962 0.1328125 0.23636363636363636 0.0328125
5 0.4987012987012987 0.2546875 0.8545454545454545 0.0296875
14 0.16363636363636364 0.2484375 0.17662337662337663 0.0171875
5 0.4987012987012987 0.334375 0.8545454545454545 0.0328125
14 0.15584415584415584 0.328125 0.16103896103896104 0.01875
3 0.4935064935064935 0.4015625 0.8337662337662337 0.0265625
14 0.2675324675324675 0.403125 0.38701298701298703 0.0203125
15 0.4987012987012987 0.5171875 0.8545454545454545 0.0875
14 0.5012987012987012 0.60625 0.4675324675324675 0.021875
15 0.4987012987012987 0.690625 0.8545454545454545 0.0875
14 0.4987012987012987 0.5171875 0.14805194805194805 0.0203125
14 0.5012987012987012 0.6921875 0.19480519480519481 0.0203125