0 0.4987012987012987 0.5171875 0.9974025974025974 0.9640625
5 0.4987012987012987 0.3421875 0.9038961038961039 0.05625
5 0.5012987012987012 0.4265625 0.9038961038961039 0.05625
5 0.4987012987012987 0.5109375 0.9038961038961039 0.05625
14 0.2519480519480519 0.5109375 0.3012987012987013 0.0203125
14 0.2025974025974026 0.4265625 0.2051948051948052 0.01875
14 0.2051948051948052 0.3421875 0.2077922077922078 0.01875
6 0.9064935064935065 0.5125 0.05454545454545454 0.0328125
6 0.9168831168831169 0.0859375 0.06753246753246753 0.040625
7 0.4987012987012987 0.14375 0.2675324675324675 0.1015625
14 0.36363636363636365 0.259375 0.12987012987012986 0.021875
14 0.6285714285714286 0.259375 0.10909090909090909 0.021875
15 0.4987012987012987 0.596875 0.9038961038961039 0.05625
18 0.4987012987012987 0.0171875 0.9974025974025974 0.034375
14 0.5012987012987012 0.596875 0.17142857142857143 0.015625