0 0.4987012987012987 0.5171875 0.9974025974025974 0.9625
5 0.5012987012987012 0.46875 0.8389610389610389 0.0359375
5 0.5012987012987012 0.55625 0.8363636363636363 0.034375
14 0.2077922077922078 0.55 0.2051948051948052 0.021875
14 0.33506493506493507 0.4625 0.45714285714285713 0.021875
14 0.8857142857142857 0.06875 0.17662337662337663 0.0203125
7 0.4987012987012987 0.3578125 0.11688311688311688 0.0703125
14 0.5012987012987012 0.9703125 0.34285714285714286 0.0265625
15 0.4987012987012987 0.878125 0.8545454545454545 0.0703125
18 0.4987012987012987 0.0171875 0.9974025974025974 0.034375
14 0.4987012987012987 0.88125 0.12727272727272726 0.025