17 0.4987012987012987 0.0703125 0.9974025974025974 0.06875
9 0.5 0.28125 1 0.346875
14 0.36363636363636365 0.1515625 0.37922077922077924 0.0234375
14 0.33766233766233766 0.2375 0.3246753246753247 0.01875
14 0.34545454545454546 0.325 0.34025974025974026 0.01875
14 0.22077922077922077 0.4125 0.08831168831168831 0.01875
6 0.06753246753246753 0.4125 0.05714285714285714 0.0296875
6 0.06753246753246753 0.325 0.05714285714285714 0.034375
6 0.07012987012987013 0.2359375 0.05714285714285714 0.034375
6 0.06753246753246753 0.1484375 0.04415584415584416 0.0265625
14 0.3012987012987013 0.0703125 0.2519480519480519 0.021875
6 0.06753246753246753 0.0703125 0.03636363636363636 0.0234375
18 0.4987012987012987 0.0171875 0.9974025974025974 0.034375