4 0.37662337662337664 0.5578125 0.7532467532467533 0.8828125
9 0.37662337662337664 0.559375 0.7532467532467533 0.88125
17 0.4987012987012987 0.0765625 0.9974025974025974 0.08125
14 0.2545454545454545 0.0796875 0.15324675324675324 0.028125
14 0.12987012987012986 0.9265625 0.12727272727272726 0.01875
14 0.2623376623376623 0.840625 0.3922077922077922 0.0203125
14 0.10909090909090909 0.753125 0.08571428571428572 0.0171875
14 0.0987012987012987 0.6671875 0.06753246753246753 0.0171875
14 0.12727272727272726 0.5796875 0.12207792207792208 0.0171875
14 0.15584415584415584 0.515625 0.19480519480519481 0.01875
14 0.12207792207792208 0.4328125 0.11168831168831168 0.021875
14 0.18181818181818182 0.3625 0.22857142857142856 0.0203125
14 0.17402597402597403 0.29375 0.21298701298701297 0.021875
14 0.11428571428571428 0.221875 0.09090909090909091 0.0171875
14 0.11948051948051948 0.153125 0.1038961038961039 0.021875
6 0.06493506493506493 0.075 0.04155844155844156 0.025
6 0.9454545454545454 0.0765625 0.015584415584415584 0.025
6 0.8415584415584415 0.075 0.04415584415584416 0.0265625
18 0.4987012987012987 0.0171875 0.9974025974025974 0.034375