17 0.4987012987012987 0.0765625 0.9974025974025974 0.0796875
5 0.4987012987012987 0.1515625 0.9688311688311688 0.0453125
14 0.37142857142857144 0.1515625 0.5064935064935064 0.01875
6 0.05714285714285714 0.153125 0.03896103896103896 0.0265625
9 0.4987012987012987 0.50625 0.9532467532467532 0.6421875
14 0.10909090909090909 0.796875 0.13506493506493505 0.01875
14 0.08831168831168831 0.728125 0.1012987012987013 0.0203125
14 0.12207792207792208 0.6546875 0.16103896103896104 0.0171875
14 0.08311688311688312 0.58125 0.08571428571428572 0.0171875
14 0.07272727272727272 0.509375 0.07012987012987013 0.01875
14 0.13506493506493505 0.4390625 0.19220779220779222 0.01875
14 0.11688311688311688 0.36875 0.15324675324675324 0.0203125
14 0.09090909090909091 0.29375 0.1012987012987013 0.0171875
14 0.08831168831168831 0.221875 0.0987012987012987 0.01875
14 0.4987012987012987 0.075 0.3194805194805195 0.01875
6 0.06753246753246753 0.0765625 0.03896103896103896 0.025
18 0.4987012987012987 0.0171875 0.9974025974025974 0.034375