0 0.4987012987012987 0.5171875 0.9974025974025974 0.9625
5 0.4987012987012987 0.49375 0.9038961038961039 0.040625
5 0.4987012987012987 0.5875 0.9038961038961039 0.0375
14 0.14545454545454545 0.5796875 0.18701298701298702 0.0203125
14 0.18701298701298702 0.484375 0.2753246753246753 0.021875
6 0.5974025974025974 0.8625 0.03116883116883117 0.0203125
6 0.06753246753246753 0.0765625 0.03636363636363636 0.021875
7 0.5428571428571428 0.2359375 0.41818181818181815 0.0421875
15 0.5012987012987012 0.696875 0.9038961038961039 0.0578125
15 0.4987012987012987 0.7796875 0.9038961038961039 0.0578125
14 0.3194805194805195 0.8640625 0.5038961038961038 0.0234375
14 0.4987012987012987 0.9015625 0.03116883116883117 0.0125
14 0.4987012987012987 0.9515625 0.6571428571428571 0.0171875
18 0.4987012987012987 0.0171875 0.9974025974025974 0.034375
14 0.5012987012987012 0.696875 0.11688311688311688 0.015625
14 0.5012987012987012 0.78125 0.38961038961038963 0.015625