0 0.5 0.51640625 1 0.9640625
5 0.5012987012987012 0.3421875 0.8779220779220779 0.0484375
5 0.4987012987012987 0.41875 0.8805194805194805 0.0484375
14 0.21818181818181817 0.409375 0.14805194805194805 0.0171875
14 0.18961038961038962 0.3328125 0.08051948051948052 0.0171875
6 0.0987012987012987 0.409375 0.033766233766233764 0.0265625
6 0.1012987012987013 0.3328125 0.03636363636363636 0.01875
15 0.24935064935064935 0.1953125 0.4987012987012987 0.065625
15 0.7506493506493507 0.1953125 0.4987012987012987 0.065625
6 0.05714285714285714 0.0703125 0.04155844155844156 0.0234375
14 0.8025974025974026 0.48125 0.2701298701298701 0.0203125
14 0.5012987012987012 0.8140625 0.14805194805194805 0.01875
15 0.5012987012987012 0.575 0.8779220779220779 0.0640625
8 0.2805194805194805 0.878125 0.43896103896103894 0.0625
8 0.7194805194805195 0.878125 0.43896103896103894 0.0625
18 0.5 0.0171875 1 0.034375
14 0.24935064935064935 0.196875 0.13246753246753246 0.01875
14 0.7532467532467533 0.196875 0.17142857142857143 0.0171875
14 0.5012987012987012 0.5765625 0.13246753246753246 0.01875
6 0.2779220779220779 0.8765625 0.03636363636363636 0.046875
7 0.7220779220779221 0.878125 0.06233766233766234 0.0375