17 0.4987012987012987 0.0765625 0.9948051948051948 0.08125
6 0.06753246753246753 0.0765625 0.04155844155844156 0.0234375
14 0.23636363636363636 0.0796875 0.11688311688311688 0.028125
7 0.4987012987012987 0.30625 0.2649350649350649 0.1421875
14 0.4987012987012987 0.4265625 0.23116883116883116 0.015625
14 0.4987012987012987 0.4734375 0.17402597402597403 0.0234375
16 0.4987012987012987 0.5578125 0.7844155844155845 0.0703125
16 0.4987012987012987 0.6625 0.7844155844155845 0.0703125
16 0.4987012987012987 0.76875 0.787012987012987 0.071875
16 0.4987012987012987 0.875 0.7844155844155845 0.0703125
18 0.4987012987012987 0.0171875 0.9974025974025974 0.034375
14 0.5298701298701298 0.5578125 0.09090909090909091 0.0171875
14 0.5298701298701298 0.6640625 0.10909090909090909 0.0171875
14 0.5012987012987012 0.76875 0.14545454545454545 0.015625
14 0.5298701298701298 0.8765625 0.14805194805194805 0.0171875
6 0.16103896103896104 0.875 0.03896103896103896 0.0234375
7 0.14285714285714285 0.76875 0.033766233766233764 0.0203125
6 0.16103896103896104 0.6625 0.04415584415584416 0.0265625
6 0.16103896103896104 0.5578125 0.04935064935064935 0.0234375