4 0.38961038961038963 0.5171875 0.7766233766233767 0.9625
9 0.38961038961038963 0.640625 0.7766233766233767 0.2375
6 0.08311688311688312 0.7234375 0.03116883116883117 0.01875
6 0.08311688311688312 0.665625 0.03116883116883117 0.0140625
6 0.08311688311688312 0.60625 0.03116883116883117 0.0140625
6 0.08311688311688312 0.5484375 0.03116883116883117 0.01875
9 0.38961038961038963 0.3671875 0.7766233766233767 0.3046875
6 0.08571428571428572 0.4796875 0.05454545454545454 0.03125
6 0.08311688311688312 0.403125 0.05194805194805195 0.03125
6 0.08311688311688312 0.328125 0.04935064935064935 0.0328125
6 0.08571428571428572 0.2515625 0.07272727272727272 0.0328125
14 0.2051948051948052 0.7265625 0.06753246753246753 0.01875
14 0.23116883116883116 0.665625 0.12467532467532468 0.015625
14 0.22857142857142856 0.6078125 0.11948051948051948 0.015625
14 0.23116883116883116 0.5515625 0.12207792207792208 0.0203125
14 0.2623376623376623 0.4796875 0.18701298701298702 0.0234375
14 0.3220779220779221 0.4046875 0.3012987012987013 0.0234375
14 0.21038961038961038 0.328125 0.07532467532467532 0.0234375
14 0.22857142857142856 0.2546875 0.11688311688311688 0.0296875
14 0.21298701298701297 0.1859375 0.32727272727272727 0.0171875
14 0.11948051948051948 0.1640625 0.14025974025974025 0.0125
14 0.17402597402597403 0.1203125 0.2649350649350649 0.0234375
18 0.4987012987012987 0.0171875 0.9974025974025974 0.034375