4 0.36363636363636365 0.5171875 0.7272727272727273 0.9625
7 0.36363636363636365 0.1640625 0.7272727272727273 0.25625
9 0.36363636363636365 0.4875 0.7272727272727273 0.365625
14 0.23636363636363636 0.3421875 0.11948051948051948 0.0203125
14 0.3142857142857143 0.4140625 0.2779220779220779 0.0234375
14 0.2961038961038961 0.484375 0.24415584415584415 0.0234375
14 0.3194805194805195 0.553125 0.2883116883116883 0.025
14 0.24935064935064935 0.6234375 0.15064935064935064 0.0234375
14 0.11688311688311688 0.715625 0.15064935064935064 0.0234375
14 0.16883116883116883 0.7765625 0.2571428571428571 0.025
14 0.11688311688311688 0.8609375 0.15844155844155844 0.0203125
6 0.06753246753246753 0.621875 0.05714285714285714 0.028125
6 0.06753246753246753 0.5515625 0.05714285714285714 0.0296875
6 0.06753246753246753 0.48125 0.05714285714285714 0.028125
6 0.06753246753246753 0.4109375 0.05454545454545454 0.028125
6 0.06753246753246753 0.340625 0.05714285714285714 0.034375
18 0.4987012987012987 0.0171875 0.9974025974025974 0.034375