0 0.4987012987012987 0.5171875 0.9974025974025974 0.9640625
14 0.4987012987012987 0.1890625 0.44155844155844154 0.071875
14 0.4987012987012987 0.6609375 0.17142857142857143 0.0203125
14 0.5012987012987012 0.6984375 0.561038961038961 0.0234375
16 0.4987012987012987 0.75625 0.9038961038961039 0.059375
16 0.5012987012987012 0.828125 0.9038961038961039 0.059375
15 0.4987012987012987 0.9015625 0.9038961038961039 0.059375
14 0.4961038961038961 0.9640625 0.4051948051948052 0.0234375
18 0.4987012987012987 0.0171875 0.9974025974025974 0.034375
14 0.5012987012987012 0.7578125 0.3220779220779221 0.021875
14 0.4987012987012987 0.83125 0.22077922077922077 0.01875
14 0.5012987012987012 0.9046875 0.12207792207792208 0.01875
6 0.10649350649350649 0.7546875 0.023376623376623377 0.0265625
6 0.10649350649350649 0.828125 0.04415584415584416 0.025