5 0.4987012987012987 0.521875 0.6311688311688312 0.0328125
5 0.4987012987012987 0.5921875 0.6311688311688312 0.0328125
7 0.5012987012987012 0.2359375 0.6987012987012987 0.084375
6 0.06753246753246753 0.075 0.046753246753246755 0.0203125
8 0.8935064935064935 0.4375 0.13766233766233765 0.078125
6 0.06753246753246753 0.5171875 0.04155844155844156 0.0234375
6 0.06753246753246753 0.5890625 0.04155844155844156 0.0296875
14 0.2649350649350649 0.51875 0.15324675324675324 0.025
14 0.2805194805194805 0.5859375 0.18701298701298702 0.0203125
3 0.21038961038961038 0.6703125 0.32727272727272727 0.0265625
14 0.2753246753246753 0.6703125 0.1974025974025974 0.0140625
15 0.5012987012987012 0.753125 0.6311688311688312 0.053125
14 0.5012987012987012 0.8359375 0.3038961038961039 0.0171875
15 0.5012987012987012 0.9390625 0.6311688311688312 0.0515625
18 0.4987012987012987 0.0171875 0.9974025974025974 0.034375
6 0.8935064935064935 0.4359375 0.05714285714285714 0.021875
14 0.5012987012987012 0.753125 0.11688311688311688 0.015625
14 0.5012987012987012 0.9421875 0.2779220779220779 0.01875