17 0.4987012987012987 0.0765625 0.9974025974025974 0.08125
6 0.06753246753246753 0.0765625 0.03896103896103896 0.0234375
14 0.4987012987012987 0.165625 0.44935064935064933 0.0328125
16 0.4987012987012987 0.24375 0.8649350649350649 0.059375
16 0.4987012987012987 0.3265625 0.8623376623376623 0.0578125
14 0.4987012987012987 0.3859375 0.8 0.0171875
14 0.5012987012987012 0.428125 0.03636363636363636 0.0140625
14 0.4987012987012987 0.5640625 0.4701298701298701 0.0234375
15 0.4987012987012987 0.4890625 0.8623376623376623 0.0515625
14 0.4987012987012987 0.903125 0.4961038961038961 0.021875
14 0.4987012987012987 0.9640625 0.8181818181818182 0.040625
18 0.4987012987012987 0.0171875 0.9974025974025974 0.034375
14 0.548051948051948 0.246875 0.3012987012987013 0.01875
14 0.5506493506493506 0.3265625 0.37662337662337664 0.021875
14 0.5012987012987012 0.4921875 0.3064935064935065 0.021875
6 0.11688311688311688 0.3265625 0.025974025974025976 0.0359375
7 0.11688311688311688 0.24375 0.04155844155844156 0.0265625