0 0.5 0.51640625 1 0.9640625
14 0.4987012987012987 0.1078125 0.21038961038961038 0.0328125
2 0.5012987012987012 0.653125 0.922077922077922 0.646875
16 0.5012987012987012 0.3890625 0.8441558441558441 0.071875
14 0.5012987012987012 0.45 0.04415584415584416 0.021875
5 0.4987012987012987 0.5015625 0.825974025974026 0.0296875
14 0.13246753246753246 0.496875 0.08571428571428572 0.0203125
5 0.2883116883116883 0.5625 0.4051948051948052 0.0296875
14 0.17402597402597403 0.5578125 0.16623376623376623 0.0203125
5 0.7116883116883117 0.5625 0.4051948051948052 0.0296875
14 0.5948051948051948 0.5578125 0.16623376623376623 0.01875
5 0.4987012987012987 0.63125 0.825974025974026 0.034375
14 0.18701298701298702 0.625 0.1974025974025974 0.01875
3 0.17402597402597403 0.6953125 0.14285714285714285 0.028125
3 0.6077922077922078 0.6953125 0.17922077922077922 0.028125
14 0.2051948051948052 0.69375 0.07532467532467532 0.0203125
14 0.6363636363636364 0.69375 0.11428571428571428 0.0203125
5 0.4987012987012987 0.7640625 0.825974025974026 0.0296875
14 0.16363636363636364 0.7609375 0.14805194805194805 0.0203125
14 0.5012987012987012 0.834375 0.522077922077922 0.0484375
15 0.5012987012987012 0.9171875 0.8467532467532467 0.0703125
18 0.4987012987012987 0.0171875 0.9974025974025974 0.034375
7 0.2961038961038961 0.3890625 0.06493506493506493 0.0375
14 0.5532467532467532 0.390625 0.37402597402597404 0.0171875
14 0.4987012987012987 0.91875 0.13246753246753246 0.0171875