0 0.4987012987012987 0.5171875 0.9974025974025974 0.9640625
5 0.5038961038961038 0.28125 0.8571428571428571 0.034375
5 0.4987012987012987 0.378125 0.8545454545454545 0.0328125
5 0.4987012987012987 0.4734375 0.8545454545454545 0.0328125
5 0.4987012987012987 0.56875 0.8545454545454545 0.0328125
5 0.4987012987012987 0.665625 0.8571428571428571 0.0328125
14 0.4987012987012987 0.1609375 0.3064935064935065 0.0109375
14 0.21818181818181817 0.6609375 0.2857142857142857 0.0234375
14 0.15324675324675324 0.5609375 0.14805194805194805 0.0171875
14 0.18961038961038962 0.4671875 0.22337662337662337 0.0171875
14 0.15844155844155844 0.3703125 0.16103896103896104 0.0171875
14 0.15584415584415584 0.2734375 0.15844155844155844 0.0171875
14 0.5012987012987012 0.1078125 0.3090909090909091 0.0671875
14 0.33246753246753247 0.2 0.5168831168831168 0.021875
14 0.6571428571428571 0.2015625 0.10649350649350649 0.0234375
14 0.4961038961038961 0.753125 0.8441558441558441 0.05625
15 0.4987012987012987 0.8546875 0.8363636363636363 0.0734375
18 0.4987012987012987 0.0171875 0.9974025974025974 0.034375
14 0.5012987012987012 0.85625 0.12727272727272726 0.015625