8 0.7714285714285715 0.171875 0.13766233766233765 0.084375
8 0.4987012987012987 0.1703125 0.14025974025974025 0.084375
8 0.22597402597402597 0.171875 0.14025974025974025 0.084375
2 0.4987012987012987 0.54375 0.9402597402597402 0.2828125
7 0.7454545454545455 0.9 0.4701298701298701 0.196875
7 0.2545454545454545 0.9 0.4701298701298701 0.1984375
15 0.8935064935064935 0.75 0.13506493506493505 0.0421875
14 0.2909090909090909 0.7515625 0.5038961038961038 0.025
14 0.37662337662337664 0.6484375 0.33766233766233766 0.0203125
14 0.38181818181818183 0.6203125 0.34285714285714286 0.0203125
14 0.2961038961038961 0.584375 0.17662337662337663 0.01875
7 0.11948051948051948 0.596875 0.09610389610389611 0.0578125
14 0.4727272727272727 0.509375 0.5246753246753246 0.01875
14 0.4649350649350649 0.4828125 0.509090909090909 0.01875
14 0.2909090909090909 0.4453125 0.16623376623376623 0.0171875
7 0.11948051948051948 0.45625 0.0987012987012987 0.0578125
14 0.2051948051948052 0.353125 0.3246753246753247 0.0203125
14 0.7740259740259741 0.2390625 0.17402597402597403 0.0171875
14 0.5012987012987012 0.240625 0.1012987012987013 0.0203125
14 0.22857142857142856 0.2390625 0.09610389610389611 0.0171875
17 0.5 0.0765625 1 0.08125
14 0.3246753246753247 0.0765625 0.2961038961038961 0.0234375
6 0.9402597402597402 0.0765625 0.04935064935064935 0.028125
6 0.06753246753246753 0.075 0.046753246753246755 0.0203125
18 0.4987012987012987 0.0171875 0.9974025974025974 0.034375
6 0.22857142857142856 0.1703125 0.05454545454545454 0.0328125
6 0.5012987012987012 0.1703125 0.11168831168831168 0.021875
6 0.7714285714285715 0.1703125 0.07532467532467532 0.0234375
14 0.8961038961038961 0.7515625 0.1038961038961039 0.0125