0 0.4987012987012987 0.5171875 0.9974025974025974 0.9640625
5 0.4987012987012987 0.475 0.9038961038961039 0.03125
5 0.4987012987012987 0.3734375 0.9038961038961039 0.0296875
14 0.17142857142857143 0.36875 0.24155844155844156 0.01875
14 0.13506493506493505 0.46875 0.16623376623376623 0.01875
6 0.8545454545454545 0.471875 0.05454545454545454 0.021875
14 0.21298701298701297 0.7171875 0.23896103896103896 0.0171875
14 0.6623376623376623 0.7171875 0.4883116883116883 0.0171875
15 0.4987012987012987 0.6109375 0.8493506493506493 0.0703125
14 0.4987012987012987 0.265625 0.3246753246753247 0.0171875
16 0.7350649350649351 0.1875 0.45194805194805193 0.0578125
16 0.2649350649350649 0.1875 0.45194805194805193 0.0578125
14 0.24675324675324675 0.0796875 0.14545454545454545 0.028125
6 0.06753246753246753 0.0765625 0.04155844155844156 0.0234375
18 0.4987012987012987 0.0171875 0.9974025974025974 0.034375
14 0.2857142857142857 0.1875 0.14545454545454545 0.015625
6 0.18181818181818182 0.1859375 0.023376623376623377 0.0296875
14 0.7662337662337663 0.1890625 0.1038961038961039 0.01875
7 0.6753246753246753 0.1875 0.04415584415584416 0.028125
14 0.4987012987012987 0.6140625 0.3038961038961039 0.021875