4 0.36883116883116884 0.515625 0.7376623376623377 0.965625
9 0.37142857142857144 0.5265625 0.7428571428571429 0.671875
14 0.2597402597402597 0.8234375 0.44415584415584414 0.0171875
14 0.12987012987012986 0.7546875 0.18441558441558442 0.0203125
14 0.14805194805194805 0.6703125 0.21298701298701297 0.0203125
14 0.18701298701298702 0.5984375 0.2987012987012987 0.0171875
14 0.15584415584415584 0.528125 0.23376623376623376 0.0171875
14 0.2 0.4578125 0.3168831168831169 0.0171875
14 0.17142857142857143 0.3875 0.2649350649350649 0.0171875
14 0.13766233766233765 0.3046875 0.19480519480519481 0.0171875
14 0.1012987012987013 0.2359375 0.12467532467532468 0.0203125
7 0.36883116883116884 0.0921875 0.34025974025974026 0.0375
7 0.36883116883116884 0.109375 0.7350649350649351 0.153125
18 0.4987012987012987 0.0171875 0.9974025974025974 0.034375