3 0.6363636363636364 0.1609375 0.22857142857142856 0.028125
3 0.15324675324675324 0.1609375 0.2077922077922078 0.028125
5 0.5662337662337662 0.2375 0.8623376623376623 0.053125
17 0.5 0.0765625 1 0.08125
6 0.05974025974025974 0.0765625 0.04415584415584416 0.028125
14 0.5012987012987012 0.078125 0.3116883116883117 0.021875
14 0.19220779220779222 0.1625 0.12467532467532468 0.01875
14 0.6779220779220779 0.1625 0.14545454545454545 0.01875
6 0.9272727272727272 0.2328125 0.06753246753246753 0.04375
6 0.06753246753246753 0.234375 0.03116883116883117 0.0296875
14 0.3142857142857143 0.2421875 0.35324675324675325 0.0171875
14 0.4987012987012987 0.35 0.2077922077922078 0.015625
16 0.16623376623376623 0.475 0.05974025974025974 0.06875
6 0.16623376623376623 0.4578125 0.05974025974025974 0.0359375
16 0.5012987012987012 0.4765625 0.14285714285714285 0.0703125
6 0.4987012987012987 0.4578125 0.04415584415584416 0.0359375
16 0.8337662337662337 0.475 0.14285714285714285 0.06875
6 0.8337662337662337 0.4578125 0.05974025974025974 0.0359375
14 0.5012987012987012 0.503125 0.14285714285714285 0.0171875
14 0.8337662337662337 0.503125 0.14285714285714285 0.015625
14 0.16623376623376623 0.503125 0.05974025974025974 0.0140625
16 0.4987012987012987 0.621875 0.05194805194805195 0.0703125
6 0.5012987012987012 0.6046875 0.03636363636363636 0.0359375
16 0.8337662337662337 0.621875 0.13506493506493505 0.06875
6 0.8337662337662337 0.6046875 0.05194805194805195 0.0359375
16 0.16623376623376623 0.621875 0.11948051948051948 0.06875
6 0.16623376623376623 0.6046875 0.05974025974025974 0.034375
14 0.16623376623376623 0.6484375 0.11948051948051948 0.0140625
14 0.4987012987012987 0.6484375 0.05194805194805195 0.0140625
14 0.8337662337662337 0.6484375 0.13506493506493505 0.0140625
16 0.16623376623376623 0.7671875 0.10909090909090909 0.06875
6 0.16623376623376623 0.7515625 0.04415584415584416 0.0359375
14 0.16623376623376623 0.7953125 0.10909090909090909 0.0140625
18 0.4987012987012987 0.0171875 0.9974025974025974 0.034375