0 0.4987012987012987 0.5 0.9974025974025974 0.9984375
16 0.4987012987012987 0.4625 0.6805194805194805 0.065625
14 0.5012987012987012 0.828125 0.5688311688311688 0.053125
14 0.5012987012987012 0.734375 0.2649350649350649 0.0265625
16 0.4987012987012987 0.6421875 0.6805194805194805 0.065625
16 0.4987012987012987 0.5515625 0.6805194805194805 0.0671875
14 0.5012987012987012 0.3578125 0.7350649350649351 0.034375
14 0.4987012987012987 0.240625 0.412987012987013 0.0421875
14 0.5012987012987012 0.4640625 0.18961038961038962 0.0203125
14 0.5012987012987012 0.553125 0.13506493506493505 0.01875
14 0.5012987012987012 0.6453125 0.13766233766233765 0.0265625
6 0.22077922077922077 0.6421875 0.05454545454545454 0.0328125
7 0.22077922077922077 0.553125 0.06233766233766234 0.0328125
6 0.22077922077922077 0.4625 0.02857142857142857 0.0328125