0 0.4987012987012987 0.5171875 0.9974025974025974 0.9625
7 0.4779220779220779 0.2328125 0.2077922077922078 0.128125
7 0.4987012987012987 0.353125 0.36103896103896105 0.0640625
14 0.4987012987012987 0.403125 0.24155844155844156 0.01875
14 0.4987012987012987 0.4640625 0.45194805194805193 0.021875
14 0.4987012987012987 0.54375 0.5974025974025974 0.0515625
14 0.4987012987012987 0.809375 0.37922077922077924 0.021875
14 0.8025974025974026 0.9703125 0.2961038961038961 0.021875
16 0.4987012987012987 0.7296875 0.6831168831168831 0.065625
16 0.6753246753246753 0.8953125 0.32987012987012987 0.0625
16 0.3246753246753247 0.8953125 0.33506493506493507 0.0625
18 0.4987012987012987 0.0171875 0.9974025974025974 0.034375
14 0.5376623376623376 0.7296875 0.5116883116883116 0.015625
14 0.37402597402597404 0.8953125 0.18961038961038962 0.015625
14 0.7116883116883117 0.8953125 0.14025974025974025 0.0140625
7 0.5662337662337662 0.89375 0.05974025974025974 0.0375
7 0.21818181818181817 0.8953125 0.05974025974025974 0.0359375
7 0.21818181818181817 0.73125 0.06233766233766234 0.0390625