5 0.4987012987012987 0.6203125 0.8831168831168831 0.0328125
5 0.4987012987012987 0.7078125 0.8831168831168831 0.0328125
14 0.16363636363636364 0.703125 0.2051948051948052 0.021875
14 0.15844155844155844 0.6140625 0.19480519480519481 0.0203125
7 0.5 0.29375 1 0.515625
7 0.4961038961038961 0.2109375 0.535064935064935 0.0671875
14 0.4935064935064935 0.3296875 0.8233766233766234 0.0890625
14 0.34285714285714286 0.8734375 0.22077922077922077 0.015625
14 0.587012987012987 0.871875 0.21818181818181817 0.0171875
14 0.7428571428571429 0.871875 0.046753246753246755 0.0140625
15 0.4987012987012987 0.8 0.9038961038961039 0.071875
14 0.16623376623376623 0.978125 0.2935064935064935 0.01875
14 0.7922077922077922 0.978125 0.37922077922077924 0.01875
18 0.4987012987012987 0.0171875 0.9974025974025974 0.034375
14 0.5012987012987012 0.8015625 0.11948051948051948 0.0140625