6 0.3116883116883117 0.0765625 0.05194805194805195 0.0296875
6 0.9506493506493506 0.075 0.015584415584415584 0.0296875
6 0.1038961038961039 0.0765625 0.05454545454545454 0.028125
6 0.5246753246753246 0.075 0.04935064935064935 0.0265625
6 0.7402597402597403 0.0765625 0.046753246753246755 0.028125
10 0.4987012987012987 0.5171875 0.9194805194805195 0.709375
14 0.17662337662337663 0.2078125 0.15324675324675324 0.028125
9 0.5012987012987012 0.5734375 0.922077922077922 0.596875
3 0.4935064935064935 0.290625 0.7896103896103897 0.0296875
14 0.19480519480519481 0.2921875 0.18961038961038962 0.0203125
3 0.4935064935064935 0.3796875 0.7896103896103897 0.0296875
14 0.16883116883116883 0.3796875 0.14025974025974025 0.01875
3 0.4935064935064935 0.4703125 0.7896103896103897 0.0296875
14 0.2675324675324675 0.4703125 0.34025974025974026 0.0296875
3 0.4935064935064935 0.559375 0.7896103896103897 0.0296875
14 0.2675324675324675 0.5609375 0.34025974025974026 0.0296875
3 0.4935064935064935 0.6484375 0.7896103896103897 0.0296875
14 0.19480519480519481 0.6484375 0.19220779220779222 0.0203125
3 0.4935064935064935 0.7375 0.7896103896103897 0.0296875
14 0.2 0.7375 0.2051948051948052 0.0203125
3 0.4935064935064935 0.828125 0.7896103896103897 0.0296875
14 0.24675324675324675 0.8296875 0.2961038961038961 0.0265625
14 0.8415584415584415 0.9640625 0.21818181818181817 0.015625
14 0.16103896103896104 0.9640625 0.21818181818181817 0.0140625
14 0.5012987012987012 0.9640625 0.13506493506493505 0.0140625
18 0.4987012987012987 0.0171875 0.9974025974025974 0.034375