0 0.4987012987012987 0.5171875 0.9974025974025974 0.9625
5 0.4987012987012987 0.471875 0.9194805194805195 0.0921875
5 0.4987012987012987 0.5640625 0.9194805194805195 0.09375
14 0.18441558441558442 0.565625 0.18701298701298702 0.021875
14 0.14285714285714285 0.4796875 0.1012987012987013 0.021875
14 0.6623376623376623 0.7640625 0.2025974025974026 0.025
15 0.5012987012987012 0.6828125 0.9246753246753247 0.0703125
7 0.4987012987012987 0.228125 0.3922077922077922 0.08125
14 0.4987012987012987 0.3046875 0.45194805194805193 0.0578125
14 0.38701298701298703 0.7609375 0.3038961038961039 0.01875
14 0.5012987012987012 0.971875 0.3948051948051948 0.021875
18 0.4987012987012987 0.0171875 0.9974025974025974 0.034375
14 0.5012987012987012 0.684375 0.12727272727272726 0.015625