0 0.4987012987012987 0.5171875 0.9974025974025974 0.9640625
14 0.43376623376623374 0.1359375 0.7116883116883117 0.0921875
12 0.5168831168831168 0.6953125 0.12467532467532468 0.0140625
14 0.4987012987012987 0.9421875 0.4987012987012987 0.0203125
16 0.4987012987012987 0.778125 0.7298701298701299 0.0703125
16 0.4987012987012987 0.871875 0.7298701298701299 0.0703125
18 0.4987012987012987 0.0171875 0.9974025974025974 0.034375
14 0.5272727272727272 0.778125 0.4077922077922078 0.01875
14 0.5402597402597402 0.871875 0.4935064935064935 0.01875
7 0.2025974025974026 0.871875 0.05714285714285714 0.034375
6 0.2025974025974026 0.778125 0.05714285714285714 0.0296875