0 0.5 0.51640625 1 0.9640625
5 0.4987012987012987 0.7578125 0.9090909090909091 0.0359375
14 0.16623376623376623 0.753125 0.23896103896103896 0.021875
6 0.9324675324675324 0.7515625 0.04155844155844156 0.025
7 0.4987012987012987 0.228125 0.42857142857142855 0.1578125
14 0.4987012987012987 0.8578125 0.8649350649350649 0.0453125
15 0.2649350649350649 0.9453125 0.45714285714285713 0.0671875
15 0.7350649350649351 0.94375 0.45714285714285713 0.065625
18 0.4987012987012987 0.0171875 0.9974025974025974 0.034375
14 0.2649350649350649 0.9453125 0.15584415584415584 0.015625
14 0.7350649350649351 0.9453125 0.09350649350649351 0.0171875