4 0.3168831168831169 0.5171875 0.6311688311688312 0.9640625
5 0.2675324675324675 0.24375 0.4857142857142857 0.06875
14 0.17922077922077922 0.2453125 0.2675324675324675 0.0203125
15 0.8051948051948052 0.2875 0.19220779220779222 0.071875
6 0.9402597402597402 0.0765625 0.06753246753246753 0.0390625
6 0.12207792207792208 0.15 0.16363636363636364 0.0984375
6 0.5714285714285714 0.24375 0.03636363636363636 0.021875
9 0.3168831168831169 0.534375 0.6311688311688312 0.453125
6 0.07272727272727272 0.3390625 0.046753246753246755 0.0171875
14 0.17662337662337663 0.340625 0.11428571428571428 0.0203125
14 0.18181818181818182 0.40625 0.12467532467532468 0.0203125
14 0.19480519480519481 0.4734375 0.15844155844155844 0.025
14 0.34545454545454546 0.5296875 0.21038961038961038 0.0234375
14 0.16103896103896104 0.59375 0.08571428571428572 0.0265625
14 0.24155844155844156 0.65625 0.24935064935064935 0.0234375
14 0.2597402597402597 0.721875 0.2857142857142857 0.0265625
6 0.07272727272727272 0.71875 0.03896103896103896 0.0234375
6 0.07272727272727272 0.6546875 0.04415584415584416 0.0265625
6 0.07272727272727272 0.590625 0.04155844155844156 0.025
6 0.07272727272727272 0.46875 0.03896103896103896 0.0234375
6 0.07272727272727272 0.403125 0.03636363636363636 0.021875
18 0.4987012987012987 0.0171875 0.9974025974025974 0.034375
13 0.561038961038961 0.5296875 0.08051948051948052 0.0296875
14 0.8051948051948052 0.2875 0.10909090909090909 0.0203125