2 0.4987012987012987 0.6453125 0.9246753246753247 0.221875
17 0.5 0.07734375 1 0.0828125
14 0.19480519480519481 0.0796875 0.11688311688311688 0.034375
7 0.7402597402597403 0.934375 0.44155844155844154 0.128125
7 0.2597402597402597 0.934375 0.44155844155844154 0.128125
14 0.4987012987012987 0.81875 0.2831168831168831 0.028125
14 0.6727272727272727 0.6609375 0.3064935064935065 0.021875
14 0.612987012987013 0.628125 0.18181818181818182 0.0125
7 0.2701298701298701 0.6453125 0.4623376623376623 0.221875
2 0.5012987012987012 0.4015625 0.9246753246753247 0.2234375
14 0.7168831168831169 0.4171875 0.3948051948051948 0.0515625
14 0.6103896103896104 0.36875 0.18181818181818182 0.0125
7 0.2701298701298701 0.4 0.4597402597402597 0.2203125
14 0.4987012987012987 0.234375 0.2909090909090909 0.0234375
11 0.5 0.15390625 1 0.0640625
14 0.8753246753246753 0.153125 0.08051948051948052 0.0171875
14 0.6545454545454545 0.15625 0.2025974025974026 0.01875
14 0.4155844155844156 0.15625 0.15584415584415584 0.0203125
14 0.15324675324675324 0.153125 0.24155844155844156 0.0171875
6 0.9506493506493506 0.0703125 0.07792207792207792 0.046875
6 0.825974025974026 0.0765625 0.05974025974025974 0.0359375
6 0.06753246753246753 0.0765625 0.046753246753246755 0.0203125
18 0.4987012987012987 0.0171875 0.9974025974025974 0.034375