10 0.5012987012987012 0.5171875 0.6779220779220779 0.453125
6 0.6233766233766234 0.0703125 0.05454545454545454 0.0328125
6 0.37402597402597404 0.0703125 0.05454545454545454 0.0328125
6 0.12467532467532468 0.0703125 0.05454545454545454 0.0328125
9 0.5012987012987012 0.54375 0.6779220779220779 0.3515625
14 0.43376623376623374 0.403125 0.23376623376623376 0.0203125
14 0.38441558441558443 0.4734375 0.12987012987012986 0.01875
14 0.43116883116883115 0.546875 0.23116883116883116 0.0234375
14 0.36103896103896105 0.615625 0.08831168831168831 0.01875
14 0.522077922077922 0.684375 0.4103896103896104 0.0203125
6 0.23896103896103896 0.684375 0.07272727272727272 0.04375
6 0.23896103896103896 0.6140625 0.07272727272727272 0.04375
6 0.23896103896103896 0.54375 0.07272727272727272 0.04375
6 0.23896103896103896 0.4734375 0.07532467532467532 0.04375
6 0.23896103896103896 0.4015625 0.03636363636363636 0.04375
14 0.37922077922077924 0.3296875 0.36103896103896105 0.0265625
18 0.4987012987012987 0.0171875 0.9974025974025974 0.034375