0 0.4987012987012987 0.5 0.9974025974025974 0.9984375
7 0.5142857142857142 0.29375 0.38961038961038963 0.2359375
14 0.4987012987012987 0.9609375 0.5064935064935064 0.0203125
16 0.4987012987012987 0.68125 0.7116883116883117 0.065625
16 0.4987012987012987 0.765625 0.7116883116883117 0.065625
16 0.4987012987012987 0.85 0.7116883116883117 0.065625
14 0.5064935064935064 0.6828125 0.4883116883116883 0.01875
14 0.4831168831168831 0.76875 0.44675324675324674 0.0203125
14 0.4831168831168831 0.853125 0.44675324675324674 0.01875
7 0.19480519480519481 0.85 0.07792207792207792 0.046875
7 0.19480519480519481 0.765625 0.07792207792207792 0.0484375
7 0.19480519480519481 0.68125 0.07792207792207792 0.0484375