0 0.4987012987012987 0.5171875 0.9974025974025974 0.9640625
14 0.6415584415584416 0.9640625 0.08831168831168831 0.0140625
14 0.4987012987012987 0.6609375 0.5922077922077922 0.021875
7 0.4987012987012987 0.575 0.35064935064935066 0.125
16 0.4987012987012987 0.8046875 0.5948051948051948 0.0640625
15 0.4987012987012987 0.8921875 0.5948051948051948 0.0640625
14 0.44415584415584414 0.9625 0.2649350649350649 0.0125
18 0.4987012987012987 0.0171875 0.9974025974025974 0.034375
14 0.5272727272727272 0.80625 0.3974025974025974 0.0140625
14 0.4987012987012987 0.8921875 0.32727272727272727 0.0140625
6 0.2883116883116883 0.8046875 0.023376623376623377 0.0296875