4 0.36363636363636365 0.5171875 0.7272727272727273 0.9640625
9 0.36363636363636365 0.2609375 0.7272727272727273 0.3515625
14 0.6623376623376623 0.0546875 0.08311688311688312 0.0171875
6 0.0987012987012987 0.125 0.05974025974025974 0.0375
14 0.33246753246753247 0.1265625 0.32987012987012987 0.0203125
6 0.0987012987012987 0.215625 0.05974025974025974 0.034375
14 0.33506493506493507 0.21875 0.34025974025974026 0.0234375
6 0.0987012987012987 0.3046875 0.05454545454545454 0.0375
14 0.2675324675324675 0.3046875 0.2025974025974026 0.0203125
6 0.09610389610389611 0.39375 0.05974025974025974 0.034375
14 0.2779220779220779 0.39375 0.21818181818181817 0.0203125
3 0.21038961038961038 0.9546875 0.36363636363636365 0.028125
14 0.2545454545454545 0.9578125 0.2779220779220779 0.021875
18 0.4987012987012987 0.0171875 0.9974025974025974 0.034375