4 0.34025974025974026 0.5171875 0.6779220779220779 0.9625
14 0.12207792207792208 0.1953125 0.16363636363636364 0.01875
7 0.09610389610389611 0.1203125 0.11688311688311688 0.0703125
9 0.34025974025974026 0.3515625 0.6779220779220779 0.2328125
6 0.06753246753246753 0.28125 0.04415584415584416 0.0296875
6 0.06753246753246753 0.35 0.046753246753246755 0.028125
6 0.06753246753246753 0.4203125 0.05454545454545454 0.028125
9 0.34025974025974026 0.5578125 0.6779220779220779 0.175
6 0.06753246753246753 0.515625 0.033766233766233764 0.025
6 0.06753246753246753 0.5859375 0.04415584415584416 0.028125
6 0.2051948051948052 0.965625 0.033766233766233764 0.01875
14 0.32727272727272727 0.9671875 0.18961038961038962 0.0171875
14 0.1038961038961039 0.965625 0.13246753246753246 0.0140625
14 0.3246753246753247 0.5890625 0.2987012987012987 0.025
14 0.37922077922077924 0.51875 0.4025974025974026 0.025
14 0.2571428571428571 0.4234375 0.16363636363636364 0.021875
14 0.2857142857142857 0.353125 0.21818181818181817 0.0234375
14 0.33766233766233766 0.28125 0.3220779220779221 0.0203125
18 0.4987012987012987 0.0171875 0.9974025974025974 0.034375