4 0.3142857142857143 0.5171875 0.6285714285714286 0.9640625
7 0.3142857142857143 0.1375 0.17402597402597403 0.103125
9 0.3142857142857143 0.4859375 0.6285714285714286 0.490625
14 0.24155844155844156 0.2828125 0.13246753246753246 0.0171875
14 0.23636363636363636 0.3390625 0.11688311688311688 0.01875
14 0.22857142857142856 0.3984375 0.10909090909090909 0.01875
14 0.24935064935064935 0.453125 0.14805194805194805 0.0171875
14 0.23116883116883116 0.5109375 0.11428571428571428 0.0171875
14 0.22597402597402597 0.5671875 0.1012987012987013 0.0171875
14 0.2779220779220779 0.6234375 0.2051948051948052 0.01875
14 0.21298701298701297 0.68125 0.07012987012987013 0.0171875
6 0.11168831168831168 0.2875 0.06233766233766234 0.0375
6 0.11168831168831168 0.3484375 0.06233766233766234 0.0296875
6 0.11168831168831168 0.4 0.06233766233766234 0.034375
6 0.11428571428571428 0.459375 0.05454545454545454 0.0359375
6 0.11428571428571428 0.5140625 0.05714285714285714 0.0296875
6 0.11168831168831168 0.571875 0.05974025974025974 0.0375
6 0.11168831168831168 0.628125 0.06233766233766234 0.0296875
6 0.11168831168831168 0.6859375 0.05194805194805195 0.0375
6 0.07532467532467532 0.953125 0.06233766233766234 0.0359375
14 0.2519480519480519 0.953125 0.17922077922077922 0.0203125
18 0.4987012987012987 0.0171875 0.9974025974025974 0.034375