4 0.24415584415584415 0.5171875 0.4857142857142857 0.9640625
9 0.24155844155844156 0.228125 0.4831168831168831 0.3171875
14 0.0987012987012987 0.090625 0.15584415584415584 0.0171875
14 0.16363636363636364 0.1484375 0.1012987012987013 0.021875
14 0.2 0.2140625 0.16623376623376623 0.021875
14 0.15844155844155844 0.28125 0.08831168831168831 0.0203125
14 0.2025974025974026 0.3484375 0.17402597402597403 0.021875
9 0.24155844155844156 0.5078125 0.4831168831168831 0.2421875
14 0.1012987012987013 0.4046875 0.16363636363636364 0.015625
14 0.15844155844155844 0.4640625 0.08311688311688312 0.0265625
14 0.19220779220779222 0.528125 0.15584415584415584 0.021875
14 0.18181818181818182 0.5953125 0.13246753246753246 0.0203125
9 0.24155844155844156 0.7515625 0.4831168831168831 0.2421875
14 0.07532467532467532 0.6515625 0.11168831168831168 0.015625
14 0.21298701298701297 0.709375 0.1974025974025974 0.0171875
14 0.19220779220779222 0.778125 0.16363636363636364 0.0203125
14 0.15844155844155844 0.84375 0.09090909090909091 0.0171875
6 0.06233766233766234 0.8421875 0.05194805194805195 0.03125
6 0.06233766233766234 0.7765625 0.04935064935064935 0.03125
6 0.06233766233766234 0.7078125 0.05454545454545454 0.034375
6 0.06233766233766234 0.59375 0.05974025974025974 0.01875
6 0.06233766233766234 0.528125 0.05974025974025974 0.028125
6 0.06233766233766234 0.4609375 0.05714285714285714 0.03125
6 0.06233766233766234 0.346875 0.03636363636363636 0.0359375
6 0.06493506493506493 0.28125 0.05714285714285714 0.0328125
6 0.06233766233766234 0.2140625 0.05714285714285714 0.0296875
6 0.06233766233766234 0.146875 0.05974025974025974 0.0359375
18 0.4987012987012987 0.0171875 0.9974025974025974 0.034375