10 0.5012987012987012 0.5171875 0.7740259740259741 0.6203125
15 0.4987012987012987 0.4015625 0.7298701298701299 0.0765625
15 0.5012987012987012 0.259375 0.7298701298701299 0.0765625
16 0.4987012987012987 0.540625 0.7298701298701299 0.0765625
9 0.5012987012987012 0.7015625 0.7298701298701299 0.1625
6 0.8077922077922078 0.63125 0.02077922077922078 0.0125
6 0.8103896103896104 0.690625 0.02077922077922078 0.0140625
6 0.8103896103896104 0.7515625 0.02077922077922078 0.0140625
14 0.2545454545454545 0.803125 0.18701298701298702 0.0140625
14 0.2649350649350649 0.7515625 0.21298701298701297 0.0171875
14 0.2727272727272727 0.69375 0.22077922077922077 0.0203125
14 0.1974025974025974 0.634375 0.07012987012987013 0.0203125
14 0.5012987012987012 0.471875 0.05194805194805195 0.01875
14 0.5012987012987012 0.33125 0.05194805194805195 0.0171875
18 0.4987012987012987 0.0171875 0.9974025974025974 0.034375
14 0.5012987012987012 0.2609375 0.2883116883116883 0.0203125
14 0.4987012987012987 0.4046875 0.12727272727272726 0.025
14 0.5272727272727272 0.5421875 0.2051948051948052 0.01875
7 0.3974025974025974 0.5421875 0.04935064935064935 0.0296875