4 0.4025974025974026 0.5171875 0.8051948051948052 0.9625
6 0.2077922077922078 0.1953125 0.023376623376623377 0.0171875
14 0.3194805194805195 0.1171875 0.3090909090909091 0.040625
7 0.09350649350649351 0.1109375 0.11168831168831168 0.053125
14 0.09610389610389611 0.1984375 0.14805194805194805 0.0296875
9 0.4025974025974026 0.4890625 0.8051948051948052 0.4859375
6 0.08571428571428572 0.284375 0.05454545454545454 0.0296875
6 0.08571428571428572 0.3671875 0.06233766233766234 0.0390625
6 0.08571428571428572 0.45 0.05454545454545454 0.034375
7 0.05974025974025974 0.75 0.04155844155844156 0.0203125
14 0.11688311688311688 0.8078125 0.18961038961038962 0.0171875
14 0.14545454545454545 0.7515625 0.11948051948051948 0.0171875
14 0.17662337662337663 0.696875 0.2779220779220779 0.0234375
14 0.11428571428571428 0.6171875 0.15064935064935064 0.028125
14 0.08571428571428572 0.5359375 0.09350649350649351 0.028125
14 0.21558441558441557 0.4515625 0.08831168831168831 0.021875
14 0.2597402597402597 0.36875 0.17662337662337663 0.021875
14 0.22337662337662337 0.2890625 0.10649350649350649 0.0296875
18 0.4987012987012987 0.0171875 0.9974025974025974 0.034375