4 0.2909090909090909 0.5578125 0.5818181818181818 0.8828125
17 0.4987012987012987 0.0765625 0.9974025974025974 0.08125
6 0.06753246753246753 0.0765625 0.046753246753246755 0.0296875
9 0.2909090909090909 0.3390625 0.5818181818181818 0.4421875
6 0.07272727272727272 0.1609375 0.05454545454545454 0.0359375
6 0.07272727272727272 0.25 0.05974025974025974 0.0359375
6 0.07272727272727272 0.3375 0.05194805194805195 0.0359375
6 0.07272727272727272 0.4265625 0.05974025974025974 0.0359375
6 0.07272727272727272 0.515625 0.05974025974025974 0.009375
14 0.19220779220779222 0.515625 0.09610389610389611 0.0171875
14 0.22857142857142856 0.4265625 0.16623376623376623 0.01875
14 0.22337662337662337 0.340625 0.16103896103896104 0.021875
14 0.2623376623376623 0.2515625 0.23116883116883116 0.0203125
14 0.24675324675324675 0.1625 0.2025974025974026 0.0203125
18 0.4987012987012987 0.0171875 0.9974025974025974 0.034375