9 0.5 0.48125 1 0.553125
17 0.5012987012987012 0.0765625 0.9948051948051948 0.0796875
14 0.2987012987012987 0.7203125 0.2623376623376623 0.01875
7 0.08311688311688312 0.7 0.05974025974025974 0.0359375
14 0.21298701298701297 0.684375 0.08571428571428572 0.021875
7 0.08311688311688312 0.5875 0.05974025974025974 0.0359375
14 0.2987012987012987 0.6078125 0.2623376623376623 0.0203125
14 0.21818181818181817 0.5703125 0.09610389610389611 0.021875
14 0.2961038961038961 0.4953125 0.2623376623376623 0.01875
7 0.08311688311688312 0.4734375 0.05974025974025974 0.0359375
14 0.22857142857142856 0.4578125 0.12467532467532468 0.0234375
7 0.08311688311688312 0.3609375 0.05974025974025974 0.0359375
14 0.2987012987012987 0.38125 0.2597402597402597 0.01875
14 0.21298701298701297 0.3453125 0.09350649350649351 0.021875
14 0.2857142857142857 0.26875 0.23896103896103896 0.0203125
7 0.08311688311688312 0.2484375 0.05974025974025974 0.0359375
6 0.9116883116883117 0.2484375 0.04415584415584416 0.0203125
14 0.21038961038961038 0.2328125 0.08571428571428572 0.021875
14 0.2077922077922078 0.175 0.3168831168831169 0.0203125
14 0.2597402597402597 0.0765625 0.16363636363636364 0.021875
6 0.06753246753246753 0.0765625 0.04155844155844156 0.0234375
18 0.4987012987012987 0.0171875 0.9974025974025974 0.034375