10 0.4987012987012987 0.5171875 0.7714285714285715 0.6078125
5 0.4987012987012987 0.4734375 0.4857142857142857 0.0578125
5 0.4987012987012987 0.4 0.4857142857142857 0.0578125
14 0.36623376623376624 0.4734375 0.18701298701298702 0.0171875
14 0.35584415584415585 0.4 0.16883116883116883 0.0171875
14 0.4987012987012987 0.7234375 0.43116883116883115 0.0203125
15 0.4987012987012987 0.6625 0.412987012987013 0.0515625
15 0.4987012987012987 0.6046875 0.36623376623376624 0.0515625
14 0.4935064935064935 0.5484375 0.4155844155844156 0.0171875
14 0.4987012987012987 0.3421875 0.38961038961038963 0.0203125
14 0.23376623376623376 0.2640625 0.15584415584415584 0.0296875
18 0.4987012987012987 0.0171875 0.9974025974025974 0.034375
14 0.4987012987012987 0.60625 0.0987012987012987 0.01875
14 0.5012987012987012 0.6640625 0.3090909090909091 0.015625