4 0.38961038961038963 0.5578125 0.7766233766233767 0.88125
17 0.4987012987012987 0.0765625 0.9974025974025974 0.08125
6 0.06753246753246753 0.075 0.04155844155844156 0.025
6 0.17402597402597403 0.0765625 0.07272727272727272 0.0390625
6 0.8389610389610389 0.071875 0.07792207792207792 0.0453125
6 0.9402597402597402 0.0765625 0.06753246753246753 0.040625
14 0.3246753246753247 0.0765625 0.2 0.025
14 0.18441558441558442 0.1546875 0.3038961038961039 0.025
9 0.38961038961038963 0.34375 0.7766233766233767 0.3046875
14 0.13766233766233765 0.2375 0.2 0.01875
14 0.24675324675324675 0.3078125 0.14025974025974025 0.0171875
14 0.23116883116883116 0.378125 0.11428571428571428 0.0171875
14 0.2571428571428571 0.446875 0.16363636363636364 0.01875
9 0.38961038961038963 0.6796875 0.7766233766233767 0.3625
14 0.14805194805194805 0.53125 0.21558441558441557 0.0171875
14 0.2727272727272727 0.6015625 0.19480519480519481 0.0171875
14 0.2545454545454545 0.6734375 0.15584415584415584 0.021875
14 0.21818181818181817 0.7421875 0.08571428571428572 0.0171875
14 0.22337662337662337 0.8125 0.09610389610389611 0.01875
14 0.12987012987012986 0.8953125 0.18701298701298702 0.0171875
14 0.2727272727272727 0.965625 0.19480519480519481 0.0171875
6 0.06753246753246753 0.965625 0.04935064935064935 0.0296875
6 0.07012987012987013 0.8125 0.04935064935064935 0.028125
6 0.06753246753246753 0.7421875 0.046753246753246755 0.028125
6 0.06753246753246753 0.671875 0.046753246753246755 0.03125
6 0.06753246753246753 0.6015625 0.04935064935064935 0.03125
6 0.06753246753246753 0.446875 0.05454545454545454 0.0296875
6 0.06753246753246753 0.3765625 0.04415584415584416 0.0296875
6 0.06753246753246753 0.30625 0.05974025974025974 0.0359375
18 0.4987012987012987 0.0171875 0.9974025974025974 0.034375