14 0.3922077922077922 0.771875 0.7064935064935065 0.075
17 0.4987012987012987 0.071875 0.9974025974025974 0.071875
14 0.6285714285714286 0.503125 0.6571428571428571 0.08125
14 0.3246753246753247 0.2328125 0.5792207792207792 0.08125
14 0.4883116883116883 0.075 0.509090909090909 0.0265625
6 0.05974025974025974 0.0703125 0.03896103896103896 0.021875
7 0.8285714285714286 0.23125 0.2909090909090909 0.175
7 0.15844155844155844 0.5 0.2519480519480519 0.1265625
7 0.8779220779220779 0.7703125 0.19220779220779222 0.140625
12 0.4987012987012987 0.96875 0.033766233766233764 0.009375
15 0.5012987012987012 0.9265625 0.9038961038961039 0.0609375
18 0.4987012987012987 0.0171875 0.9974025974025974 0.034375
14 0.5012987012987012 0.9265625 0.44675324675324674 0.01875