17 0.4987012987012987 0.0765625 0.9974025974025974 0.08125
2 0.7480519480519481 0.3421875 0.4779220779220779 0.440625
6 0.9272727272727272 0.50625 0.04935064935064935 0.0265625
2 0.2519480519480519 0.7484375 0.4779220779220779 0.353125
14 0.2077922077922078 0.9046875 0.33766233766233766 0.021875
2 0.7480519480519481 0.7484375 0.4753246753246753 0.353125
14 0.6493506493506493 0.9046875 0.22597402597402597 0.021875
14 0.6675324675324675 0.4515625 0.2649350649350649 0.04375
2 0.2519480519480519 0.3421875 0.4753246753246753 0.4390625
14 0.21298701298701297 0.453125 0.34285714285714286 0.021875
6 0.43116883116883115 0.50625 0.04935064935064935 0.0265625
7 0.7480519480519481 0.71875 0.4727272727272727 0.2921875
7 0.2519480519480519 0.71875 0.4753246753246753 0.2921875
14 0.5844155844155844 0.5328125 0.09610389610389611 0.0125
14 0.9272727272727272 0.5359375 0.046753246753246755 0.0125
14 0.6285714285714286 0.503125 0.17922077922077922 0.0140625
14 0.08831168831168831 0.5328125 0.09350649350649351 0.0140625
14 0.43376623376623374 0.5359375 0.06233766233766234 0.0140625
14 0.13246753246753246 0.503125 0.18181818181818182 0.0140625
7 0.7480519480519481 0.26875 0.4753246753246753 0.2921875
7 0.2519480519480519 0.26875 0.4753246753246753 0.2921875
14 0.2909090909090909 0.0796875 0.23116883116883116 0.028125
6 0.9402597402597402 0.0765625 0.033766233766233764 0.0203125
6 0.06753246753246753 0.0765625 0.04155844155844156 0.021875
18 0.4987012987012987 0.0171875 0.9974025974025974 0.034375