5 0.5012987012987012 0.0828125 0.961038961038961 0.0703125
7 0.5 0.80546875 1 0.2421875
7 0.4987012987012987 0.325 0.9974025974025974 0.3796875
14 0.32727272727272727 0.084375 0.34805194805194806 0.0265625
12 0.4987012987012987 0.49375 0.12987012987012986 0.0140625
14 0.5012987012987012 0.4453125 0.34025974025974026 0.021875
8 0.8857142857142857 0.853125 0.14025974025974025 0.0828125
15 0.7428571428571429 0.6375 0.4753246753246753 0.0703125
15 0.2571428571428571 0.6375 0.4753246753246753 0.0703125
15 0.7428571428571429 0.5625 0.4753246753246753 0.0703125
15 0.2571428571428571 0.5625 0.4753246753246753 0.0703125
6 0.08831168831168831 0.0828125 0.04935064935064935 0.01875
18 0.4987012987012987 0.0171875 0.9974025974025974 0.034375
6 0.8857142857142857 0.853125 0.033766233766233764 0.0203125
14 0.2571428571428571 0.5625 0.18441558441558442 0.015625
14 0.2571428571428571 0.6390625 0.21038961038961038 0.015625
14 0.7428571428571429 0.5625 0.1974025974025974 0.0140625
14 0.7428571428571429 0.6390625 0.19480519480519481 0.015625