0 0.5 0.51640625 1 0.9640625
14 0.5012987012987012 0.35 0.6181818181818182 0.028125
14 0.5012987012987012 0.246875 0.37662337662337664 0.0578125
12 0.4961038961038961 0.6703125 0.09610389610389611 0.015625
14 0.7844155844155845 0.828125 0.3194805194805195 0.01875
16 0.4987012987012987 0.715625 0.8935064935064935 0.0578125
16 0.5012987012987012 0.7859375 0.8961038961038961 0.059375
15 0.4987012987012987 0.8828125 0.8987012987012987 0.0578125
14 0.8987012987012987 0.9546875 0.0987012987012987 0.025
14 0.6441558441558441 0.9546875 0.38961038961038963 0.021875
18 0.4987012987012987 0.0171875 0.9974025974025974 0.034375
14 0.5818181818181818 0.715625 0.3922077922077922 0.015625
14 0.5636363636363636 0.7859375 0.35064935064935066 0.015625
14 0.5012987012987012 0.884375 0.32987012987012987 0.015625
6 0.12727272727272726 0.715625 0.023376623376623377 0.0296875
6 0.15324675324675324 0.7859375 0.07792207792207792 0.0296875