9 0.5 0.53046875 1 0.8203125
17 0.5012987012987012 0.078125 0.9948051948051948 0.0828125
14 0.22337662337662337 0.6796875 0.38181818181818183 0.025
14 0.15324675324675324 0.8875 0.24415584415584415 0.021875
14 0.2779220779220779 0.784375 0.4987012987012987 0.0265625
14 0.12987012987012986 0.571875 0.2025974025974026 0.0203125
14 0.16883116883116883 0.4671875 0.2805194805194805 0.0203125
14 0.13506493506493505 0.365625 0.21298701298701297 0.025
14 0.16883116883116883 0.259375 0.2779220779220779 0.0265625
6 0.9272727272727272 0.1515625 0.02857142857142857 0.0125
14 0.08831168831168831 0.16875 0.11428571428571428 0.01875
14 0.2025974025974026 0.1390625 0.34285714285714286 0.0265625
14 0.33246753246753247 0.078125 0.3090909090909091 0.0265625
6 0.9324675324675324 0.0765625 0.04935064935064935 0.0296875
6 0.06753246753246753 0.0765625 0.05714285714285714 0.0359375
18 0.4987012987012987 0.0171875 0.9974025974025974 0.034375
13 0.8805194805194805 0.5734375 0.17662337662337663 0.0609375
13 0.8753246753246753 0.678125 0.17922077922077922 0.0609375
13 0.8753246753246753 0.784375 0.17922077922077922 0.0609375