10 0.4987012987012987 0.5171875 0.7948051948051948 0.565625
7 0.6779220779220779 0.7390625 0.09610389610389611 0.059375
7 0.561038961038961 0.7421875 0.07532467532467532 0.0484375
7 0.43636363636363634 0.7421875 0.08571428571428572 0.053125
7 0.3220779220779221 0.7421875 0.09610389610389611 0.0578125
14 0.5012987012987012 0.696875 0.04415584415584416 0.0140625
15 0.4987012987012987 0.64375 0.2883116883116883 0.0796875
14 0.4987012987012987 0.5671875 0.22337662337662337 0.0171875
14 0.4987012987012987 0.528125 0.2909090909090909 0.0296875
14 0.5038961038961038 0.4546875 0.4051948051948052 0.0296875
7 0.4987012987012987 0.340625 0.6 0.1203125
6 0.8467532467532467 0.2640625 0.04935064935064935 0.0265625
18 0.4987012987012987 0.0171875 0.9974025974025974 0.034375
14 0.4987012987012987 0.64375 0.13506493506493505 0.0296875