17 0.5 0.07578125 1 0.0796875
14 0.5194805194805194 0.0765625 0.2961038961038961 0.05
6 0.06753246753246753 0.0765625 0.04935064935064935 0.021875
6 0.9454545454545454 0.0765625 0.01038961038961039 0.0234375
10 0.4987012987012987 0.5171875 0.9246753246753247 0.5984375
14 0.2753246753246753 0.2625 0.3090909090909091 0.028125
9 0.3142857142857143 0.5578125 0.42597402597402595 0.453125
3 0.2857142857142857 0.3484375 0.37142857142857144 0.0296875
14 0.34285714285714286 0.3484375 0.2571428571428571 0.021875
3 0.23376623376623376 0.41875 0.2675324675324675 0.0296875
14 0.2909090909090909 0.4203125 0.15324675324675324 0.0265625
3 0.23116883116883116 0.4875 0.2597402597402597 0.0296875
14 0.2883116883116883 0.4890625 0.14545454545454545 0.021875
3 0.22337662337662337 0.5578125 0.24415584415584415 0.0296875
14 0.2805194805194805 0.5578125 0.12727272727272726 0.0203125
3 0.3116883116883117 0.628125 0.42337662337662335 0.03125
14 0.36883116883116884 0.6296875 0.3090909090909091 0.0265625
3 0.22337662337662337 0.6984375 0.24415584415584415 0.0296875
14 0.2805194805194805 0.6984375 0.12727272727272726 0.021875
3 0.2753246753246753 0.76875 0.34805194805194806 0.0296875
14 0.32987012987012987 0.76875 0.23376623376623376 0.021875
16 0.2597402597402597 0.953125 0.44415584415584414 0.053125
16 0.7584415584415585 0.953125 0.44155844155844154 0.053125
18 0.4987012987012987 0.0171875 0.9974025974025974 0.034375
14 0.2909090909090909 0.9546875 0.13246753246753246 0.0140625
14 0.7896103896103897 0.9546875 0.12467532467532468 0.015625
6 0.6701298701298701 0.953125 0.046753246753246755 0.028125
6 0.16623376623376623 0.953125 0.046753246753246755 0.0296875