5 0.5 0.1828125 0.8444444444444444 0.059375
5 0.5 0.24375 0.8444444444444444 0.0609375
14 0.28055555555555556 0.2453125 0.18888888888888888 0.021875
14 0.2388888888888889 0.184375 0.10555555555555556 0.0203125
17 0.5 0.071875 1 0.0765625
6 0.9444444444444444 0.071875 0.013888888888888888 0.0296875
6 0.06944444444444445 0.071875 0.044444444444444446 0.0203125
6 0.14166666666666666 0.1828125 0.044444444444444446 0.0171875
6 0.14166666666666666 0.24375 0.03333333333333333 0.025
14 0.21388888888888888 0.075 0.13055555555555556 0.0265625
14 0.5 0.3171875 0.4388888888888889 0.025
14 0.5 0.48125 0.5972222222222222 0.025
15 0.5 0.3890625 0.8444444444444444 0.0609375
18 0.4986111111111111 0.015625 0.9972222222222222 0.03125
14 0.5 0.3921875 0.125 0.025