5 0.5 0.1640625 0.9277777777777778 0.06875
5 0.5 0.253125 0.9277777777777778 0.06875
14 0.15555555555555556 0.2515625 0.17222222222222222 0.01875
14 0.12222222222222222 0.1625 0.1111111111111111 0.01875
17 0.5 0.071875 1 0.0765625
14 0.34444444444444444 0.0703125 0.3333333333333333 0.021875
14 0.5 0.434375 0.03611111111111111 0.0109375
14 0.5 0.621875 0.6222222222222222 0.025
6 0.06944444444444445 0.0703125 0.03888888888888889 0.021875
15 0.5 0.340625 0.9277777777777778 0.0671875
16 0.5 0.5234375 0.9277777777777778 0.06875
18 0.4986111111111111 0.015625 0.9972222222222222 0.03125
14 0.5027777777777778 0.340625 0.11388888888888889 0.0171875
14 0.5 0.5234375 0.5583333333333333 0.01875
7 0.09722222222222222 0.525 0.058333333333333334 0.0328125