18 0.4986111111111111 0.015625 0.9972222222222222 0.03125
14 0.22777777777777777 0.075 0.18611111111111112 0.0296875
6 0.06666666666666667 0.071875 0.03611111111111111 0.0203125
2 0.5 0.4109375 0.9222222222222223 0.6015625
5 0.5 0.2625 0.8166666666666667 0.0328125
5 0.5 0.340625 0.8166666666666667 0.0328125
5 0.5 0.4203125 0.8166666666666667 0.034375
5 0.5 0.4984375 0.8166666666666667 0.0328125
3 0.5 0.565625 0.8166666666666667 0.05625
11 0.5 0.14375 0.9222222222222223 0.0703125
6 0.6444444444444445 0.1453125 0.03611111111111111 0.0296875
6 0.2 0.1453125 0.05 0.0203125
14 0.30833333333333335 0.146875 0.13333333333333333 0.01875
14 0.7583333333333333 0.146875 0.16111111111111112 0.0171875
14 0.2 0.25625 0.20833333333333334 0.01875
14 0.19722222222222222 0.334375 0.20277777777777778 0.0171875
14 0.14722222222222223 0.4125 0.10277777777777777 0.0203125
14 0.18888888888888888 0.490625 0.18888888888888888 0.0203125
6 0.8777777777777778 0.49375 0.05277777777777778 0.01875
14 0.3388888888888889 0.565625 0.49166666666666664 0.05625
15 0.5 0.6515625 0.8166666666666667 0.053125
7 0.5 0.8984375 0.9972222222222222 0.2015625
14 0.5 0.653125 0.4083333333333333 0.021875