5 0.5 0.671875 0.9 0.0765625
5 0.5 0.5734375 0.9 0.0765625
5 0.5 0.475 0.9 0.0765625
5 0.5 0.3765625 0.9 0.0765625
5 0.5 0.275 0.9 0.0828125
14 0.19444444444444445 0.240625 0.22777777777777777 0.015625
14 0.22777777777777777 0.3765625 0.30277777777777776 0.01875
14 0.18055555555555555 0.475 0.20277777777777778 0.01875
14 0.39444444444444443 0.575 0.6222222222222222 0.025
14 0.29444444444444445 0.6734375 0.42777777777777776 0.025
7 0.5 0.0703125 0.3138888888888889 0.0328125
14 0.4638888888888889 0.171875 0.5333333333333333 0.05
14 0.5 0.8625 0.4861111111111111 0.021875
15 0.5 0.778125 0.9 0.0671875
6 0.06944444444444445 0.0703125 0.03888888888888889 0.021875
6 0.10555555555555556 0.1703125 0.09722222222222222 0.0484375
6 0.8888888888888888 0.5734375 0.05555555555555555 0.0265625
18 0.4986111111111111 0.015625 0.9972222222222222 0.03125
14 0.5 0.7796875 0.1111111111111111 0.0171875