7 0.5 0.2796875 0.9222222222222223 0.265625
7 0.5 0.55625 0.9222222222222223 0.265625
7 0.5 0.8109375 0.9222222222222223 0.2234375
14 0.30833333333333335 0.0875 0.5333333333333333 0.0296875
14 0.25555555555555554 0.178125 0.3527777777777778 0.0125
14 0.2777777777777778 0.328125 0.39444444444444443 0.05625
14 0.275 0.38125 0.39166666666666666 0.01875
14 0.25555555555555554 0.4546875 0.3527777777777778 0.0125
14 0.2777777777777778 0.6046875 0.39444444444444443 0.0546875
14 0.28888888888888886 0.6578125 0.4166666666666667 0.01875
14 0.25555555555555554 0.73125 0.3527777777777778 0.0125
14 0.2777777777777778 0.88125 0.3972222222222222 0.05625
1 0.5 0.96171875 1 0.0765625
16 0.16666666666666666 0.9609375 0.08611111111111111 0.05
14 0.16666666666666666 0.98125 0.08611111111111111 0.0109375
16 0.5 0.9609375 0.11666666666666667 0.05
14 0.5 0.98125 0.11666666666666667 0.0109375
16 0.8333333333333334 0.9609375 0.08888888888888889 0.05
14 0.8333333333333334 0.98125 0.08888888888888889 0.0109375
6 0.16666666666666666 0.95 0.05277777777777778 0.0296875
6 0.5 0.95 0.05277777777777778 0.0265625
6 0.8333333333333334 0.95 0.03333333333333333 0.028125
18 0.4986111111111111 0.0125 0.9972222222222222 0.025