5 0.49444444444444446 0.265625 0.8944444444444445 0.0421875
5 0.49444444444444446 0.384375 0.8944444444444445 0.0359375
14 0.33055555555555555 0.38125 0.5583333333333333 0.0265625
14 0.28055555555555556 0.2671875 0.45555555555555555 0.0265625
14 0.7611111111111111 0.0734375 0.35555555555555557 0.0234375
14 0.3277777777777778 0.1390625 0.5527777777777778 0.0328125
14 0.11388888888888889 0.21875 0.12777777777777777 0.015625
14 0.15555555555555556 0.334375 0.20833333333333334 0.015625
14 0.5 0.55 0.03611111111111111 0.0109375
14 0.4888888888888889 0.6890625 0.39444444444444443 0.0234375
6 0.06666666666666667 0.071875 0.041666666666666664 0.0234375
6 0.8916666666666667 0.3796875 0.05555555555555555 0.0265625
15 0.5 0.4875 0.8805555555555555 0.0609375
15 0.5 0.6078125 0.8833333333333333 0.0609375
18 0.4986111111111111 0.015625 0.9972222222222222 0.03125
14 0.5 0.490625 0.1361111111111111 0.025
14 0.5027777777777778 0.6109375 0.48055555555555557 0.0265625