15 0.4 0.071875 0.19444444444444445 0.0484375
15 0.6 0.071875 0.2 0.0484375
6 0.9388888888888889 0.071875 0.041666666666666664 0.03125
14 0.14166666666666666 0.375 0.20555555555555555 0.01875
14 0.8388888888888889 0.371875 0.2388888888888889 0.0171875
14 0.09444444444444444 0.7203125 0.11388888888888889 0.0171875
14 0.85 0.71875 0.21666666666666667 0.015625
2 0.5 0.959375 1 0.08125
16 0.08333333333333333 0.959375 0.06666666666666667 0.059375
14 0.08333333333333333 0.9828125 0.06666666666666667 0.0125
16 0.25 0.9609375 0.09444444444444444 0.0625
14 0.25 0.984375 0.09444444444444444 0.015625
16 0.4166666666666667 0.95625 0.08611111111111111 0.0640625
14 0.4166666666666667 0.9828125 0.08611111111111111 0.0125
16 0.5833333333333334 0.959375 0.06944444444444445 0.0578125
14 0.5833333333333334 0.9828125 0.06666666666666667 0.0125
16 0.75 0.959375 0.1111111111111111 0.0625
14 0.75 0.984375 0.1111111111111111 0.0140625
16 0.9166666666666666 0.959375 0.05555555555555555 0.0609375
14 0.9166666666666666 0.9828125 0.03888888888888889 0.0125
6 0.08333333333333333 0.94375 0.06111111111111111 0.03125
6 0.25 0.94375 0.05555555555555555 0.0296875
6 0.4166666666666667 0.94375 0.06944444444444445 0.040625
6 0.5833333333333334 0.9453125 0.06666666666666667 0.0296875
6 0.75 0.94375 0.05277777777777778 0.0328125
6 0.9166666666666666 0.94375 0.05555555555555555 0.0328125
7 0.5 0.859375 1 0.115625
7 0.5 0.571875 0.9972222222222222 0.2328125
7 0.5 0.225 0.9972222222222222 0.2328125
8 0.8916666666666667 0.8578125 0.1361111111111111 0.0765625
18 0.4986111111111111 0.015625 0.9972222222222222 0.03125
6 0.8916666666666667 0.8578125 0.03888888888888889 0.021875
14 0.4 0.0734375 0.14444444444444443 0.015625
14 0.5972222222222222 0.075 0.14722222222222223 0.01875