6 0.03611111111111111 0.065625 0.025 0.021875
8 0.9083333333333333 0.809375 0.15555555555555556 0.0875
14 0.5 0.7875 0.041666666666666664 0.0140625
15 0.5 0.8875 0.9277777777777778 0.0625
16 0.5 0.690625 0.9277777777777778 0.0625
14 0.37222222222222223 0.1234375 0.6694444444444444 0.0328125
14 0.3333333333333333 0.19375 0.5916666666666667 0.05625
18 0.4986111111111111 0.015625 0.9972222222222222 0.03125
14 0.5305555555555556 0.690625 0.4583333333333333 0.0171875
14 0.5 0.8875 0.38055555555555554 0.0171875
6 0.9111111111111111 0.8125 0.08333333333333333 0.04375
6 0.09166666666666666 0.6890625 0.022222222222222223 0.0265625