5 0.5 0.071875 0.9222222222222223 0.0546875
14 0.21944444444444444 0.071875 0.15 0.0203125
14 0.7555555555555555 0.071875 0.13055555555555556 0.015625
14 0.32222222222222224 0.1671875 0.4027777777777778 0.015625
14 0.375 0.196875 0.5111111111111111 0.0171875
14 0.175 0.278125 0.26944444444444443 0.015625
9 0.5 0.4265625 1 0.2234375
14 0.10555555555555556 0.3515625 0.13333333333333333 0.015625
14 0.07777777777777778 0.4265625 0.075 0.015625
14 0.08055555555555556 0.503125 0.08055555555555556 0.0203125
14 0.1388888888888889 0.5875 0.20277777777777778 0.015625
9 0.5 0.7734375 1 0.3
14 0.3 0.653125 0.225 0.015625
14 0.5722222222222222 0.6921875 0.7694444444444445 0.0359375
14 0.3 0.771875 0.2222222222222222 0.0203125
14 0.4638888888888889 0.8 0.55 0.01875
14 0.275 0.865625 0.17222222222222222 0.0171875
14 0.5277777777777778 0.9046875 0.6777777777777778 0.0375
1 0.5 0.9625 1 0.075
16 0.7 0.959375 0.10833333333333334 0.0515625
14 0.7 0.9796875 0.10833333333333334 0.0125
16 0.8972222222222223 0.9609375 0.058333333333333334 0.0484375
14 0.9 0.9796875 0.06111111111111111 0.0125
16 0.5 0.9609375 0.08888888888888889 0.0515625
14 0.5 0.978125 0.09166666666666666 0.0140625
16 0.3 0.9609375 0.12222222222222222 0.05
14 0.3 0.978125 0.12222222222222222 0.0140625
16 0.1 0.9609375 0.07777777777777778 0.05
14 0.1 0.9796875 0.07777777777777778 0.0125
6 0.5472222222222223 0.0703125 0.03888888888888889 0.0296875
6 0.9027777777777778 0.071875 0.025 0.0078125
6 0.09166666666666666 0.071875 0.05 0.028125
7 0.06388888888888888 0.18125 0.04722222222222222 0.028125
6 0.1 0.95 0.05555555555555555 0.0296875
6 0.3 0.95 0.058333333333333334 0.0296875
6 0.5 0.95 0.05555555555555555 0.03125
6 0.7 0.95 0.05 0.03125
6 0.9 0.95 0.05555555555555555 0.0265625
7 0.09444444444444444 0.8875 0.11666666666666667 0.065625
7 0.09444444444444444 0.7828125 0.11666666666666667 0.065625
7 0.09444444444444444 0.675 0.11666666666666667 0.0640625
18 0.4986111111111111 0.015625 0.9972222222222222 0.03125