17 0.5 0.071875 1 0.075
14 0.5 0.0703125 0.2611111111111111 0.0171875
14 0.8888888888888888 0.1453125 0.14444444444444443 0.0171875
14 0.21388888888888888 0.1484375 0.35 0.0265625
14 0.45555555555555555 0.2171875 0.8333333333333334 0.05625
14 0.15555555555555556 0.496875 0.21388888888888888 0.053125
14 0.6444444444444445 0.48125 0.35555555555555557 0.021875
14 0.9444444444444444 0.478125 0.1111111111111111 0.015625
14 0.9444444444444444 0.5125 0.1111111111111111 0.0140625
14 0.525 0.5125 0.1111111111111111 0.015625
14 0.10555555555555556 0.546875 0.1111111111111111 0.015625
14 0.21666666666666667 0.646875 0.35555555555555557 0.0265625
14 0.8888888888888888 0.64375 0.14444444444444443 0.0171875
14 0.25 0.696875 0.425 0.021875
1 0.5 0.9609375 1 0.075
16 0.1 0.9625 0.13333333333333333 0.059375
14 0.1 0.984375 0.13333333333333333 0.0125
16 0.3 0.9609375 0.09166666666666666 0.0546875
14 0.3 0.9828125 0.09166666666666666 0.0109375
16 0.5 0.9609375 0.09166666666666666 0.059375
14 0.5 0.984375 0.09166666666666666 0.0125
16 0.7 0.9609375 0.10833333333333334 0.059375
14 0.7 0.984375 0.10833333333333334 0.0125
16 0.9 0.9609375 0.08055555555555556 0.053125
14 0.9 0.9828125 0.08055555555555556 0.009375
6 0.1 0.9515625 0.06111111111111111 0.0375
6 0.3 0.9515625 0.06388888888888888 0.0375
6 0.49722222222222223 0.9515625 0.04722222222222222 0.0375
6 0.7 0.95 0.044444444444444446 0.0375
6 0.8972222222222223 0.9515625 0.06388888888888888 0.034375
7 0.23333333333333334 0.359375 0.36944444444444446 0.159375
7 0.6527777777777778 0.359375 0.36944444444444446 0.159375
7 0.9416666666666667 0.359375 0.1111111111111111 0.159375
7 0.23333333333333334 0.8328125 0.36944444444444446 0.18125
7 0.6527777777777778 0.8328125 0.37222222222222223 0.18125
7 0.9444444444444444 0.8328125 0.1111111111111111 0.18125
18 0.4986111111111111 0.015625 0.9972222222222222 0.03125