18 0.4986111111111111 0.015625 0.9972222222222222 0.03125
5 0.2638888888888889 0.2390625 0.42777777777777776 0.078125
5 0.7361111111111112 0.2390625 0.425 0.078125
5 0.5 0.340625 0.9027777777777778 0.0796875
5 0.5 0.440625 0.9027777777777778 0.0796875
6 0.06388888888888888 0.065625 0.04722222222222222 0.0265625
3 0.4638888888888889 0.5421875 0.8333333333333334 0.0515625
14 0.5 0.125 0.2638888888888889 0.046875
14 0.18611111111111112 0.2421875 0.20833333333333334 0.01875
14 0.6583333333333333 0.2421875 0.20555555555555555 0.01875
14 0.13333333333333333 0.34375 0.10277777777777777 0.01875
14 0.2222222222222222 0.44375 0.28055555555555556 0.01875
14 0.5027777777777778 0.5421875 0.7555555555555555 0.0515625
14 0.4777777777777778 0.6390625 0.8583333333333333 0.053125
15 0.5 0.73125 0.8138888888888889 0.0609375
14 0.5027777777777778 0.8 0.05277777777777778 0.01875
16 0.5 0.86875 0.8138888888888889 0.0609375
14 0.5 0.9640625 0.6166666666666667 0.0234375
14 0.5027777777777778 0.7328125 0.09444444444444444 0.01875
14 0.5305555555555556 0.86875 0.5222222222222223 0.01875
7 0.21944444444444444 0.86875 0.03888888888888889 0.0203125