14 0.24722222222222223 0.071875 0.14166666666666666 0.0203125
14 0.49722222222222223 0.2984375 0.1 0.01875
14 0.5 0.3421875 0.23333333333333334 0.015625
14 0.5 0.45625 0.12777777777777777 0.0125
14 0.8333333333333334 0.4578125 0.12777777777777777 0.015625
14 0.16944444444444445 0.45625 0.07777777777777778 0.0125
14 0.5 0.41875 0.027777777777777776 0.01875
14 0.8361111111111111 0.41875 0.027777777777777776 0.01875
14 0.16666666666666666 0.41875 0.027777777777777776 0.01875
11 0.5 0.5375 1 0.0609375
14 0.16666666666666666 0.534375 0.1361111111111111 0.0171875
14 0.5 0.534375 0.1388888888888889 0.015625
14 0.8333333333333334 0.5375 0.1388888888888889 0.01875
14 0.5 0.8125 0.4638888888888889 0.0203125
14 0.5 0.85 0.6833333333333333 0.0203125
15 0.26944444444444443 0.621875 0.46111111111111114 0.04375
15 0.7305555555555555 0.621875 0.4583333333333333 0.04375
7 0.5 0.1796875 0.2638888888888889 0.1421875
8 0.5861111111111111 0.23125 0.06944444444444445 0.0390625
6 0.8305555555555556 0.0703125 0.06388888888888888 0.028125
6 0.9388888888888889 0.071875 0.044444444444444446 0.025
6 0.06666666666666667 0.071875 0.03888888888888889 0.021875
18 0.4986111111111111 0.015625 0.9972222222222222 0.03125
6 0.5861111111111111 0.23125 0.027777777777777776 0.015625
14 0.26944444444444443 0.625 0.19722222222222222 0.0171875
14 0.7305555555555555 0.6234375 0.31666666666666665 0.0140625