17 0.5 0.071875 1 0.075
14 0.30833333333333335 0.0703125 0.3194444444444444 0.021875
14 0.5 0.159375 0.6055555555555555 0.025
14 0.5 0.4953125 0.7361111111111112 0.04375
1 0.5 0.9625 1 0.075
16 0.125 0.9640625 0.07777777777777778 0.0515625
14 0.125 0.984375 0.07777777777777778 0.0109375
16 0.375 0.965625 0.17222222222222222 0.0484375
14 0.375 0.984375 0.17222222222222222 0.0125
16 0.625 0.9671875 0.10833333333333334 0.0515625
14 0.625 0.9859375 0.10833333333333334 0.015625
16 0.875 0.965625 0.14444444444444443 0.0515625
14 0.875 0.984375 0.14444444444444443 0.0125
6 0.125 0.9546875 0.05555555555555555 0.03125
6 0.375 0.9546875 0.05555555555555555 0.028125
6 0.625 0.9546875 0.05277777777777778 0.025
6 0.8722222222222222 0.9546875 0.05555555555555555 0.03125
15 0.5 0.8671875 0.9222222222222223 0.0703125
15 0.5 0.775 0.9222222222222223 0.0703125
6 0.06944444444444445 0.0703125 0.04722222222222222 0.01875
7 0.49722222222222223 0.328125 0.6277777777777778 0.2171875
18 0.4986111111111111 0.015625 0.9972222222222222 0.03125
14 0.5 0.7765625 0.31666666666666665 0.0203125
14 0.5 0.86875 0.26666666666666666 0.0203125