5 0.5 0.0765625 0.9222222222222223 0.065625
9 0.5 0.521875 1 0.8015625
16 0.1638888888888889 0.2125 0.325 0.1625
16 0.5 0.2125 0.3138888888888889 0.1640625
16 0.1638888888888889 0.3875 0.325 0.1625
16 0.1638888888888889 0.5609375 0.325 0.1625
14 0.3111111111111111 0.0765625 0.30833333333333335 0.01875
6 0.09722222222222222 0.0765625 0.03888888888888889 0.021875
14 0.16111111111111112 0.259375 0.25833333333333336 0.0328125
14 0.5 0.259375 0.12222222222222222 0.0125
16 0.8361111111111111 0.2125 0.325 0.1625
14 0.8388888888888889 0.2578125 0.21666666666666667 0.03125
14 0.16111111111111112 0.4328125 0.14166666666666666 0.0125
16 0.5 0.3875 0.3138888888888889 0.1640625
14 0.5 0.434375 0.17222222222222222 0.034375
16 0.8361111111111111 0.3875 0.325 0.1640625
14 0.8388888888888889 0.434375 0.20555555555555555 0.015625
16 0.8388888888888889 0.5609375 0.32222222222222224 0.1640625
14 0.8361111111111111 0.6078125 0.18888888888888888 0.034375
16 0.5 0.5609375 0.31666666666666665 0.1640625
14 0.5 0.60625 0.20555555555555555 0.0125
14 0.16111111111111112 0.6078125 0.25277777777777777 0.015625
16 0.16111111111111112 0.7359375 0.32222222222222224 0.1640625
14 0.16111111111111112 0.78125 0.1111111111111111 0.0125
16 0.5 0.7359375 0.31666666666666665 0.1640625
14 0.5 0.7828125 0.15 0.015625
16 0.8361111111111111 0.7359375 0.325 0.1640625
14 0.8388888888888889 0.7828125 0.20833333333333334 0.015625
1 0.5 0.9609375 1 0.0765625
6 0.1 0.9609375 0.05277777777777778 0.028125
6 0.3 0.9625 0.058333333333333334 0.025
6 0.5 0.9625 0.05277777777777778 0.03125
6 0.7111111111111111 0.95625 0.07222222222222222 0.0375
6 0.9 0.9609375 0.044444444444444446 0.028125
7 0.16111111111111112 0.1921875 0.11944444444444445 0.065625
7 0.5 0.190625 0.11666666666666667 0.0546875
7 0.8361111111111111 0.190625 0.11666666666666667 0.065625
7 0.8333333333333334 0.365625 0.06666666666666667 0.065625
7 0.5 0.365625 0.11666666666666667 0.04375
7 0.16111111111111112 0.365625 0.11388888888888889 0.065625
7 0.16111111111111112 0.5390625 0.11666666666666667 0.0609375
7 0.5 0.5390625 0.11666666666666667 0.0625
7 0.8361111111111111 0.5390625 0.11666666666666667 0.0515625
7 0.8361111111111111 0.7140625 0.08611111111111111 0.065625
7 0.5 0.7140625 0.07777777777777778 0.065625
7 0.16111111111111112 0.7140625 0.08333333333333333 0.065625
7 0.16111111111111112 0.8875 0.11666666666666667 0.065625
7 0.5 0.8875 0.09166666666666666 0.065625
7 0.8361111111111111 0.8875 0.11666666666666667 0.0578125
18 0.5 0.0125 0.9972222222222222 0.025