5 0.5 0.2203125 0.8527777777777777 0.0546875
15 0.5 0.9140625 0.8527777777777777 0.0890625
16 0.275 0.79375 0.40555555555555556 0.0828125
16 0.725 0.79375 0.40555555555555556 0.0828125
16 0.725 0.68125 0.4027777777777778 0.0890625
16 0.2722222222222222 0.68125 0.4027777777777778 0.0890625
16 0.275 0.565625 0.40555555555555556 0.0890625
16 0.725 0.565625 0.4027777777777778 0.0890625
16 0.7222222222222222 0.45 0.40555555555555556 0.0890625
16 0.2722222222222222 0.45 0.40555555555555556 0.0890625
16 0.275 0.334375 0.4027777777777778 0.0890625
16 0.725 0.334375 0.4027777777777778 0.0890625
14 0.25277777777777777 0.2203125 0.11944444444444445 0.0171875
14 0.49722222222222223 0.14375 0.6333333333333333 0.0703125
6 0.06388888888888888 0.075 0.03333333333333333 0.03125
6 0.14444444444444443 0.2203125 0.044444444444444446 0.025
6 0.15555555555555556 0.334375 0.06388888888888888 0.028125
6 0.6055555555555555 0.3328125 0.07777777777777778 0.0234375
6 0.6055555555555555 0.4484375 0.06666666666666667 0.028125
6 0.15555555555555556 0.4484375 0.06111111111111111 0.034375
6 0.15833333333333333 0.5640625 0.06111111111111111 0.025
6 0.6055555555555555 0.5640625 0.06388888888888888 0.0359375
6 0.15555555555555556 0.6796875 0.06388888888888888 0.0359375
6 0.6055555555555555 0.6796875 0.04722222222222222 0.0359375
6 0.6055555555555555 0.796875 0.06388888888888888 0.028125
6 0.15555555555555556 0.7953125 0.06388888888888888 0.0296875
18 0.4986111111111111 0.015625 0.9972222222222222 0.03125
14 0.5 0.9140625 0.2 0.01875
14 0.3277777777777778 0.7984375 0.21388888888888888 0.0171875
14 0.7416666666666667 0.7984375 0.14166666666666666 0.0390625
14 0.25833333333333336 0.68125 0.07777777777777778 0.0140625
14 0.7611111111111111 0.68125 0.18055555555555555 0.0125
14 0.2972222222222222 0.5671875 0.15 0.0171875
14 0.7333333333333333 0.565625 0.13055555555555556 0.034375
14 0.32222222222222224 0.4515625 0.2 0.0375
14 0.7222222222222222 0.45 0.10277777777777777 0.0125
14 0.7583333333333333 0.334375 0.18055555555555555 0.0140625
14 0.2972222222222222 0.334375 0.15555555555555556 0.0359375