5 0.35833333333333334 0.6 0.6166666666666667 0.0578125
5 0.35833333333333334 0.678125 0.6166666666666667 0.0578125
14 0.16111111111111112 0.678125 0.1638888888888889 0.0140625
14 0.09166666666666666 0.6 0.025 0.0140625
17 0.5 0.071875 1 0.075
14 0.22777777777777777 0.0734375 0.1 0.021875
14 0.5 0.228125 0.525 0.0484375
14 0.5 0.5234375 0.04722222222222222 0.015625
14 0.2361111111111111 0.7546875 0.11944444444444445 0.0140625
14 0.49444444444444446 0.7546875 0.24444444444444444 0.0140625
14 0.7583333333333333 0.7546875 0.125 0.0140625
15 0.8194444444444444 0.6375 0.26666666666666666 0.053125
16 0.5 0.371875 0.9027777777777778 0.0546875
16 0.5 0.44375 0.9027777777777778 0.0609375
6 0.06666666666666667 0.071875 0.03888888888888889 0.021875
18 0.4986111111111111 0.015625 0.9972222222222222 0.03125
14 0.5 0.375 0.25833333333333336 0.0203125
14 0.5194444444444445 0.4453125 0.39444444444444443 0.0171875
7 0.12222222222222222 0.44375 0.03888888888888889 0.021875
7 0.09722222222222222 0.3734375 0.075 0.0390625
14 0.8166666666666667 0.6421875 0.08888888888888889 0.0203125