14 0.12777777777777777 0.0859375 0.13333333333333333 0.01875
7 0.5 0.284375 0.45 0.0578125
14 0.5 0.340625 0.26944444444444443 0.021875
14 0.5 0.846875 0.35555555555555557 0.015625
14 0.49722222222222223 0.9296875 0.5916666666666667 0.0390625
15 0.8611111111111112 0.0875 0.16111111111111112 0.04375
15 0.5 0.4703125 0.8833333333333333 0.065625
15 0.5 0.56875 0.8833333333333333 0.065625
18 0.5 0.0125 1 0.025
14 0.8611111111111112 0.090625 0.08611111111111111 0.0171875
14 0.5 0.471875 0.5444444444444444 0.0203125
14 0.5 0.5734375 0.5666666666666667 0.0265625