5 0.5 0.296875 0.9027777777777778 0.0296875
5 0.5 0.40625 0.9027777777777778 0.0359375
5 0.5 0.51875 0.9027777777777778 0.0359375
14 0.20277777777777778 0.5125 0.3055555555555556 0.0171875
14 0.13333333333333333 0.4 0.16111111111111112 0.0171875
14 0.09444444444444444 0.290625 0.09166666666666666 0.0171875
14 0.5 0.059375 0.26944444444444443 0.04375
14 0.5 0.1328125 0.8194444444444444 0.0515625
14 0.46944444444444444 0.2078125 0.8611111111111112 0.0390625
14 0.18611111111111112 0.9296875 0.28888888888888886 0.0171875
14 0.5 0.8421875 0.49166666666666664 0.0171875
15 0.5 0.7765625 0.9222222222222223 0.065625
15 0.5 0.690625 0.9222222222222223 0.065625
15 0.5 0.6046875 0.9222222222222223 0.065625
6 0.9 0.4015625 0.05555555555555555 0.0265625
6 0.9 0.5140625 0.05555555555555555 0.0265625
14 0.5 0.6046875 0.3194444444444444 0.015625
14 0.5027777777777778 0.6921875 0.48333333333333334 0.015625
14 0.5 0.778125 0.2777777777777778 0.015625