5 0.5 0.8671875 0.95 0.0390625
5 0.5 0.7984375 0.95 0.0390625
5 0.5 0.7296875 0.95 0.0390625
5 0.5 0.6625 0.95 0.0390625
5 0.5 0.5921875 0.95 0.0390625
5 0.5 0.3875 0.95 0.0390625
5 0.5 0.45625 0.95 0.0390625
5 0.5 0.51875 0.95 0.0484375
14 0.225 0.859375 0.39444444444444443 0.021875
14 0.13333333333333333 0.790625 0.20833333333333334 0.021875
14 0.16111111111111112 0.721875 0.26666666666666666 0.021875
14 0.1111111111111111 0.65625 0.1638888888888889 0.025
14 0.19444444444444445 0.584375 0.3333333333333333 0.021875
14 0.16666666666666666 0.5171875 0.2777777777777778 0.028125
14 0.14444444444444443 0.446875 0.23055555555555557 0.0203125
14 0.14444444444444443 0.378125 0.23333333333333334 0.0203125
17 0.5 0.071875 1 0.075
14 0.26666666666666666 0.075 0.18055555555555555 0.028125
14 0.49722222222222223 0.1609375 0.7472222222222222 0.046875
14 0.5 0.29375 0.11388888888888889 0.0265625
6 0.06666666666666667 0.071875 0.03888888888888889 0.0234375
6 0.9416666666666667 0.5078125 0.041666666666666664 0.025
6 0.9555555555555556 0.940625 0.013888888888888888 0.0125
16 0.5 0.2265625 0.95 0.05625
14 0.1361111111111111 0.946875 0.21944444444444444 0.0203125
18 0.4986111111111111 0.015625 0.9972222222222222 0.03125
14 0.5 0.2296875 0.5111111111111111 0.0265625
7 0.06111111111111111 0.2265625 0.03888888888888889 0.021875