0 0.5 0.515625 0.9972222222222222 0.965625
2 0.5 0.2875 0.925 0.3578125
14 0.625 0.25625 0.30833333333333335 0.01875
5 0.2222222222222222 0.2609375 0.2611111111111111 0.0359375
7 0.5 0.8984375 0.9972222222222222 0.2
14 0.22777777777777777 0.075 0.18611111111111112 0.0296875
11 0.5 0.14375 0.9222222222222223 0.06875
14 0.30833333333333335 0.146875 0.13333333333333333 0.01875
14 0.7583333333333333 0.146875 0.16111111111111112 0.01875
14 0.49444444444444446 0.328125 0.8194444444444444 0.0421875
15 0.5 0.40625 0.8166666666666667 0.053125
6 0.6444444444444445 0.1453125 0.03611111111111111 0.0296875
6 0.2 0.1453125 0.05 0.0203125
7 0.125 0.25625 0.06111111111111111 0.0265625
6 0.06666666666666667 0.071875 0.03611111111111111 0.0203125
14 0.18055555555555555 0.259375 0.03888888888888889 0.0171875
5 0.6861111111111111 0.2625 0.4388888888888889 0.034375
18 0.4986111111111111 0.015625 0.9972222222222222 0.03125
14 0.5 0.4078125 0.2361111111111111 0.021875