7 0.5 0.4859375 0.575 0.1078125
7 0.7916666666666666 0.2421875 0.29444444444444445 0.165625
7 0.29444444444444445 0.275 0.22777777777777777 0.128125
7 0.14444444444444443 0.128125 0.14722222222222223 0.08125
14 0.8944444444444445 0.0765625 0.13055555555555556 0.0171875
14 0.5 0.5859375 0.8861111111111111 0.0296875
14 0.5 0.640625 0.6666666666666666 0.0296875
14 0.5 0.934375 0.8361111111111111 0.084375
16 0.5 0.7078125 0.9222222222222223 0.0546875
16 0.5 0.7703125 0.9222222222222223 0.05
16 0.5 0.83125 0.9222222222222223 0.05625
18 0.4986111111111111 0.015625 0.9972222222222222 0.03125
14 0.5333333333333333 0.70625 0.48333333333333334 0.015625
14 0.5333333333333333 0.7703125 0.4388888888888889 0.015625
14 0.5361111111111111 0.8328125 0.3638888888888889 0.015625
6 0.30833333333333335 0.8328125 0.04722222222222222 0.0203125
7 0.26944444444444443 0.7703125 0.044444444444444446 0.025
7 0.25 0.7078125 0.044444444444444446 0.025