10 0.5 0.515625 0.85 0.478125
5 0.5 0.4296875 0.7138888888888889 0.040625
14 0.5 0.8515625 0.6833333333333333 0.01875
14 0.5 0.8125 0.4638888888888889 0.01875
7 0.5 0.18125 0.24722222222222223 0.1390625
6 0.9388888888888889 0.071875 0.044444444444444446 0.025
6 0.8222222222222222 0.06875 0.044444444444444446 0.0296875
14 0.24722222222222223 0.071875 0.14166666666666666 0.0203125
6 0.06666666666666667 0.071875 0.041666666666666664 0.0234375
14 0.275 0.4265625 0.2611111111111111 0.0171875
15 0.5 0.690625 0.7361111111111112 0.0625
14 0.5777777777777777 0.5578125 0.1527777777777778 0.015625
14 0.20555555555555555 0.6125 0.1388888888888889 0.0203125
14 0.21944444444444444 0.5578125 0.175 0.015625
14 0.24444444444444444 0.4984375 0.2222222222222222 0.0203125
14 0.5 0.34375 0.4361111111111111 0.01875
6 0.8555555555555555 0.315625 0.03333333333333333 0.01875
18 0.4986111111111111 0.015625 0.9972222222222222 0.03125
14 0.5 0.6921875 0.36666666666666664 0.015625