17 0.5 0.071875 1 0.075
14 0.2861111111111111 0.075 0.2222222222222222 0.0234375
9 0.5 0.55625 1 0.8875
14 0.3194444444444444 0.15625 0.3388888888888889 0.0234375
14 0.39444444444444443 0.184375 0.49166666666666664 0.0203125
14 0.3055555555555556 0.2703125 0.3194444444444444 0.0234375
14 0.36666666666666664 0.2984375 0.4388888888888889 0.0203125
14 0.34444444444444444 0.3859375 0.39166666666666666 0.0234375
14 0.5055555555555555 0.4125 0.7194444444444444 0.0203125
14 0.3194444444444444 0.4984375 0.3472222222222222 0.01875
14 0.5194444444444445 0.528125 0.7444444444444445 0.0203125
14 0.2833333333333333 0.6125 0.26944444444444443 0.01875
14 0.38333333333333336 0.6421875 0.4722222222222222 0.01875
14 0.34444444444444444 0.7296875 0.39166666666666666 0.0234375
14 0.4222222222222222 0.75625 0.55 0.01875
14 0.23333333333333334 0.8421875 0.16944444444444445 0.01875
14 0.3611111111111111 0.871875 0.4305555555555556 0.0203125
14 0.22777777777777777 0.959375 0.15833333333333333 0.0234375
14 0.36944444444444446 0.9859375 0.4444444444444444 0.01875
7 0.07222222222222222 0.9703125 0.09722222222222222 0.0546875
7 0.07222222222222222 0.8546875 0.09722222222222222 0.0546875
7 0.07222222222222222 0.740625 0.09722222222222222 0.0546875
7 0.07222222222222222 0.625 0.09722222222222222 0.0546875
7 0.07222222222222222 0.5109375 0.09722222222222222 0.0546875
7 0.075 0.3953125 0.09722222222222222 0.0546875
7 0.07222222222222222 0.28125 0.09722222222222222 0.0546875
7 0.07222222222222222 0.165625 0.09722222222222222 0.0546875
6 0.06944444444444445 0.071875 0.03888888888888889 0.0234375
6 0.9388888888888889 0.071875 0.044444444444444446 0.025
18 0.4986111111111111 0.015625 0.9972222222222222 0.03125