14 0.48055555555555557 0.0734375 0.3138888888888889 0.0296875
14 0.5 0.425 0.7222222222222222 0.03125
14 0.5 0.49375 0.7944444444444444 0.0546875
14 0.5 0.65625 0.03611111111111111 0.0125
14 0.5 0.7296875 0.7583333333333333 0.053125
1 0.5 0.9609375 1 0.0765625
16 0.8333333333333334 0.9609375 0.08888888888888889 0.05
14 0.8333333333333334 0.98125 0.09166666666666666 0.0109375
16 0.5 0.9609375 0.11666666666666667 0.05
14 0.5 0.98125 0.11666666666666667 0.0109375
16 0.16666666666666666 0.959375 0.08611111111111111 0.05
14 0.16666666666666666 0.98125 0.08888888888888889 0.0109375
6 0.16666666666666666 0.95 0.05555555555555555 0.03125
6 0.5 0.95 0.05277777777777778 0.028125
6 0.8333333333333334 0.95 0.03333333333333333 0.028125
15 0.5 0.8125 0.5861111111111111 0.065625
15 0.5 0.575 0.6 0.065625
7 0.5 0.284375 0.5722222222222222 0.196875
18 0.4986111111111111 0.0125 0.9972222222222222 0.025
14 0.5 0.8140625 0.425 0.0234375
14 0.5027777777777778 0.578125 0.44166666666666665 0.0234375