5 0.5 0.6984375 0.95 0.0578125
5 0.5 0.625 0.95 0.0578125
5 0.5 0.55 0.9472222222222222 0.0578125
5 0.5 0.4765625 0.9472222222222222 0.0578125
5 0.5 0.403125 0.95 0.0578125
14 0.23333333333333334 0.7 0.3527777777777778 0.01875
14 0.13333333333333333 0.625 0.15833333333333333 0.0140625
14 0.1 0.5515625 0.09166666666666666 0.0140625
14 0.1388888888888889 0.4765625 0.1638888888888889 0.0140625
14 0.06944444444444445 0.403125 0.025 0.0140625
14 0.24722222222222223 0.0734375 0.14166666666666666 0.0234375
14 0.5 0.31875 0.04722222222222222 0.015625
14 0.4527777777777778 0.8640625 0.8583333333333333 0.0546875
15 0.5 0.790625 0.95 0.0546875
6 0.06666666666666667 0.071875 0.03888888888888889 0.021875
16 0.5 0.1515625 0.95 0.0546875
16 0.5 0.228125 0.95 0.06875
18 0.4986111111111111 0.015625 0.9972222222222222 0.03125
14 0.5 0.1546875 0.25833333333333336 0.0203125
14 0.5194444444444445 0.228125 0.39166666666666666 0.015625
7 0.09722222222222222 0.2265625 0.03888888888888889 0.021875
7 0.075 0.153125 0.07222222222222222 0.0390625
14 0.5 0.79375 0.125 0.0203125