0 0.5 0.5125 0.9972222222222222 0.971875
7 0.49722222222222223 0.06875 0.24166666666666667 0.0453125
6 0.95 0.059375 0.04722222222222222 0.0265625
14 0.5 0.1375 0.5388888888888889 0.0203125
14 0.5 0.175 0.4 0.0203125
2 0.5 0.328125 0.9305555555555556 0.2234375
5 0.49722222222222223 0.278125 0.8638888888888889 0.028125
14 0.11388888888888889 0.271875 0.08611111111111111 0.015625
5 0.49722222222222223 0.35 0.8638888888888889 0.0328125
6 0.9 0.34375 0.05277777777777778 0.021875
14 0.14722222222222223 0.3453125 0.15555555555555556 0.0203125
3 0.49166666666666664 0.4015625 0.8138888888888889 0.0265625
14 0.5333333333333333 0.403125 0.7305555555555555 0.0203125
15 0.5 0.49375 0.9277777777777778 0.06875
14 0.5 0.565625 0.4222222222222222 0.0203125
14 0.5 0.596875 0.4083333333333333 0.0203125
18 0.5 0.0140625 0.9972222222222222 0.0265625
14 0.5 0.496875 0.16111111111111112 0.025