1 0.5 0.9625 1 0.075
7 0.5 0.3 0.9972222222222222 0.2484375
7 0.5 0.55 0.9972222222222222 0.2484375
7 0.25 0.7984375 0.49722222222222223 0.2484375
7 0.75 0.7984375 0.5 0.2484375
5 0.3388888888888889 0.071875 0.6 0.0546875
14 0.21944444444444444 0.071875 0.15 0.0203125
14 0.18888888888888888 0.5296875 0.09722222222222222 0.015625
14 0.24444444444444444 0.771875 0.09722222222222222 0.015625
14 0.7472222222222222 0.76875 0.09722222222222222 0.0140625
14 0.7444444444444445 0.284375 0.1 0.015625
16 0.8 0.071875 0.32222222222222224 0.0546875
14 0.7527777777777778 0.071875 0.12777777777777777 0.0140625
11 0.5 0.1453125 1 0.059375
14 0.9027777777777778 0.14375 0.19166666666666668 0.015625
14 0.6777777777777778 0.14375 0.09722222222222222 0.015625
14 0.5 0.14375 0.09166666666666666 0.015625
14 0.325 0.14375 0.09444444444444444 0.015625
14 0.14444444444444443 0.14375 0.10277777777777777 0.015625
14 0.7416666666666667 0.3140625 0.24444444444444444 0.025
14 0.18888888888888888 0.5625 0.17777777777777778 0.0265625
14 0.7444444444444445 0.8015625 0.2777777777777778 0.0265625
14 0.24722222222222223 0.803125 0.16666666666666666 0.025
16 0.1 0.9609375 0.07777777777777778 0.05
14 0.1 0.9796875 0.07777777777777778 0.0125
16 0.3 0.9609375 0.12222222222222222 0.05
14 0.3 0.9796875 0.12222222222222222 0.0125
16 0.5 0.9609375 0.09166666666666666 0.05
14 0.5 0.9796875 0.09166666666666666 0.0125
16 0.7 0.9609375 0.10833333333333334 0.05
14 0.7 0.9796875 0.10833333333333334 0.0125
16 0.9 0.9625 0.058333333333333334 0.0484375
14 0.9 0.9796875 0.058333333333333334 0.0125
6 0.1 0.95 0.05555555555555555 0.028125
6 0.3 0.95 0.05555555555555555 0.028125
6 0.5 0.9515625 0.05555555555555555 0.0296875
6 0.7 0.95 0.04722222222222222 0.0296875
6 0.9 0.9515625 0.05555555555555555 0.0265625
6 0.9 0.071875 0.025 0.0078125
6 0.5472222222222223 0.0703125 0.03888888888888889 0.0296875
6 0.09166666666666666 0.071875 0.05 0.028125
18 0.4986111111111111 0.015625 0.9972222222222222 0.03125