17 0.5 0.0625 1 0.0578125
15 0.8916666666666667 0.0625 0.19444444444444445 0.0296875
7 0.5 0.065625 0.25555555555555554 0.034375
6 0.05277777777777778 0.0640625 0.058333333333333334 0.0328125
7 0.7444444444444445 0.88125 0.4638888888888889 0.2359375
7 0.25555555555555554 0.88125 0.4638888888888889 0.2359375
14 0.21944444444444444 0.721875 0.35833333333333334 0.0234375
7 0.25555555555555554 0.5671875 0.4638888888888889 0.2609375
14 0.6138888888888889 0.7203125 0.16944444444444445 0.01875
7 0.7444444444444445 0.5671875 0.4638888888888889 0.2609375
14 0.6111111111111112 0.39375 0.16944444444444445 0.01875
7 0.7444444444444445 0.240625 0.4638888888888889 0.2625
14 0.08888888888888889 0.39375 0.1 0.01875
7 0.25555555555555554 0.2421875 0.4638888888888889 0.2609375
18 0.5 0.0171875 1 0.0328125
14 0.8916666666666667 0.0640625 0.1388888888888889 0.015625