5 0.5 0.590625 0.9222222222222223 0.0359375
5 0.5 0.6796875 0.9222222222222223 0.0359375
5 0.6222222222222222 0.4078125 0.6611111111111111 0.0359375
5 0.5 0.2734375 0.9222222222222223 0.034375
5 0.5 0.1890625 0.9222222222222223 0.0265625
14 0.15 0.671875 0.20833333333333334 0.021875
14 0.2 0.584375 0.30833333333333335 0.021875
14 0.3611111111111111 0.4 0.13333333333333333 0.021875
14 0.15833333333333333 0.265625 0.23055555555555557 0.0203125
14 0.11944444444444445 0.184375 0.15555555555555556 0.0140625
17 0.5 0.071875 1 0.075
14 0.22777777777777777 0.075 0.16666666666666666 0.0265625
14 0.16666666666666666 0.3875 0.08611111111111111 0.0296875
14 0.4222222222222222 0.48125 0.7694444444444445 0.021875
14 0.49166666666666664 0.778125 0.9055555555555556 0.071875
15 0.4986111111111111 0.96171875 0.9972222222222222 0.0765625
6 0.06666666666666667 0.071875 0.041666666666666664 0.0234375
7 0.07222222222222222 0.384375 0.06388888888888888 0.0296875
6 0.24444444444444444 0.3859375 0.03333333333333333 0.009375
6 0.9111111111111111 0.6734375 0.05277777777777778 0.0265625
18 0.4986111111111111 0.015625 0.9972222222222222 0.03125
13 0.8944444444444445 0.4796875 0.08055555555555556 0.028125
14 0.5 0.9625 0.18333333333333332 0.015625