5 0.5 0.0703125 0.9722222222222222 0.065625
5 0.5 0.4375 0.9027777777777778 0.0328125
5 0.5 0.2734375 0.9027777777777778 0.03125
11 0.5 0.14375 1 0.0609375
14 0.09722222222222222 0.1421875 0.19166666666666668 0.0171875
14 0.4027777777777778 0.1421875 0.3 0.0171875
14 0.7944444444444444 0.1421875 0.3527777777777778 0.0171875
14 0.14722222222222223 0.209375 0.21666666666666667 0.0140625
14 0.1527777777777778 0.371875 0.2222222222222222 0.0140625
1 0.5 0.9609375 1 0.0765625
16 0.125 0.9609375 0.08611111111111111 0.0484375
14 0.12222222222222222 0.9796875 0.08888888888888889 0.0125
16 0.375 0.9640625 0.16111111111111112 0.0515625
14 0.375 0.98125 0.16111111111111112 0.01875
16 0.6222222222222222 0.9609375 0.09722222222222222 0.0484375
14 0.6222222222222222 0.9796875 0.09722222222222222 0.0125
16 0.8722222222222222 0.9625 0.05277777777777778 0.0484375
14 0.8722222222222222 0.9796875 0.05277777777777778 0.0140625
6 0.08055555555555556 0.0703125 0.04722222222222222 0.01875
6 0.9166666666666666 0.0703125 0.041666666666666664 0.0234375
6 0.9027777777777778 0.26875 0.025 0.0078125
6 0.9 0.43125 0.025 0.0078125
6 0.12222222222222222 0.95 0.044444444444444446 0.025
6 0.375 0.95 0.05 0.025
6 0.625 0.95 0.03611111111111111 0.028125
6 0.875 0.95 0.05 0.0265625
15 0.5 0.5546875 0.9222222222222223 0.0515625
14 0.19722222222222222 0.43125 0.25555555555555554 0.01875
14 0.19444444444444445 0.26875 0.24722222222222223 0.0203125
14 0.475 0.0734375 0.5638888888888889 0.0265625
18 0.4986111111111111 0.0125 0.9972222222222222 0.025
14 0.5 0.55625 0.2722222222222222 0.01875