0 0.5 0.515625 0.9972222222222222 0.965625
7 0.49722222222222223 0.18125 0.3277777777777778 0.0703125
14 0.49722222222222223 0.275 0.4444444444444444 0.0703125
14 0.49722222222222223 0.359375 0.5972222222222222 0.0671875
14 0.5 0.6796875 0.5583333333333333 0.0421875
14 0.5 0.9671875 0.6611111111111111 0.0171875
16 0.5 0.5953125 0.5833333333333334 0.0546875
16 0.5 0.525 0.5833333333333334 0.0546875
16 0.5 0.4546875 0.5833333333333334 0.05625
18 0.4986111111111111 0.015625 0.9972222222222222 0.03125
14 0.5194444444444445 0.4546875 0.38055555555555554 0.015625
14 0.49722222222222223 0.5265625 0.33611111111111114 0.01875
14 0.4861111111111111 0.5953125 0.3111111111111111 0.015625
6 0.275 0.59375 0.04722222222222222 0.0203125
7 0.275 0.525 0.03611111111111111 0.0203125
6 0.275 0.4546875 0.022222222222222223 0.0265625