17 0.5 0.071875 1 0.0765625
14 0.14444444444444443 0.0734375 0.20555555555555555 0.028125
14 0.5 0.4796875 0.5888888888888889 0.0359375
14 0.49444444444444446 0.5578125 0.875 0.059375
15 0.5 0.690625 0.6027777777777777 0.065625
6 0.5 0.36875 0.175 0.0984375
1 0.5 0.9609375 1 0.0765625
16 0.875 0.965625 0.06944444444444445 0.0390625
6 0.8722222222222222 0.95 0.041666666666666664 0.0078125
16 0.625 0.9625 0.15555555555555556 0.05625
6 0.625 0.946875 0.05 0.0265625
16 0.37222222222222223 0.9609375 0.09722222222222222 0.0484375
6 0.37222222222222223 0.95 0.044444444444444446 0.025
16 0.125 0.9609375 0.08055555555555556 0.0484375
6 0.125 0.95 0.04722222222222222 0.025
14 0.125 0.978125 0.08333333333333333 0.0140625
14 0.37222222222222223 0.978125 0.09722222222222222 0.015625
14 0.625 0.9796875 0.15833333333333333 0.021875
14 0.8722222222222222 0.978125 0.07222222222222222 0.0140625
18 0.4986111111111111 0.015625 0.9972222222222222 0.03125
14 0.5 0.690625 0.3 0.015625