7 0.34444444444444444 0.08125 0.09444444444444444 0.053125
7 0.5 0.6390625 0.9416666666666667 0.3828125
7 0.5 0.8890625 0.9416666666666667 0.084375
14 0.5472222222222223 0.10625 0.3055555555555556 0.034375
15 0.2638888888888889 0.184375 0.46944444444444444 0.0765625
14 0.23333333333333334 0.184375 0.12222222222222222 0.0203125
15 0.7361111111111112 0.184375 0.46944444444444444 0.0765625
14 0.7055555555555556 0.1859375 0.12777777777777777 0.025
15 0.2638888888888889 0.259375 0.46944444444444444 0.0734375
14 0.2611111111111111 0.2625 0.18611111111111112 0.053125
15 0.7333333333333333 0.2609375 0.46944444444444444 0.075
14 0.6833333333333333 0.2609375 0.08611111111111111 0.0203125
15 0.7361111111111112 0.3375 0.46944444444444444 0.0765625
14 0.7111111111111111 0.3375 0.14166666666666666 0.0203125
15 0.2638888888888889 0.3375 0.46944444444444444 0.0765625
14 0.28888888888888886 0.3390625 0.24444444444444444 0.025
14 0.16111111111111112 0.41875 0.2611111111111111 0.028125
14 0.39444444444444443 0.7203125 0.5861111111111111 0.0828125
14 0.4027777777777778 0.7875 0.6111111111111112 0.01875
1 0.5 0.965625 1 0.06875
16 0.1638888888888889 0.9640625 0.15833333333333333 0.04375
14 0.1638888888888889 0.978125 0.15833333333333333 0.0171875
16 0.5 0.9640625 0.06944444444444445 0.04375
14 0.5 0.978125 0.06944444444444445 0.0171875
16 0.8333333333333334 0.9625 0.11666666666666667 0.0421875
14 0.8333333333333334 0.9765625 0.11666666666666667 0.0125
6 0.8333333333333334 0.953125 0.03888888888888889 0.021875
6 0.5 0.953125 0.03888888888888889 0.0203125
6 0.16666666666666666 0.953125 0.03888888888888889 0.021875
6 0.5638888888888889 0.334375 0.041666666666666664 0.028125
6 0.09444444444444444 0.3375 0.04722222222222222 0.0265625
6 0.09722222222222222 0.2578125 0.05555555555555555 0.0265625
6 0.5638888888888889 0.259375 0.05 0.015625
6 0.5666666666666667 0.1828125 0.04722222222222222 0.0265625
6 0.09444444444444444 0.1828125 0.04722222222222222 0.015625
18 0.4986111111111111 0.015625 0.9972222222222222 0.03125