4 0.4222222222222222 0.515625 0.8416666666666667 0.965625
14 0.21944444444444444 0.0796875 0.16666666666666666 0.03125
9 0.4222222222222222 0.39375 0.8416666666666667 0.546875
14 0.19166666666666668 0.15625 0.09444444444444444 0.01875
14 0.3194444444444444 0.1765625 0.35555555555555557 0.0125
14 0.18888888888888888 0.21875 0.08888888888888889 0.015625
14 0.2611111111111111 0.2421875 0.2388888888888889 0.0125
14 0.225 0.284375 0.16666666666666666 0.015625
14 0.28055555555555556 0.309375 0.275 0.015625
14 0.20277777777777778 0.353125 0.12222222222222222 0.01875
14 0.3 0.375 0.3138888888888889 0.015625
14 0.35 0.41875 0.4111111111111111 0.01875
14 0.33055555555555555 0.440625 0.3611111111111111 0.015625
14 0.23055555555555557 0.484375 0.175 0.01875
14 0.2916666666666667 0.50625 0.2972222222222222 0.015625
14 0.23333333333333334 0.55 0.18333333333333332 0.01875
14 0.34444444444444444 0.571875 0.4083333333333333 0.015625
14 0.25833333333333336 0.615625 0.23333333333333334 0.0171875
14 0.39444444444444443 0.6375 0.5027777777777778 0.015625
14 0.10555555555555556 0.7140625 0.1361111111111111 0.021875
14 0.11944444444444445 0.778125 0.15833333333333333 0.0171875
14 0.20277777777777778 0.84375 0.33055555555555555 0.0171875
14 0.15555555555555556 0.9109375 0.23333333333333334 0.021875
6 0.07222222222222222 0.621875 0.05277777777777778 0.025
6 0.06944444444444445 0.5578125 0.06111111111111111 0.025
6 0.07222222222222222 0.4921875 0.06666666666666667 0.034375
6 0.07222222222222222 0.4265625 0.058333333333333334 0.0234375
6 0.07222222222222222 0.3609375 0.058333333333333334 0.028125
6 0.07222222222222222 0.2953125 0.058333333333333334 0.0203125
6 0.07222222222222222 0.2296875 0.058333333333333334 0.0171875
6 0.07222222222222222 0.1640625 0.05555555555555555 0.0328125
6 0.07777777777777778 0.078125 0.08055555555555556 0.04375
18 0.4986111111111111 0.015625 0.9972222222222222 0.03125