0 0.5 0.515625 0.9972222222222222 0.965625
2 0.5 0.3234375 0.925 0.428125
5 0.2222222222222222 0.265625 0.2611111111111111 0.0375
5 0.5 0.35625 0.8138888888888889 0.0328125
5 0.6888888888888889 0.26875 0.4388888888888889 0.034375
14 0.6277777777777778 0.2609375 0.3111111111111111 0.0203125
7 0.5 0.8984375 0.9972222222222222 0.2
14 0.21944444444444444 0.075 0.1638888888888889 0.0296875
11 0.5 0.1609375 0.9194444444444444 0.103125
14 0.30833333333333335 0.1625 0.13333333333333333 0.0171875
14 0.7583333333333333 0.1625 0.16111111111111112 0.0171875
14 0.5305555555555556 0.484375 0.4638888888888889 0.0234375
6 0.06666666666666667 0.071875 0.03611111111111111 0.0203125
6 0.20277777777777778 0.1625 0.04722222222222222 0.0203125
7 0.6444444444444445 0.1625 0.03611111111111111 0.03125
7 0.125 0.2625 0.06111111111111111 0.0265625
6 0.2611111111111111 0.48125 0.030555555555555555 0.0234375
15 0.5 0.415625 0.8361111111111111 0.0625
14 0.18055555555555555 0.2640625 0.03888888888888889 0.0171875
18 0.4986111111111111 0.015625 0.9972222222222222 0.03125
14 0.19166666666666668 0.35 0.18888888888888888 0.01875
14 0.5 0.41875 0.14444444444444443 0.0265625