17 0.5 0.06875 1 0.08125
14 0.225 0.0703125 0.09444444444444444 0.025
14 0.10555555555555556 0.165625 0.13333333333333333 0.0171875
9 0.5 0.2671875 1 0.1546875
14 0.19166666666666668 0.228125 0.14444444444444443 0.01875
14 0.20555555555555555 0.30625 0.17777777777777778 0.0203125
14 0.10555555555555556 0.38125 0.1361111111111111 0.015625
9 0.5 0.48125 1 0.1546875
14 0.2638888888888889 0.44375 0.2916666666666667 0.0203125
14 0.2222222222222222 0.521875 0.20833333333333334 0.01875
14 0.08611111111111111 0.596875 0.09166666666666666 0.0203125
14 0.33055555555555555 0.6578125 0.4305555555555556 0.0203125
14 0.49444444444444446 0.734375 0.43333333333333335 0.0203125
14 0.5666666666666667 0.790625 0.5777777777777777 0.053125
7 0.14722222222222223 0.76875 0.17777777777777778 0.0453125
6 0.06666666666666667 0.06875 0.03888888888888889 0.021875
6 0.058333333333333334 0.228125 0.044444444444444446 0.025
6 0.058333333333333334 0.30625 0.044444444444444446 0.025
6 0.058333333333333334 0.4421875 0.044444444444444446 0.025
6 0.058333333333333334 0.5203125 0.044444444444444446 0.0203125
6 0.058333333333333334 0.65625 0.03888888888888889 0.025
6 0.9305555555555556 0.65625 0.016666666666666666 0.0171875
6 0.9305555555555556 0.5203125 0.016666666666666666 0.015625
6 0.9305555555555556 0.4421875 0.016666666666666666 0.0171875
6 0.9305555555555556 0.30625 0.016666666666666666 0.0171875
6 0.9305555555555556 0.228125 0.016666666666666666 0.0171875
18 0.4986111111111111 0.0125 0.9972222222222222 0.025