17 0.5 0.065625 1 0.0640625
6 0.9194444444444444 0.0640625 0.013888888888888888 0.0265625
6 0.16666666666666666 0.065625 0.03888888888888889 0.025
6 0.06666666666666667 0.065625 0.041666666666666664 0.0234375
14 0.34444444444444444 0.06875 0.275 0.0234375
14 0.7805555555555556 0.065625 0.1111111111111111 0.0171875
7 0.5083333333333333 0.16875 0.31666666666666665 0.053125
11 0.5 0.2484375 0.6777777777777778 0.065625
14 0.33055555555555555 0.246875 0.11666666666666667 0.0171875
14 0.6694444444444444 0.246875 0.14444444444444443 0.0171875
2 0.5 0.56875 0.6861111111111111 0.5734375
16 0.5 0.328125 0.6027777777777777 0.05
16 0.5 0.4046875 0.6027777777777777 0.05
14 0.5 0.4671875 0.041666666666666664 0.0140625
5 0.5 0.53125 0.5472222222222223 0.0328125
14 0.26666666666666666 0.521875 0.06944444444444445 0.0140625
5 0.5 0.6296875 0.5472222222222223 0.0328125
14 0.31666666666666665 0.621875 0.16944444444444445 0.0171875
14 0.37777777777777777 0.696875 0.29444444444444445 0.015625
15 0.6805555555555556 0.7734375 0.18611111111111112 0.05
3 0.35 0.765625 0.25 0.0234375
14 0.38333333333333336 0.7640625 0.18611111111111112 0.0125
14 0.5 0.83125 0.5111111111111111 0.0125
14 0.5 0.8671875 0.6138888888888889 0.0125
18 0.4986111111111111 0.015625 0.9972222222222222 0.03125
14 0.5361111111111111 0.3265625 0.43333333333333335 0.0140625
14 0.5361111111111111 0.403125 0.39166666666666666 0.0140625
7 0.275 0.328125 0.04722222222222222 0.028125
7 0.2916666666666667 0.4046875 0.04722222222222222 0.0265625
14 0.6805555555555556 0.771875 0.10277777777777777 0.0140625