18 0.5 0.0140625 0.9972222222222222 0.0265625
14 0.15 0.0828125 0.21388888888888888 0.034375
15 0.19444444444444445 0.1578125 0.3111111111111111 0.05625
6 0.9305555555555556 0.08125 0.058333333333333334 0.03125
7 0.49722222222222223 0.546875 0.4861111111111111 0.1984375
14 0.5 0.709375 0.4777777777777778 0.0265625
14 0.5 0.75625 0.7361111111111112 0.025
1 0.5 0.9609375 1 0.0765625
16 0.16666666666666666 0.9625 0.11666666666666667 0.0453125
6 0.16666666666666666 0.95 0.03888888888888889 0.021875
14 0.16666666666666666 0.978125 0.11944444444444445 0.0171875
16 0.5 0.9625 0.09444444444444444 0.0453125
6 0.5 0.95 0.041666666666666664 0.0203125
14 0.5 0.978125 0.09444444444444444 0.0171875
16 0.8333333333333334 0.9625 0.10277777777777777 0.046875
6 0.8333333333333334 0.95 0.030555555555555555 0.021875
14 0.8333333333333334 0.978125 0.10555555555555556 0.0171875
14 0.1638888888888889 0.1578125 0.17222222222222222 0.015625
6 0.28888888888888886 0.1578125 0.025 0.009375