5 0.5 0.834375 0.9027777777777778 0.034375
5 0.5 0.7125 0.9027777777777778 0.0328125
5 0.5 0.6140625 0.9027777777777778 0.0328125
5 0.5 0.5109375 0.9027777777777778 0.0328125
5 0.25833333333333336 0.4125 0.4222222222222222 0.03125
5 0.7388888888888889 0.4125 0.4222222222222222 0.03125
14 0.14444444444444443 0.5078125 0.19166666666666668 0.0265625
14 0.20555555555555555 0.609375 0.3111111111111111 0.021875
14 0.15833333333333333 0.7078125 0.20833333333333334 0.021875
14 0.6472222222222223 0.40625 0.23055555555555557 0.0203125
14 0.16666666666666666 0.4078125 0.23333333333333334 0.0203125
17 0.5 0.071875 1 0.0734375
14 0.25833333333333336 0.0734375 0.16666666666666666 0.0265625
14 0.5027777777777778 0.15 0.7166666666666667 0.0234375
14 0.5 0.33125 0.2972222222222222 0.01875
14 0.5 0.9140625 0.7638888888888888 0.015625
15 0.4986111111111111 0.96171875 0.9972222222222222 0.0765625
14 0.3861111111111111 0.8328125 0.6694444444444444 0.028125
6 0.9 0.8296875 0.025 0.0078125
6 0.9166666666666666 0.7078125 0.06111111111111111 0.0234375
6 0.8916666666666667 0.146875 0.025 0.0078125
7 0.1 0.146875 0.044444444444444446 0.025
16 0.5 0.221875 0.9222222222222223 0.0484375
16 0.5 0.2765625 0.9222222222222223 0.05
6 0.06944444444444445 0.071875 0.03611111111111111 0.0203125
7 0.23333333333333334 0.2203125 0.044444444444444446 0.025
18 0.4986111111111111 0.015625 0.9972222222222222 0.03125
14 0.5472222222222223 0.221875 0.48333333333333334 0.0171875
14 0.5305555555555556 0.2765625 0.4388888888888889 0.0171875
7 0.26944444444444443 0.275 0.044444444444444446 0.025
14 0.5 0.9625 0.14166666666666666 0.015625