4 0.6597222222222222 0.5171875 0.6805555555555556 0.965625
9 0.6583333333333333 0.1921875 0.6805555555555556 0.1765625
6 0.9611111111111111 0.13125 0.013888888888888888 0.0140625
6 0.9611111111111111 0.1921875 0.013888888888888888 0.0125
6 0.9611111111111111 0.25 0.013888888888888888 0.0140625
14 0.6611111111111111 0.06875 0.10833333333333334 0.015625
14 0.41944444444444445 0.134375 0.14722222222222223 0.01875
14 0.3888888888888889 0.1921875 0.08611111111111111 0.0140625
14 0.39444444444444443 0.253125 0.09444444444444444 0.01875
15 0.4666666666666667 0.9515625 0.24444444444444444 0.06875
15 0.7944444444444444 0.9515625 0.3611111111111111 0.06875
18 0.4986111111111111 0.015625 0.9972222222222222 0.03125
14 0.4666666666666667 0.953125 0.14444444444444443 0.015625
14 0.7972222222222223 0.9546875 0.10555555555555556 0.0203125