18 0.4986111111111111 0.015625 0.9972222222222222 0.03125
17 0.5 0.0734375 1 0.078125
5 0.45555555555555555 0.071875 0.8333333333333334 0.0546875
6 0.9277777777777778 0.071875 0.06388888888888888 0.03125
14 0.3138888888888889 0.0703125 0.325 0.025
6 0.09722222222222222 0.071875 0.044444444444444446 0.025
2 0.5 0.309375 0.9277777777777778 0.359375
7 0.15 0.2 0.17222222222222222 0.096875
14 0.4527777777777778 0.175 0.38055555555555554 0.0265625
14 0.36666666666666664 0.2140625 0.20277777777777778 0.0171875
14 0.49444444444444446 0.31875 0.8583333333333333 0.0796875
3 0.20277777777777778 0.396875 0.28055555555555556 0.0234375
14 0.22777777777777777 0.3984375 0.23055555555555557 0.021875
3 0.2611111111111111 0.425 0.3972222222222222 0.0234375
14 0.2861111111111111 0.425 0.3472222222222222 0.021875
3 0.2833333333333333 0.4515625 0.4388888888888889 0.0234375
14 0.3055555555555556 0.453125 0.3888888888888889 0.021875
2 0.5 0.6859375 0.9277777777777778 0.359375
7 0.15 0.578125 0.16944444444444445 0.0953125
14 0.5555555555555556 0.5640625 0.5861111111111111 0.053125
14 0.31666666666666665 0.621875 0.10555555555555556 0.01875
14 0.49166666666666664 0.6953125 0.8555555555555555 0.08125
3 0.22777777777777777 0.771875 0.3277777777777778 0.021875
14 0.25 0.7734375 0.2777777777777778 0.0171875
3 0.34444444444444444 0.803125 0.5638888888888889 0.025
14 0.36944444444444446 0.803125 0.5138888888888888 0.021875
3 0.30833333333333335 0.83125 0.49166666666666664 0.0234375
14 0.3333333333333333 0.8296875 0.4388888888888889 0.021875
1 0.5 0.95625 1 0.0875
16 0.625 0.95625 0.11944444444444445 0.0625
6 0.625 0.94375 0.05 0.0359375
16 0.125 0.95625 0.08055555555555556 0.0609375
6 0.125 0.9453125 0.075 0.0375
16 0.375 0.95625 0.075 0.0625
6 0.37222222222222223 0.94375 0.075 0.0375
16 0.875 0.95625 0.1 0.0625
6 0.8722222222222222 0.94375 0.06666666666666667 0.0375
14 0.375 0.9796875 0.06944444444444445 0.0125
14 0.125 0.9796875 0.08055555555555556 0.0140625
14 0.625 0.9796875 0.11944444444444445 0.0125
14 0.875 0.98125 0.1 0.0125