5 0.25833333333333336 0.1578125 0.4583333333333333 0.065625
5 0.5 0.3171875 0.9416666666666667 0.065625
5 0.5 0.2375 0.9416666666666667 0.065625
5 0.7388888888888889 0.1578125 0.4583333333333333 0.065625
14 0.6444444444444445 0.159375 0.20555555555555555 0.01875
14 0.2222222222222222 0.31875 0.325 0.0203125
14 0.19722222222222222 0.2390625 0.2722222222222222 0.01875
14 0.1638888888888889 0.159375 0.20833333333333334 0.01875
14 0.7777777777777778 0.0640625 0.25277777777777777 0.0171875
14 0.33611111111111114 0.065625 0.1111111111111111 0.0203125
14 0.4638888888888889 0.859375 0.85 0.046875
15 0.5 0.940625 0.9416666666666667 0.0671875
6 0.9166666666666666 0.31875 0.041666666666666664 0.0203125
6 0.058333333333333334 0.065625 0.03611111111111111 0.0203125
18 0.4986111111111111 0.015625 0.9972222222222222 0.03125
14 0.5 0.94375 0.3611111111111111 0.025