5 0.5 0.3625 0.9055555555555556 0.0671875
5 0.5 0.440625 0.9055555555555556 0.0671875
14 0.17222222222222222 0.440625 0.16944444444444445 0.0171875
14 0.3333333333333333 0.3625 0.49444444444444446 0.0171875
7 0.5 0.14375 0.48055555555555557 0.065625
14 0.8416666666666667 0.9390625 0.1 0.0140625
14 0.5527777777777778 0.940625 0.1388888888888889 0.0171875
14 0.24722222222222223 0.9390625 0.13333333333333333 0.0140625
14 0.5 0.88125 0.33611111111111114 0.015625
14 0.8305555555555556 0.5078125 0.2388888888888889 0.0171875
11 0.5 0.2640625 0.9027777777777778 0.0578125
14 0.25 0.2625 0.10277777777777777 0.0234375
14 0.75 0.259375 0.3055555555555556 0.0171875
7 0.12777777777777777 0.9390625 0.06666666666666667 0.0375
7 0.4305555555555556 0.9390625 0.06944444444444445 0.0390625
7 0.7416666666666667 0.9390625 0.06666666666666667 0.03125