18 0.4986111111111111 0.0125 0.9972222222222222 0.025
5 0.5 0.315625 0.9222222222222223 0.0609375
5 0.5 0.19375 0.9222222222222223 0.0609375
17 0.5 0.0734375 1 0.0609375
6 0.05277777777777778 0.0734375 0.025 0.025
14 0.5 0.0734375 0.34444444444444444 0.0171875
14 0.08055555555555556 0.146875 0.08333333333333333 0.015625
14 0.10555555555555556 0.19375 0.07222222222222222 0.0125
14 0.11666666666666667 0.26875 0.1527777777777778 0.015625
14 0.13333333333333333 0.315625 0.125 0.0125
3 0.2777777777777778 0.3953125 0.48333333333333334 0.0328125
14 0.32222222222222224 0.3921875 0.39444444444444443 0.0203125
14 0.5027777777777778 0.4421875 0.75 0.059375