0 0.5 0.515625 0.9972222222222222 0.965625
15 0.5 0.7796875 0.9277777777777778 0.0625
15 0.5 0.6890625 0.9277777777777778 0.0625
15 0.5 0.6140625 0.9277777777777778 0.0625
15 0.5 0.5375 0.9277777777777778 0.0625
14 0.5 0.44375 0.6583333333333333 0.01875
18 0.4986111111111111 0.015625 0.9972222222222222 0.03125
14 0.49722222222222223 0.253125 0.5333333333333333 0.134375
14 0.5 0.378125 0.5083333333333333 0.0421875
14 0.5 0.5390625 0.1527777777777778 0.015625
14 0.5027777777777778 0.6140625 0.16944444444444445 0.015625
14 0.5 0.6890625 0.12222222222222222 0.015625
14 0.5 0.7796875 0.6111111111111112 0.015625