5 0.5 0.5296875 0.8833333333333333 0.0390625
5 0.5 0.4140625 0.8833333333333333 0.0390625
5 0.5 0.296875 0.8833333333333333 0.0390625
5 0.5 0.1796875 0.8833333333333333 0.0390625
14 0.15555555555555556 0.5203125 0.18888888888888888 0.01875
14 0.20277777777777778 0.403125 0.2833333333333333 0.01875
14 0.16944444444444445 0.2859375 0.21388888888888888 0.01875
14 0.16944444444444445 0.1703125 0.21388888888888888 0.01875
15 0.5 0.953125 0.8833333333333333 0.059375
16 0.5 0.809375 0.8833333333333333 0.059375
14 0.46111111111111114 0.7234375 0.8027777777777778 0.0390625
14 0.41944444444444445 0.640625 0.725 0.0515625
6 0.9111111111111111 0.5203125 0.041666666666666664 0.01875
6 0.06666666666666667 0.05625 0.03611111111111111 0.0203125
14 0.5 0.053125 0.3277777777777778 0.015625
18 0.5 0.0109375 0.9972222222222222 0.0203125
13 0.8805555555555555 0.6390625 0.12222222222222222 0.0421875
14 0.5 0.809375 0.14166666666666666 0.0203125
14 0.5 0.9546875 0.4638888888888889 0.0203125
6 0.8888888888888888 0.809375 0.03888888888888889 0.0265625