18 0.5 0.0109375 0.9972222222222222 0.0203125
6 0.07777777777777778 0.0765625 0.041666666666666664 0.015625
14 0.9055555555555556 0.078125 0.08055555555555556 0.021875
14 0.5 0.121875 0.6111111111111112 0.025
14 0.49722222222222223 0.1953125 0.7722222222222223 0.0515625
15 0.5 0.3171875 0.9027777777777778 0.08125
15 0.5 0.4109375 0.9027777777777778 0.08125
15 0.5 0.50625 0.9027777777777778 0.08125
15 0.5 0.6015625 0.9027777777777778 0.08125
15 0.5 0.878125 0.8083333333333333 0.08125
14 0.5 0.3171875 0.08055555555555556 0.0171875
14 0.5 0.4140625 0.325 0.021875
14 0.5 0.5078125 0.24166666666666667 0.021875
14 0.5 0.6046875 0.29444444444444445 0.021875
14 0.5 0.878125 0.175 0.0171875