18 0.5 0.0109375 0.9972222222222222 0.0203125
3 0.48055555555555557 0.6828125 0.6777777777777778 0.0578125
6 0.10277777777777777 0.0578125 0.041666666666666664 0.0234375
14 0.5 0.0578125 0.3 0.01875
14 0.49722222222222223 0.14375 0.5916666666666667 0.0171875
16 0.5 0.2109375 0.7222222222222222 0.053125
16 0.5 0.284375 0.725 0.053125
14 0.5 0.3515625 0.041666666666666664 0.0125
5 0.5 0.4203125 0.7222222222222222 0.053125
14 0.23055555555555557 0.41875 0.08611111111111111 0.015625
5 0.5 0.4734375 0.7222222222222222 0.053125
14 0.2638888888888889 0.471875 0.15 0.015625
5 0.5 0.5265625 0.7222222222222222 0.053125
14 0.3333333333333333 0.525 0.29444444444444445 0.015625
15 0.5 0.6 0.7222222222222222 0.0546875
14 0.5083333333333333 0.6828125 0.6194444444444445 0.0578125
14 0.5 0.7640625 0.4083333333333333 0.0140625
14 0.38333333333333336 0.209375 0.39166666666666666 0.015625
14 0.3611111111111111 0.284375 0.3472222222222222 0.0203125
7 0.8138888888888889 0.2109375 0.08888888888888889 0.0484375
7 0.8138888888888889 0.284375 0.08611111111111111 0.0484375
14 0.5 0.5984375 0.25 0.015625