0 0.5 0.5 0.9972222222222222 0.9984375
15 0.5 0.753125 0.8833333333333333 0.075
15 0.5 0.8609375 0.8833333333333333 0.0765625
14 0.5 0.8625 0.3194444444444444 0.0234375
14 0.5 0.7546875 0.10277777777777777 0.0234375
5 0.5 0.5328125 0.8833333333333333 0.0765625
5 0.5 0.63125 0.8833333333333333 0.075
14 0.2611111111111111 0.6296875 0.2638888888888889 0.0171875
14 0.2222222222222222 0.5328125 0.18888888888888888 0.0171875
18 0.5 0.0109375 0.9972222222222222 0.0203125
6 0.06944444444444445 0.05625 0.05 0.0265625
7 0.5 0.0578125 0.4 0.0265625
6 0.5 0.3 0.31666666666666665 0.178125
14 0.5 0.4328125 0.2722222222222222 0.03125
14 0.5 0.95 0.3472222222222222 0.0234375