5 0.5 0.103125 0.9222222222222223 0.06875
14 0.3638888888888889 0.1046875 0.3972222222222222 0.021875
1 0.5 0.9671875 1 0.065625
16 0.16666666666666666 0.9703125 0.08611111111111111 0.0515625
6 0.16666666666666666 0.9578125 0.04722222222222222 0.0265625
16 0.5 0.9703125 0.10555555555555556 0.053125
6 0.5 0.959375 0.05277777777777778 0.0296875
16 0.8305555555555556 0.96875 0.07222222222222222 0.05
6 0.8333333333333334 0.9578125 0.05277777777777778 0.0296875
14 0.8305555555555556 0.9890625 0.07222222222222222 0.009375
14 0.5 0.990625 0.10555555555555556 0.0125
14 0.16666666666666666 0.990625 0.08611111111111111 0.0125
2 0.5 0.7375 0.9277777777777778 0.3578125
14 0.5 0.88125 0.7444444444444445 0.01875
14 0.5 0.8546875 0.5638888888888889 0.021875
7 0.5 0.6890625 0.9194444444444444 0.259375
2 0.5 0.3484375 0.925 0.3578125
14 0.5 0.49375 0.7888888888888889 0.01875
14 0.5 0.4640625 0.11388888888888889 0.01875
7 0.5 0.3 0.9194444444444444 0.259375
6 0.1111111111111111 0.103125 0.044444444444444446 0.0234375
18 0.5 0.0109375 0.9972222222222222 0.0203125