14 0.5 0.6078125 0.7722222222222223 0.1015625
14 0.5 0.484375 0.5944444444444444 0.0890625
14 0.21388888888888888 0.1234375 0.2611111111111111 0.0421875
1 0.5 0.9671875 1 0.065625
16 0.16666666666666666 0.96875 0.13055555555555556 0.05
14 0.16666666666666666 0.9890625 0.13055555555555556 0.009375
16 0.5 0.9703125 0.08055555555555556 0.0515625
14 0.5 0.990625 0.08055555555555556 0.0125
16 0.8333333333333334 0.96875 0.07777777777777778 0.0515625
14 0.8305555555555556 0.9890625 0.07777777777777778 0.009375
6 0.8305555555555556 0.959375 0.05555555555555555 0.03125
6 0.5 0.959375 0.06666666666666667 0.0296875
6 0.16666666666666666 0.959375 0.06666666666666667 0.028125
18 0.5 0.0109375 0.9972222222222222 0.0203125