5 0.5 0.384375 0.9194444444444444 0.0296875
5 0.5 0.2875 0.9194444444444444 0.0296875
14 0.16111111111111112 0.3796875 0.24444444444444444 0.0203125
14 0.19444444444444445 0.2796875 0.3138888888888889 0.015625
15 0.5 0.45625 0.9194444444444444 0.0671875
14 0.9222222222222223 0.3828125 0.06666666666666667 0.0125
14 0.11666666666666667 0.340625 0.15 0.0125
14 0.1527777777777778 0.2421875 0.2222222222222222 0.0140625
14 0.5 0.059375 0.15833333333333333 0.021875
6 0.044444444444444446 0.0578125 0.027777777777777776 0.028125
18 0.5 0.0109375 0.9972222222222222 0.021875
14 0.5 0.4546875 0.08888888888888889 0.015625