5 0.5 0.5859375 0.9027777777777778 0.0671875
5 0.5 0.4953125 0.9027777777777778 0.0671875
14 0.16111111111111112 0.584375 0.16111111111111112 0.0171875
14 0.12222222222222222 0.49375 0.08611111111111111 0.0171875
14 0.5 0.9390625 0.42777777777777776 0.0171875
14 0.5 0.746875 0.275 0.0171875
15 0.5 0.6765625 0.9027777777777778 0.0671875
6 0.875 0.5859375 0.03888888888888889 0.015625
14 0.5 0.40625 0.03333333333333333 0.0125
14 0.5 0.1828125 0.7305555555555555 0.0421875
6 0.9166666666666666 0.05625 0.03611111111111111 0.021875
7 0.5 0.1078125 0.17777777777777778 0.04375
16 0.26944444444444443 0.315625 0.4388888888888889 0.0671875
16 0.7305555555555555 0.315625 0.4388888888888889 0.0671875
18 0.5 0.0109375 0.9972222222222222 0.0203125
14 0.5 0.678125 0.09444444444444444 0.0203125
14 0.7555555555555555 0.3171875 0.17777777777777778 0.015625
14 0.2916666666666667 0.31875 0.12777777777777777 0.0203125
7 0.19444444444444445 0.315625 0.030555555555555555 0.01875
6 0.6361111111111111 0.3171875 0.022222222222222223 0.0203125