14 0.49722222222222223 0.4578125 0.20277777777777778 0.0140625
1 0.5 0.9671875 1 0.065625
6 0.125 0.9703125 0.1 0.0359375
6 0.38055555555555554 0.9703125 0.05277777777777778 0.0375
6 0.6333333333333333 0.9703125 0.07777777777777778 0.0421875
6 0.8611111111111112 0.9703125 0.06666666666666667 0.0375
16 0.5 0.54375 0.5805555555555556 0.0671875
14 0.5027777777777778 0.4859375 0.6694444444444444 0.0140625
17 0.5 0.0546875 1 0.0640625
14 0.5 0.053125 0.15 0.025
18 0.5 0.0109375 0.9972222222222222 0.0203125
6 0.06666666666666667 0.05625 0.03611111111111111 0.0328125
14 0.5638888888888889 0.546875 0.3972222222222222 0.025
6 0.2861111111111111 0.54375 0.09444444444444444 0.0359375