18 0.5 0.0109375 0.9972222222222222 0.0203125
5 0.5 0.1125 0.9027777777777778 0.0484375
14 0.275 0.1140625 0.30277777777777776 0.021875
1 0.5 0.96640625 1 0.0671875
16 0.1 0.9703125 0.08611111111111111 0.0515625
14 0.1 0.990625 0.08611111111111111 0.0125
16 0.3 0.96875 0.07777777777777778 0.0515625
14 0.3 0.9890625 0.08055555555555556 0.009375
16 0.5 0.9703125 0.10277777777777777 0.0484375
14 0.5 0.9890625 0.10277777777777777 0.0109375
16 0.6972222222222222 0.96875 0.06111111111111111 0.0515625
14 0.6972222222222222 0.9890625 0.04722222222222222 0.009375
16 0.8972222222222223 0.96875 0.041666666666666664 0.05
14 0.9 0.9890625 0.030555555555555555 0.009375
6 0.8972222222222223 0.9578125 0.041666666666666664 0.028125
6 0.6972222222222222 0.959375 0.06111111111111111 0.0328125
6 0.5 0.959375 0.06111111111111111 0.028125
6 0.2972222222222222 0.9578125 0.05555555555555555 0.0328125
6 0.1 0.959375 0.04722222222222222 0.028125
9 0.5 0.5453125 0.9222222222222223 0.775
6 0.4305555555555556 0.7765625 0.06111111111111111 0.028125
6 0.9111111111111111 0.7765625 0.06111111111111111 0.028125
6 0.9111111111111111 0.4359375 0.06111111111111111 0.028125
6 0.4305555555555556 0.4359375 0.06111111111111111 0.028125
6 0.08611111111111111 0.1125 0.03611111111111111 0.0203125
6 0.04722222222222222 0.0578125 0.030555555555555555 0.028125
14 0.5 0.05625 0.21388888888888888 0.0171875
14 0.08611111111111111 0.4234375 0.08611111111111111 0.015625
14 0.08333333333333333 0.4484375 0.08055555555555556 0.0140625
14 0.5777777777777777 0.4234375 0.10277777777777777 0.015625
14 0.5611111111111111 0.4484375 0.075 0.0140625
14 0.12222222222222222 0.7625 0.15833333333333333 0.0125
14 0.08333333333333333 0.7890625 0.07777777777777778 0.0140625
14 0.6777777777777778 0.7625 0.30833333333333335 0.0125
14 0.5638888888888889 0.7890625 0.07777777777777778 0.0140625
7 0.25833333333333336 0.2796875 0.44166666666666665 0.2421875
7 0.7388888888888889 0.2796875 0.44166666666666665 0.2421875
7 0.7388888888888889 0.6171875 0.44166666666666665 0.2484375
7 0.25833333333333336 0.6171875 0.44166666666666665 0.2484375
7 0.25833333333333336 0.8828125 0.44166666666666665 0.0984375
7 0.7388888888888889 0.8828125 0.44166666666666665 0.0984375