18 0.5 0.0109375 0.9972222222222222 0.0203125
6 0.044444444444444446 0.0578125 0.030555555555555555 0.028125
14 0.5 0.0578125 0.5944444444444444 0.0171875
14 0.9138888888888889 0.1171875 0.07222222222222222 0.0125
14 0.18611111111111112 0.1171875 0.2722222222222222 0.0125
9 0.49722222222222223 0.5421875 0.8972222222222223 0.7796875
14 0.41944444444444445 0.203125 0.06944444444444445 0.0125
14 0.475 0.2359375 0.17777777777777778 0.0171875
14 0.5055555555555555 0.284375 0.2388888888888889 0.028125
14 0.5194444444444445 0.321875 0.26944444444444443 0.0171875
14 0.6638888888888889 0.3546875 0.04722222222222222 0.0125
14 0.41944444444444445 0.4421875 0.06666666666666667 0.0125
14 0.475 0.475 0.17777777777777778 0.0171875
14 0.5055555555555555 0.521875 0.2388888888888889 0.028125
14 0.4861111111111111 0.5609375 0.19722222222222222 0.0171875
14 0.6611111111111111 0.5921875 0.05 0.0125
14 0.5527777777777778 0.6796875 0.3333333333333333 0.0125
14 0.475 0.7125 0.17777777777777778 0.015625
14 0.5083333333333333 0.7609375 0.2388888888888889 0.028125
14 0.4861111111111111 0.7984375 0.19722222222222222 0.0171875
14 0.6611111111111111 0.83125 0.04722222222222222 0.0125
1 0.5 0.9671875 1 0.065625
14 0.41944444444444445 0.9171875 0.06666666666666667 0.0125
7 0.19722222222222222 0.7484375 0.26944444444444443 0.140625
7 0.19722222222222222 0.5109375 0.2611111111111111 0.090625
7 0.19722222222222222 0.271875 0.2638888888888889 0.10625
6 0.5027777777777778 0.3546875 0.23333333333333334 0.021875
6 0.5055555555555555 0.5921875 0.23333333333333334 0.021875
6 0.5055555555555555 0.83125 0.23333333333333334 0.021875
6 0.875 0.9734375 0.03888888888888889 0.028125
6 0.625 0.9640625 0.05277777777777778 0.0296875
6 0.375 0.965625 0.07222222222222222 0.025
6 0.125 0.9671875 0.07222222222222222 0.025