5 0.5 0.1390625 0.95 0.08125
14 0.5361111111111111 0.1390625 0.7555555555555555 0.021875
6 0.10277777777777777 0.1390625 0.058333333333333334 0.0328125
14 0.10277777777777777 0.215625 0.12222222222222222 0.01875
14 0.8888888888888888 0.2140625 0.14166666666666666 0.0140625
7 0.5 0.384375 0.9222222222222223 0.1921875
7 0.5 0.7234375 0.9222222222222223 0.19375
7 0.5 0.9828125 0.9222222222222223 0.0328125
15 0.13055555555555556 0.7953125 0.14444444444444443 0.0265625
15 0.1388888888888889 0.45625 0.16111111111111112 0.0265625
14 0.3277777777777778 0.503125 0.5722222222222222 0.0171875
14 0.12777777777777777 0.5375 0.17777777777777778 0.0171875
14 0.14166666666666666 0.56875 0.20555555555555555 0.01875
14 0.23055555555555557 0.8453125 0.38055555555555554 0.021875
14 0.15555555555555556 0.8765625 0.23333333333333334 0.0171875
14 0.14166666666666666 0.90625 0.20833333333333334 0.0140625
6 0.37777777777777777 0.5671875 0.21388888888888888 0.01875
6 0.37777777777777777 0.9078125 0.21388888888888888 0.01875
6 0.07222222222222222 0.0578125 0.041666666666666664 0.0234375
7 0.5 0.0578125 0.4 0.0265625
18 0.5 0.0109375 0.9972222222222222 0.0203125