9 0.5027777777777778 0.640625 0.9305555555555556 0.7171875
14 0.13055555555555556 0.315625 0.16111111111111112 0.0171875
14 0.15555555555555556 0.3828125 0.2111111111111111 0.0203125
14 0.16666666666666666 0.4484375 0.23333333333333334 0.0203125
14 0.09722222222222222 0.5125 0.09166666666666666 0.0171875
14 0.14166666666666666 0.5765625 0.18333333333333332 0.0171875
14 0.10277777777777777 0.6421875 0.10833333333333334 0.0171875
14 0.15555555555555556 0.7078125 0.2111111111111111 0.0171875
14 0.25555555555555554 0.771875 0.41388888888888886 0.0171875
14 0.11666666666666667 0.8375 0.13333333333333333 0.0171875
14 0.17777777777777778 0.9046875 0.25555555555555554 0.0203125
14 0.13055555555555556 0.96875 0.15833333333333333 0.0171875
6 0.9388888888888889 0.96875 0.019444444444444445 0.01875
6 0.9388888888888889 0.903125 0.019444444444444445 0.01875
6 0.9388888888888889 0.8390625 0.019444444444444445 0.01875
6 0.9388888888888889 0.7734375 0.019444444444444445 0.01875
6 0.9388888888888889 0.7078125 0.019444444444444445 0.01875
6 0.9388888888888889 0.6421875 0.019444444444444445 0.01875
6 0.9388888888888889 0.578125 0.019444444444444445 0.01875
6 0.9388888888888889 0.5125 0.019444444444444445 0.01875
6 0.9388888888888889 0.446875 0.019444444444444445 0.01875
6 0.9388888888888889 0.38125 0.019444444444444445 0.01875
6 0.9388888888888889 0.3171875 0.019444444444444445 0.01875
6 0.06388888888888888 0.05625 0.027777777777777776 0.028125
14 0.2722222222222222 0.1859375 0.4027777777777778 0.0125
7 0.7333333333333333 0.18125 0.46111111111111114 0.1359375
18 0.5 0.0109375 0.9972222222222222 0.0203125