5 0.3888888888888889 0.0578125 0.6805555555555556 0.0484375
14 0.3277777777777778 0.0578125 0.4111111111111111 0.0171875
1 0.5 0.965625 1 0.0671875
16 0.9 0.975 0.07777777777777778 0.0390625
14 0.9 0.9890625 0.05277777777777778 0.0109375
16 0.7 0.9703125 0.12777777777777777 0.05
14 0.7 0.9890625 0.12777777777777777 0.0109375
16 0.5 0.9703125 0.10277777777777777 0.0546875
14 0.5 0.990625 0.10277777777777777 0.0125
16 0.3 0.9703125 0.08611111111111111 0.05625
14 0.3 0.990625 0.08611111111111111 0.0125
16 0.08888888888888889 0.96875 0.08055555555555556 0.0578125
14 0.1 0.990625 0.05555555555555555 0.0125
6 0.08888888888888889 0.959375 0.08055555555555556 0.040625
6 0.3 0.9609375 0.06388888888888888 0.0390625
6 0.5 0.9609375 0.06666666666666667 0.0375
6 0.6972222222222222 0.959375 0.06666666666666667 0.03125
6 0.9 0.9609375 0.07777777777777778 0.0109375
7 0.8694444444444445 0.9109375 0.19166666666666668 0.0421875
7 0.5 0.8984375 0.21666666666666667 0.065625
7 0.125 0.8921875 0.1527777777777778 0.078125
7 0.15 0.603125 0.2222222222222222 0.125
7 0.49444444444444446 0.603125 0.2722222222222222 0.1203125
7 0.8416666666666667 0.6046875 0.18888888888888888 0.128125
7 0.8916666666666667 0.2921875 0.16666666666666666 0.128125
7 0.5472222222222223 0.290625 0.24444444444444444 0.1375
7 0.2 0.2921875 0.2638888888888889 0.1203125
14 0.15 0.6921875 0.06666666666666667 0.0140625
14 0.8388888888888889 0.6953125 0.2916666666666667 0.01875
14 0.49444444444444446 0.6953125 0.09166666666666666 0.01875
14 0.2 0.38125 0.28888888888888886 0.01875
14 0.8916666666666667 0.378125 0.06666666666666667 0.0140625
14 0.5472222222222223 0.378125 0.18055555555555555 0.0140625
11 0.5 0.11875 1 0.0546875
14 0.7472222222222222 0.115625 0.15833333333333333 0.0140625
14 0.25 0.115625 0.12777777777777777 0.0125
14 0.19166666666666668 0.18125 0.3111111111111111 0.0234375
14 0.25 0.4953125 0.425 0.0234375
14 0.2972222222222222 0.809375 0.5166666666666667 0.0234375
6 0.08611111111111111 0.0578125 0.03611111111111111 0.0203125
6 0.7944444444444444 0.0578125 0.04722222222222222 0.0265625
6 0.9055555555555556 0.0578125 0.04722222222222222 0.0265625
18 0.5 0.0109375 0.9972222222222222 0.0203125