0 0.5 0.5 0.9972222222222222 0.9984375
6 0.09166666666666666 0.05625 0.058333333333333334 0.0203125
14 0.07777777777777778 0.1109375 0.15555555555555556 0.01875
14 0.9472222222222222 0.1109375 0.1 0.01875
14 0.5 0.05625 0.26944444444444443 0.028125
14 0.5 0.1140625 0.15833333333333333 0.021875
12 0.5 0.9828125 0.2111111111111111 0.009375
15 0.5 0.946875 0.32222222222222224 0.0421875
16 0.23055555555555557 0.8171875 0.16111111111111112 0.121875
14 0.23055555555555557 0.8671875 0.1527777777777778 0.01875
16 0.5 0.8171875 0.16111111111111112 0.121875
14 0.49722222222222223 0.86875 0.14166666666666666 0.01875
16 0.7666666666666667 0.815625 0.16111111111111112 0.11875
14 0.7666666666666667 0.865625 0.10277777777777777 0.0171875
16 0.7666666666666667 0.625 0.16944444444444445 0.1234375
14 0.7666666666666667 0.678125 0.16944444444444445 0.0203125
16 0.5 0.625 0.15833333333333333 0.121875
14 0.49722222222222223 0.6765625 0.11666666666666667 0.01875
16 0.23333333333333334 0.6234375 0.16111111111111112 0.1203125
14 0.23333333333333334 0.675 0.07777777777777778 0.015625
16 0.23333333333333334 0.4328125 0.16111111111111112 0.1203125
14 0.23055555555555557 0.484375 0.11388888888888889 0.015625
16 0.5 0.4328125 0.15833333333333333 0.1203125
14 0.5 0.484375 0.058333333333333334 0.015625
16 0.7666666666666667 0.434375 0.15833333333333333 0.1234375
14 0.7666666666666667 0.4859375 0.08055555555555556 0.0203125
16 0.7666666666666667 0.240625 0.16111111111111112 0.1203125
14 0.7638888888888888 0.29375 0.1111111111111111 0.015625
16 0.5 0.2421875 0.16111111111111112 0.11875
14 0.49722222222222223 0.29375 0.10833333333333334 0.015625
16 0.23333333333333334 0.2421875 0.16111111111111112 0.11875
14 0.23055555555555557 0.29375 0.08055555555555556 0.015625
7 0.23055555555555557 0.8015625 0.15833333333333333 0.0890625
7 0.5 0.8 0.15833333333333333 0.0890625
7 0.7666666666666667 0.8 0.15833333333333333 0.0890625
7 0.7638888888888888 0.609375 0.15833333333333333 0.0890625
7 0.5 0.609375 0.15833333333333333 0.0890625
7 0.23333333333333334 0.609375 0.15833333333333333 0.0890625
7 0.23333333333333334 0.4171875 0.15833333333333333 0.0890625
7 0.5 0.4171875 0.15833333333333333 0.0890625
7 0.7666666666666667 0.41875 0.15833333333333333 0.0890625
7 0.7666666666666667 0.2265625 0.15833333333333333 0.0890625
7 0.23333333333333334 0.228125 0.15833333333333333 0.0890625
7 0.5 0.228125 0.15833333333333333 0.0890625
18 0.5 0.0109375 0.9972222222222222 0.0203125
14 0.5 0.9484375 0.21944444444444444 0.0140625