1 0.5 0.9671875 1 0.065625
16 0.875 0.9671875 0.06666666666666667 0.053125
16 0.625 0.96875 0.10833333333333334 0.0515625
16 0.375 0.96875 0.1 0.0515625
16 0.125 0.9671875 0.06944444444444445 0.0546875
6 0.4388888888888889 0.9078125 0.044444444444444446 0.021875
14 0.08888888888888889 0.884375 0.09722222222222222 0.0171875
14 0.13055555555555556 0.9078125 0.17777777777777778 0.0171875
6 0.125 0.9578125 0.06388888888888888 0.0359375
14 0.125 0.9890625 0.06944444444444445 0.0109375
14 0.375 0.9890625 0.1 0.0109375
6 0.375 0.9578125 0.05 0.0296875
6 0.625 0.9578125 0.058333333333333334 0.0296875
14 0.625 0.9890625 0.10555555555555556 0.0109375
14 0.875 0.9890625 0.06666666666666667 0.0109375
6 0.875 0.9578125 0.058333333333333334 0.0328125
6 0.9388888888888889 0.9078125 0.044444444444444446 0.021875
14 0.6277777777777778 0.9078125 0.17777777777777778 0.0171875
14 0.5861111111111111 0.884375 0.09722222222222222 0.0171875
14 0.5888888888888889 0.4359375 0.09722222222222222 0.0171875
14 0.6277777777777778 0.459375 0.17777777777777778 0.0171875
6 0.4388888888888889 0.459375 0.044444444444444446 0.021875
14 0.08888888888888889 0.4359375 0.09722222222222222 0.0171875
14 0.08888888888888889 0.4609375 0.09722222222222222 0.0171875
7 0.75 0.7203125 0.4222222222222222 0.2375
7 0.25 0.7203125 0.4222222222222222 0.2375
7 0.75 0.271875 0.4222222222222222 0.2375
7 0.25 0.271875 0.4222222222222222 0.2375
6 0.5805555555555556 0.05625 0.019444444444444445 0.00625
14 0.4777777777777778 0.0578125 0.1361111111111111 0.015625
5 0.5 0.1171875 0.9222222222222223 0.0453125
6 0.08055555555555556 0.1171875 0.027777777777777776 0.015625
14 0.5 0.1171875 0.41944444444444445 0.015625
6 0.9277777777777778 0.0578125 0.044444444444444446 0.025
18 0.5 0.0109375 0.9972222222222222 0.021875
6 0.9388888888888889 0.4609375 0.041666666666666664 0.021875