17 0.5 0.0546875 1 0.0609375
5 0.5 0.0546875 0.6611111111111111 0.0484375
14 0.37222222222222223 0.05625 0.2611111111111111 0.021875
6 0.20555555555555555 0.053125 0.03333333333333333 0.01875
6 0.7861111111111111 0.053125 0.04722222222222222 0.021875
14 0.5 0.1140625 0.3527777777777778 0.021875
14 0.18333333333333332 0.30625 0.10833333333333334 0.015625
14 0.5 0.30625 0.13333333333333333 0.015625
14 0.8166666666666667 0.30625 0.11666666666666667 0.015625
14 0.5 0.3640625 0.36666666666666664 0.01875
14 0.5 0.484375 0.2833333333333333 0.021875
14 0.5 0.5375 0.7305555555555555 0.0375
14 0.28055555555555556 0.71875 0.11666666666666667 0.0125
14 0.7194444444444444 0.7203125 0.09444444444444444 0.0171875
1 0.5 0.9671875 1 0.065625
14 0.28055555555555556 0.9125 0.11388888888888889 0.0171875
14 0.7194444444444444 0.9140625 0.06111111111111111 0.0171875
16 0.1 0.96875 0.08333333333333333 0.0515625
14 0.1 0.9875 0.08333333333333333 0.0125
16 0.3 0.9703125 0.16666666666666666 0.053125
14 0.3 0.9890625 0.16666666666666666 0.0171875
16 0.5 0.96875 0.12777777777777777 0.0578125
14 0.5 0.9890625 0.12777777777777777 0.015625
16 0.6972222222222222 0.96875 0.075 0.05625
14 0.6972222222222222 0.9890625 0.07222222222222222 0.0171875
16 0.8972222222222223 0.9671875 0.06944444444444445 0.0515625
14 0.8972222222222223 0.9859375 0.06666666666666667 0.0140625
7 0.18333333333333332 0.2109375 0.21944444444444444 0.1203125
7 0.49722222222222223 0.209375 0.23055555555555557 0.125
7 0.8166666666666667 0.2109375 0.21388888888888888 0.1265625
7 0.28055555555555556 0.640625 0.21944444444444444 0.0921875
7 0.7194444444444444 0.6421875 0.21388888888888888 0.1015625
7 0.28055555555555556 0.834375 0.21666666666666667 0.0875
7 0.7194444444444444 0.834375 0.21666666666666667 0.096875
6 0.925 0.05625 0.05 0.028125
6 0.1 0.959375 0.058333333333333334 0.03125
6 0.3 0.959375 0.058333333333333334 0.03125
6 0.5 0.959375 0.06666666666666667 0.0375
6 0.6972222222222222 0.959375 0.06388888888888888 0.0359375
6 0.8972222222222223 0.9578125 0.06944444444444445 0.03125
18 0.5 0.0109375 0.9972222222222222 0.0203125