15 0.7 0.0578125 0.3972222222222222 0.040625
18 0.5 0.0109375 0.9972222222222222 0.0203125
7 0.2611111111111111 0.2828125 0.44722222222222224 0.371875
7 0.7388888888888889 0.25 0.44722222222222224 0.3046875
7 0.2611111111111111 0.6703125 0.44722222222222224 0.371875
7 0.7361111111111112 0.6046875 0.44722222222222224 0.371875
7 0.2611111111111111 0.9015625 0.44722222222222224 0.0578125
7 0.7361111111111112 0.86875 0.44722222222222224 0.125
14 0.2611111111111111 0.44375 0.28055555555555556 0.0234375
14 0.7388888888888889 0.375 0.11388888888888889 0.01875
14 0.2611111111111111 0.8296875 0.125 0.01875
14 0.7361111111111112 0.765625 0.11666666666666667 0.0234375
6 0.95 0.0578125 0.04722222222222222 0.0265625
6 0.4305555555555556 0.125 0.05 0.0265625
6 0.9055555555555556 0.1265625 0.04722222222222222 0.0265625
6 0.42777777777777776 0.5125 0.04722222222222222 0.025
6 0.9055555555555556 0.446875 0.04722222222222222 0.0265625
6 0.4305555555555556 0.9015625 0.04722222222222222 0.025
6 0.9055555555555556 0.8359375 0.04722222222222222 0.025
1 0.5 0.965625 1 0.0671875
6 0.125 0.965625 0.06944444444444445 0.0375
6 0.375 0.965625 0.058333333333333334 0.0390625
6 0.625 0.965625 0.06944444444444445 0.0375
6 0.875 0.965625 0.06111111111111111 0.0078125
15 0.3 0.05625 0.3972222222222222 0.040625
14 0.3 0.0578125 0.21388888888888888 0.015625
14 0.7 0.0578125 0.15555555555555556 0.015625