1 0.5 0.9671875 1 0.065625
9 0.49722222222222223 0.35 0.9388888888888889 0.1546875
9 0.5027777777777778 0.6265625 0.9194444444444444 0.221875
16 0.9 0.9703125 0.07222222222222222 0.0484375
16 0.6972222222222222 0.9703125 0.07777777777777778 0.0484375
16 0.5 0.96875 0.05277777777777778 0.05
16 0.3 0.9703125 0.1638888888888889 0.05
16 0.1 0.971875 0.17777777777777778 0.04375
14 0.14166666666666666 0.390625 0.17777777777777778 0.0203125
14 0.16111111111111112 0.4765625 0.22777777777777777 0.025
14 0.11666666666666667 0.55 0.13333333333333333 0.0171875
14 0.10277777777777777 0.628125 0.10277777777777777 0.0171875
14 0.25 0.70625 0.4 0.0171875
6 0.9416666666666667 0.70625 0.013888888888888888 0.015625
6 0.9416666666666667 0.628125 0.016666666666666666 0.015625
6 0.9416666666666667 0.55 0.016666666666666666 0.015625
6 0.9416666666666667 0.3875 0.016666666666666666 0.015625
14 0.8361111111111111 0.3890625 0.12777777777777777 0.021875
6 0.9416666666666667 0.309375 0.016666666666666666 0.015625
14 0.8611111111111112 0.309375 0.07777777777777778 0.0171875
14 0.13333333333333333 0.3125 0.16666666666666666 0.021875
14 0.1388888888888889 0.2359375 0.18055555555555555 0.025
15 0.5 0.15 0.9111111111111111 0.0671875
14 0.1 0.9890625 0.17777777777777778 0.009375
14 0.3 0.990625 0.1638888888888889 0.0125
14 0.5 0.9890625 0.05 0.009375
14 0.6972222222222222 0.9890625 0.07777777777777778 0.009375
14 0.9 0.9890625 0.07222222222222222 0.009375
6 0.9 0.959375 0.041666666666666664 0.0234375
6 0.6972222222222222 0.959375 0.05277777777777778 0.0265625
6 0.5 0.959375 0.05277777777777778 0.0296875
6 0.3 0.959375 0.04722222222222222 0.0265625
6 0.1 0.959375 0.04722222222222222 0.01875
14 0.5 0.153125 0.29444444444444445 0.021875
17 0.5 0.0546875 1 0.0640625
7 0.5 0.0578125 0.075 0.0375
6 0.925 0.05625 0.05 0.028125
18 0.5 0.0109375 0.9972222222222222 0.0203125