9 0.5016949152542373 0.55 0.888135593220339 0.6953125
7 0.5016949152542373 0.2546875 0.8847457627118644 0.1015625
7 0.5016949152542373 0.375 0.8847457627118644 0.1015625
7 0.5016949152542373 0.4953125 0.8847457627118644 0.1015625
7 0.5016949152542373 0.615625 0.8847457627118644 0.1015625
7 0.5016949152542373 0.7359375 0.8813559322033898 0.1015625
7 0.5016949152542373 0.8515625 0.8813559322033898 0.09375
14 0.27796610169491526 0.859375 0.12542372881355932 0.0171875
3 0.22372881355932203 0.85625 0.23728813559322035 0.028125
14 0.3389830508474576 0.6171875 0.24745762711864408 0.0171875
3 0.2847457627118644 0.615625 0.3593220338983051 0.028125
14 0.34576271186440677 0.7390625 0.2542372881355932 0.0171875
3 0.29152542372881357 0.7359375 0.3694915254237288 0.028125
14 0.2745762711864407 0.4953125 0.10847457627118644 0.0125
3 0.21694915254237288 0.4953125 0.22033898305084745 0.028125
14 0.27796610169491526 0.375 0.11864406779661017 0.0125
3 0.22372881355932203 0.375 0.23389830508474577 0.028125
14 0.2576271186440678 0.25625 0.08135593220338982 0.0171875
3 0.2033898305084746 0.2546875 0.19322033898305085 0.028125
15 0.5016949152542373 0.95 0.3254237288135593 0.06875
14 0.49830508474576274 0.128125 0.7830508474576271 0.0421875
14 0.5016949152542373 0.075 0.7457627118644068 0.0265625
14 0.5016949152542373 0.9484375 0.08135593220338982 0.0125