1 0.5 0.9671875 1 0.065625
16 0.8333333333333334 0.96875 0.07222222222222222 0.05
16 0.16666666666666666 0.971875 0.08611111111111111 0.0515625
16 0.5 0.9703125 0.10555555555555556 0.053125
16 0.1388888888888889 0.14375 0.19722222222222222 0.059375
16 0.3611111111111111 0.14375 0.19166666666666668 0.059375
15 0.5583333333333333 0.14375 0.14444444444444443 0.059375
15 0.7666666666666667 0.14375 0.21388888888888888 0.059375
17 0.5 0.05625 1 0.0640625
18 0.5 0.0109375 0.9972222222222222 0.021875
6 0.044444444444444446 0.0578125 0.030555555555555555 0.0296875
6 0.9277777777777778 0.05625 0.041666666666666664 0.0234375
6 0.1638888888888889 0.959375 0.04722222222222222 0.0265625
6 0.5 0.959375 0.05277777777777778 0.0296875
6 0.8333333333333334 0.959375 0.05277777777777778 0.0296875
14 0.2 0.653125 0.03611111111111111 0.0125
14 0.5 0.0578125 0.4305555555555556 0.021875
14 0.14722222222222223 0.565625 0.21388888888888888 0.009375
14 0.4888888888888889 0.6078125 0.8972222222222223 0.05
14 0.14166666666666666 0.68125 0.20277777777777778 0.015625
14 0.16666666666666666 0.990625 0.08611111111111111 0.0125
14 0.5 0.990625 0.10555555555555556 0.0125
14 0.8333333333333334 0.9890625 0.07222222222222222 0.0109375
6 0.10555555555555556 0.653125 0.13055555555555556 0.015625
7 0.5 0.36875 0.9222222222222223 0.35625
7 0.5 0.83125 0.9222222222222223 0.2015625
6 0.08055555555555556 0.14375 0.041666666666666664 0.0203125
6 0.3055555555555556 0.14375 0.041666666666666664 0.0234375
14 0.16666666666666666 0.14375 0.1 0.015625
14 0.3888888888888889 0.14375 0.09444444444444444 0.015625
14 0.5583333333333333 0.1453125 0.10277777777777777 0.0203125
14 0.7666666666666667 0.14375 0.17222222222222222 0.015625