15 0.7611111111111111 0.94375 0.3611111111111111 0.0671875
7 0.725 0.66875 0.4305555555555556 0.1609375
7 0.275 0.66875 0.4305555555555556 0.1609375
7 0.725 0.3375 0.4305555555555556 0.1609375
7 0.275 0.3375 0.4305555555555556 0.1609375
6 0.06944444444444445 0.959375 0.022222222222222223 0.0109375
14 0.18333333333333332 0.959375 0.06111111111111111 0.0140625
14 0.11666666666666667 0.959375 0.05555555555555555 0.0109375
14 0.15833333333333333 0.928125 0.2 0.0203125
14 0.6277777777777778 0.840625 0.22777777777777777 0.0203125
14 0.6138888888888889 0.8125 0.20555555555555555 0.0140625
14 0.6888888888888889 0.7890625 0.35833333333333334 0.0140625
14 0.5861111111111111 0.765625 0.1527777777777778 0.009375
14 0.175 0.8171875 0.22777777777777777 0.0203125
14 0.25 0.7890625 0.38055555555555554 0.0140625
14 0.1 0.765625 0.07777777777777778 0.009375
6 0.45 0.6078125 0.03888888888888889 0.01875
6 0.9027777777777778 0.6078125 0.03888888888888889 0.0203125
6 0.575 0.5328125 0.12777777777777777 0.0125
14 0.6555555555555556 0.534375 0.008333333333333333 0.0109375
14 0.625 0.509375 0.22777777777777777 0.0203125
14 0.625 0.48125 0.22777777777777777 0.0140625
14 0.7166666666666667 0.459375 0.4083333333333333 0.0171875
14 0.5861111111111111 0.434375 0.15 0.009375
14 0.18333333333333332 0.509375 0.24444444444444444 0.01875
14 0.15 0.48125 0.17777777777777778 0.0140625
14 0.19722222222222222 0.4578125 0.2722222222222222 0.01875
14 0.09722222222222222 0.434375 0.07777777777777778 0.009375
6 0.45 0.2765625 0.03888888888888889 0.01875
6 0.9027777777777778 0.2765625 0.03888888888888889 0.0203125
6 0.575 0.2015625 0.12777777777777777 0.0125
14 0.6583333333333333 0.2015625 0.011111111111111112 0.0109375
14 0.6305555555555555 0.178125 0.2361111111111111 0.01875
14 0.6166666666666667 0.15 0.21388888888888888 0.0140625
14 0.6916666666666667 0.1265625 0.35555555555555557 0.0171875
14 0.5861111111111111 0.103125 0.15 0.009375
14 0.175 0.153125 0.23055555555555557 0.0203125
14 0.25 0.125 0.38055555555555554 0.0140625
14 0.13333333333333333 0.103125 0.1527777777777778 0.009375
17 0.5 0.0546875 1 0.065625
6 0.07222222222222222 0.0578125 0.022222222222222223 0.021875
6 0.7916666666666666 0.0578125 0.03333333333333333 0.0203125
6 0.9222222222222223 0.0578125 0.03611111111111111 0.01875
18 0.5 0.0109375 0.9972222222222222 0.0203125
14 0.7611111111111111 0.94375 0.28055555555555556 0.01875