1 0.5 0.9671875 1 0.065625
16 0.125 0.9671875 0.06944444444444445 0.053125
16 0.375 0.96875 0.1 0.0515625
16 0.625 0.96875 0.10555555555555556 0.0515625
16 0.875 0.9671875 0.06666666666666667 0.053125
14 0.125 0.9890625 0.06944444444444445 0.009375
6 0.125 0.9578125 0.06388888888888888 0.034375
14 0.375 0.9890625 0.1 0.009375
6 0.375 0.9578125 0.05 0.0296875
14 0.625 0.9890625 0.10555555555555556 0.009375
6 0.625 0.9578125 0.058333333333333334 0.0296875
14 0.875 0.9890625 0.06666666666666667 0.0109375
6 0.875 0.9578125 0.058333333333333334 0.0328125
11 0.5 0.140625 0.9194444444444444 0.0515625
7 0.5 0.9046875 0.9222222222222223 0.0578125
14 0.21388888888888888 0.8140625 0.2972222222222222 0.0125
14 0.4444444444444444 0.7453125 0.8138888888888889 0.0671875
7 0.5 0.434375 0.9222222222222223 0.51875
14 0.7277777777777777 0.140625 0.3 0.0125
14 0.26666666666666666 0.140625 0.31666666666666665 0.0125
5 0.5 0.0578125 0.9416666666666667 0.0453125
14 0.49722222222222223 0.05625 0.41944444444444445 0.0140625
6 0.07222222222222222 0.0578125 0.027777777777777776 0.0140625
18 0.5 0.0109375 0.9972222222222222 0.0203125