5 0.5 0.24375 0.9027777777777778 0.0671875
5 0.5 0.1546875 0.9027777777777778 0.0671875
17 0.5 0.0546875 1 0.065625
14 0.28888888888888886 0.24375 0.19166666666666668 0.01875
14 0.24444444444444444 0.1546875 0.10277777777777777 0.0203125
14 0.5 0.525 0.21388888888888888 0.021875
14 0.5 0.490625 0.33611111111111114 0.021875
14 0.5 0.4078125 0.325 0.021875
15 0.5 0.334375 0.9027777777777778 0.0671875
6 0.11666666666666667 0.24375 0.05 0.0328125
6 0.11666666666666667 0.1546875 0.04722222222222222 0.0265625
14 0.5 0.0578125 0.10833333333333334 0.021875
6 0.075 0.05625 0.027777777777777776 0.028125
18 0.5 0.0109375 0.9972222222222222 0.0203125
14 0.5 0.3359375 0.13333333333333333 0.0265625