5 0.4361111111111111 0.065625 0.775 0.0484375
14 0.18055555555555555 0.0640625 0.11666666666666667 0.0171875
7 0.5 0.4984375 0.28888888888888886 0.175
1 0.5 0.9671875 1 0.065625
16 0.8972222222222223 0.975 0.05555555555555555 0.040625
6 0.8972222222222223 0.959375 0.04722222222222222 0.0078125
16 0.6972222222222222 0.9703125 0.06944444444444445 0.0484375
6 0.6972222222222222 0.959375 0.041666666666666664 0.025
16 0.49722222222222223 0.971875 0.06666666666666667 0.0484375
6 0.49722222222222223 0.9578125 0.04722222222222222 0.0234375
16 0.3 0.9703125 0.07777777777777778 0.0515625
6 0.29444444444444445 0.9578125 0.058333333333333334 0.028125
16 0.1 0.9703125 0.05277777777777778 0.05
6 0.1 0.959375 0.04722222222222222 0.0265625
14 0.1 0.990625 0.05277777777777778 0.009375
14 0.3 0.990625 0.07777777777777778 0.0109375
14 0.49722222222222223 0.990625 0.06666666666666667 0.009375
14 0.8972222222222223 0.990625 0.05555555555555555 0.009375
14 0.6972222222222222 0.990625 0.06944444444444445 0.009375
14 0.5 0.64375 0.7694444444444445 0.0265625
15 0.16666666666666666 0.1296875 0.33055555555555555 0.053125
14 0.16666666666666666 0.1296875 0.07777777777777778 0.0171875
15 0.49722222222222223 0.1296875 0.3333333333333333 0.053125
14 0.49722222222222223 0.1296875 0.22777777777777777 0.0171875
15 0.8333333333333334 0.1296875 0.3333333333333333 0.053125
14 0.8333333333333334 0.1328125 0.07777777777777778 0.0203125
14 0.8972222222222223 0.065625 0.10277777777777777 0.0171875
6 0.08333333333333333 0.065625 0.03333333333333333 0.01875
18 0.5 0.0109375 0.9972222222222222 0.0203125