5 0.5 0.1984375 0.9027777777777778 0.046875
5 0.5 0.1390625 0.9027777777777778 0.046875
14 0.14722222222222223 0.196875 0.14444444444444443 0.0125
14 0.11388888888888889 0.1375 0.07777777777777778 0.0125
14 0.5 0.2515625 0.44722222222222224 0.015625
14 0.5 0.28125 0.18055555555555555 0.015625
14 0.49722222222222223 0.3140625 0.21944444444444444 0.015625
14 0.8916666666666667 0.196875 0.06666666666666667 0.0109375
14 0.49722222222222223 0.0515625 0.33611111111111114 0.0109375
6 0.9305555555555556 0.053125 0.03611111111111111 0.0203125
18 0.5 0.0109375 0.9972222222222222 0.0203125
15 0.5 0.9578125 0.9972222222222222 0.08125
14 0.49722222222222223 0.9578125 0.175 0.0125