5 0.41944444444444445 0.071875 0.7666666666666667 0.0671875
7 0.7388888888888889 0.375 0.4444444444444444 0.3328125
7 0.25833333333333336 0.3734375 0.4444444444444444 0.3328125
7 0.5555555555555556 0.6171875 0.07777777777777778 0.04375
7 0.25833333333333336 0.83125 0.4444444444444444 0.2015625
7 0.7416666666666667 0.8328125 0.4444444444444444 0.2015625
6 0.7694444444444445 0.071875 0.03333333333333333 0.01875
14 0.11944444444444445 0.071875 0.08611111111111111 0.0171875
18 0.5 0.0109375 0.9972222222222222 0.0203125
14 0.9 0.071875 0.11666666666666667 0.015625
7 0.075 0.6828125 0.07777777777777778 0.04375
14 0.16944444444444445 0.515625 0.08055555555555556 0.01875
14 0.4 0.5140625 0.11944444444444445 0.015625
14 0.6583333333333333 0.5140625 0.09722222222222222 0.015625
14 0.8805555555555555 0.515625 0.11666666666666667 0.015625
14 0.24722222222222223 0.6 0.4222222222222222 0.0828125
14 0.7277777777777777 0.56875 0.41944444444444445 0.0234375
14 0.6527777777777778 0.603125 0.07777777777777778 0.0140625
14 0.7277777777777777 0.628125 0.2222222222222222 0.0140625
14 0.25555555555555554 0.66875 0.2388888888888889 0.0140625
14 0.24722222222222223 0.69375 0.2222222222222222 0.0140625
1 0.5 0.9671875 1 0.065625
16 0.1 0.96875 0.06666666666666667 0.05625
14 0.1 0.990625 0.06666666666666667 0.0125
16 0.3 0.96875 0.075 0.053125
14 0.3 0.9890625 0.075 0.009375
16 0.5 0.9671875 0.075 0.053125
14 0.5 0.9890625 0.075 0.009375
16 0.6972222222222222 0.96875 0.10277777777777777 0.05625
14 0.6972222222222222 0.990625 0.10277777777777777 0.0125
16 0.9 0.96875 0.06666666666666667 0.053125
14 0.9 0.9890625 0.06666666666666667 0.0109375
15 0.25833333333333336 0.159375 0.4444444444444444 0.04375
16 0.7416666666666667 0.159375 0.4444444444444444 0.04375
6 0.08888888888888889 0.515625 0.05 0.025
6 0.5694444444444444 0.515625 0.05 0.025
6 0.1 0.95625 0.06111111111111111 0.0328125
6 0.3 0.95625 0.058333333333333334 0.028125
6 0.49722222222222223 0.9578125 0.06111111111111111 0.0328125
6 0.7 0.9578125 0.04722222222222222 0.034375
6 0.9 0.9578125 0.04722222222222222 0.0328125
14 0.25833333333333336 0.1578125 0.10833333333333334 0.0171875
14 0.7527777777777778 0.1578125 0.21388888888888888 0.0171875
6 0.6166666666666667 0.1578125 0.027777777777777776 0.0171875