0 0.5 0.4734375 0.9972222222222222 0.946875
5 0.5 0.4390625 0.6166666666666667 0.0578125
5 0.5 0.3796875 0.6166666666666667 0.0578125
14 0.3111111111111111 0.4390625 0.15833333333333333 0.0171875
14 0.2777777777777778 0.3796875 0.08888888888888889 0.0171875
15 0.5 0.9734375 0.9972222222222222 0.0515625
14 0.5 0.8875 0.35555555555555557 0.0140625
14 0.5 0.584375 0.3111111111111111 0.021875
15 0.5 0.515625 0.6166666666666667 0.059375
14 0.5 0.25625 0.3388888888888889 0.040625
18 0.5 0.0109375 0.9972222222222222 0.021875
14 0.5027777777777778 0.971875 0.2833333333333333 0.021875
14 0.5 0.51875 0.10277777777777777 0.0203125