14 0.975 0.38125 0.04722222222222222 0.0125
14 0.9666666666666667 0.35625 0.06111111111111111 0.015625
7 0.925 0.971875 0.14722222222222223 0.0546875
7 0.6361111111111111 0.971875 0.38055555555555554 0.0546875
7 0.23055555555555557 0.971875 0.38055555555555554 0.0546875
14 0.49722222222222223 0.8984375 0.13055555555555556 0.0203125
14 0.6361111111111111 0.7953125 0.14166666666666666 0.0171875
14 0.6361111111111111 0.76875 0.21944444444444444 0.015625
14 0.23055555555555557 0.79375 0.1361111111111111 0.0140625
14 0.23055555555555557 0.771875 0.11944444444444445 0.01875
7 0.925 0.63125 0.14722222222222223 0.2015625
7 0.6361111111111111 0.63125 0.38055555555555554 0.2015625
7 0.23055555555555557 0.63125 0.38055555555555554 0.2015625
14 0.5 0.4859375 0.325 0.0203125
14 0.23055555555555557 0.38125 0.125 0.0140625
14 0.23055555555555557 0.35625 0.18055555555555555 0.015625
14 0.6361111111111111 0.38125 0.18333333333333332 0.0140625
14 0.6361111111111111 0.35625 0.20555555555555555 0.015625
7 0.925 0.21875 0.14722222222222223 0.2015625
7 0.6361111111111111 0.21875 0.38055555555555554 0.2015625
7 0.23333333333333334 0.21875 0.38055555555555554 0.2015625
6 0.08611111111111111 0.0765625 0.03888888888888889 0.015625
14 0.5 0.0734375 0.2 0.0203125
18 0.5 0.0109375 0.9972222222222222 0.0203125
2 0.23333333333333334 0.265625 0.3861111111111111 0.2984375
2 0.6388888888888888 0.265625 0.3861111111111111 0.2984375
2 0.23055555555555557 0.678125 0.3861111111111111 0.2984375
2 0.6388888888888888 0.678125 0.3861111111111111 0.2984375