18 0.5 0.0109375 0.9972222222222222 0.0203125
6 0.95 0.053125 0.03888888888888889 0.021875
14 0.1361111111111111 0.053125 0.12222222222222222 0.015625
14 0.4111111111111111 0.1203125 0.7361111111111112 0.0265625
14 0.5 0.590625 0.875 0.1390625
14 0.32222222222222224 0.68125 0.5194444444444445 0.0140625
14 0.15 0.828125 0.10833333333333334 0.0140625
14 0.44722222222222224 0.896875 0.8138888888888889 0.065625
1 0.5 0.9671875 1 0.065625
16 0.1 0.9703125 0.06388888888888888 0.05
14 0.1 0.9890625 0.06388888888888888 0.009375
16 0.3 0.96875 0.058333333333333334 0.0515625
14 0.3 0.9890625 0.058333333333333334 0.009375
16 0.49722222222222223 0.96875 0.12222222222222222 0.0515625
14 0.49722222222222223 0.9890625 0.12222222222222222 0.0109375
16 0.7 0.96875 0.058333333333333334 0.0515625
14 0.7 0.9890625 0.06111111111111111 0.009375
16 0.9 0.96875 0.05277777777777778 0.0515625
14 0.9 0.9890625 0.030555555555555555 0.009375
6 0.044444444444444446 0.0546875 0.030555555555555555 0.015625
6 0.175 0.740625 0.05555555555555555 0.0328125
6 0.4722222222222222 0.746875 0.05555555555555555 0.028125
6 0.7472222222222222 0.7453125 0.058333333333333334 0.03125
6 0.6111111111111112 0.68125 0.030555555555555555 0.015625
6 0.06111111111111111 0.828125 0.027777777777777776 0.01875
6 0.1 0.959375 0.06111111111111111 0.03125
6 0.3 0.9578125 0.04722222222222222 0.03125
6 0.5 0.9578125 0.058333333333333334 0.03125
6 0.7 0.959375 0.05277777777777778 0.034375
6 0.9 0.9578125 0.05277777777777778 0.0328125
14 0.8416666666666667 0.746875 0.09166666666666666 0.0140625
6 0.9555555555555556 0.8359375 0.008333333333333333 0.0203125
7 0.5 0.328125 0.9194444444444444 0.34375