15 0.5 0.7453125 0.7777777777777778 0.046875
15 0.5 0.684375 0.7777777777777778 0.046875
14 0.5 0.846875 0.6333333333333333 0.01875
14 0.21388888888888888 0.6046875 0.23333333333333334 0.03125
14 0.5 0.5953125 0.2111111111111111 0.0125
14 0.7861111111111111 0.6046875 0.23333333333333334 0.0296875
14 0.5 0.5234375 0.5638888888888889 0.0203125
14 0.5 0.4453125 0.6027777777777777 0.075
7 0.5 0.1828125 0.9972222222222222 0.365625
6 0.07777777777777778 0.0640625 0.058333333333333334 0.034375
18 0.5 0.0109375 0.9972222222222222 0.0203125
14 0.5 0.6875 0.36666666666666664 0.021875
14 0.5 0.7484375 0.44166666666666665 0.021875