15 0.7305555555555555 0.11875 0.4638888888888889 0.0453125
15 0.26666666666666666 0.1203125 0.46111111111111114 0.046875
14 0.5 0.05625 0.22777777777777777 0.0171875
14 0.5 0.1875 0.8527777777777777 0.0265625
14 0.5 0.28125 0.8972222222222223 0.09375
14 0.41944444444444445 0.4703125 0.15833333333333333 0.0171875
14 0.6277777777777778 0.5375 0.5777777777777777 0.071875
14 0.375 0.6390625 0.06944444444444445 0.0171875
14 0.6333333333333333 0.71875 0.5888888888888889 0.0953125
14 0.4083333333333333 0.8171875 0.1361111111111111 0.0171875
14 0.6166666666666667 0.8859375 0.5555555555555556 0.071875
1 0.5 0.9671875 1 0.065625
16 0.1 0.9671875 0.06666666666666667 0.0546875
14 0.1 0.990625 0.06666666666666667 0.009375
16 0.3 0.9671875 0.07777777777777778 0.0546875
14 0.3 0.990625 0.07777777777777778 0.009375
16 0.5 0.96875 0.06944444444444445 0.053125
14 0.5 0.9890625 0.06944444444444445 0.0109375
16 0.7 0.96875 0.05555555555555555 0.0546875
14 0.7 0.990625 0.05555555555555555 0.0109375
16 0.9 0.9703125 0.06111111111111111 0.0484375
14 0.8972222222222223 0.990625 0.05555555555555555 0.009375
15 0.5 0.3875 0.2638888888888889 0.0546875
7 0.16944444444444445 0.5234375 0.2361111111111111 0.1328125
7 0.16944444444444445 0.6890625 0.23333333333333334 0.128125
7 0.16944444444444445 0.86875 0.23333333333333334 0.1265625
6 0.1 0.9578125 0.044444444444444446 0.0359375
6 0.3 0.9578125 0.04722222222222222 0.034375
6 0.49722222222222223 0.959375 0.06111111111111111 0.034375
6 0.7 0.9578125 0.05555555555555555 0.034375
6 0.9 0.9578125 0.06111111111111111 0.0234375
18 0.5 0.0109375 0.9972222222222222 0.0203125
14 0.26666666666666666 0.1203125 0.1 0.0171875
14 0.7305555555555555 0.121875 0.1361111111111111 0.015625
14 0.5 0.3890625 0.20833333333333334 0.0171875