5 0.5 0.296875 0.8833333333333333 0.0390625
5 0.5 0.1796875 0.8833333333333333 0.0390625
14 0.15555555555555556 0.2859375 0.18888888888888888 0.01875
14 0.20277777777777778 0.16875 0.2833333333333333 0.01875
15 0.5 0.953125 0.8833333333333333 0.059375
16 0.5 0.6546875 0.8833333333333333 0.059375
14 0.5 0.578125 0.03333333333333333 0.0109375
14 0.5 0.5015625 0.3194444444444444 0.0203125
16 0.5 0.4078125 0.8833333333333333 0.059375
6 0.9138888888888889 0.2875 0.041666666666666664 0.01875
6 0.06666666666666667 0.05625 0.03611111111111111 0.0203125
14 0.5 0.05625 0.12222222222222222 0.0203125
18 0.5 0.0109375 0.9972222222222222 0.0203125
14 0.5 0.4078125 0.12222222222222222 0.0203125
14 0.5 0.65625 0.39444444444444443 0.0203125
14 0.5 0.953125 0.3861111111111111 0.015625
7 0.8888888888888888 0.6546875 0.04722222222222222 0.0265625
6 0.8888888888888888 0.4078125 0.03888888888888889 0.0265625