17 0.5 0.0546875 1 0.0640625
6 0.044444444444444446 0.0578125 0.030555555555555555 0.028125
14 0.14166666666666666 0.05625 0.12777777777777777 0.01875
14 0.5 0.059375 0.12777777777777777 0.021875
14 0.49722222222222223 0.325 0.3527777777777778 0.0265625
14 0.5 0.4046875 0.8388888888888889 0.0515625
14 0.5 0.5828125 0.027777777777777776 0.009375
7 0.5 0.1828125 0.24166666666666667 0.1359375
15 0.5 0.5203125 0.8555555555555555 0.053125
15 0.5 0.6421875 0.8555555555555555 0.0546875
18 0.5 0.0109375 0.9972222222222222 0.0203125
14 0.5 0.521875 0.30277777777777776 0.01875
14 0.5 0.6421875 0.24444444444444444 0.0140625