7 0.5 0.9765625 0.9194444444444444 0.04375
6 0.37777777777777777 0.8953125 0.21388888888888888 0.01875
14 0.14166666666666666 0.8953125 0.20833333333333334 0.01875
14 0.13055555555555556 0.8640625 0.17777777777777778 0.0171875
14 0.375 0.8328125 0.6666666666666666 0.021875
7 0.5 0.7125 0.9194444444444444 0.1921875
15 0.1388888888888889 0.784375 0.16111111111111112 0.0265625
6 0.33611111111111114 0.55625 0.21388888888888888 0.0171875
14 0.12222222222222222 0.5546875 0.16666666666666666 0.0140625
14 0.14722222222222223 0.525 0.21388888888888888 0.0171875
14 0.40555555555555556 0.4921875 0.7277777777777777 0.0171875
7 0.5 0.371875 0.9222222222222223 0.1921875
15 0.13055555555555556 0.44375 0.14444444444444443 0.0265625
14 0.8888888888888888 0.2140625 0.14166666666666666 0.0140625
14 0.10277777777777777 0.215625 0.12222222222222222 0.01875
5 0.5 0.1390625 0.95 0.08125
14 0.5361111111111111 0.1390625 0.7583333333333333 0.021875
6 0.10277777777777777 0.1375 0.058333333333333334 0.03125
6 0.07222222222222222 0.0578125 0.041666666666666664 0.0234375
7 0.5 0.0578125 0.4 0.0265625
18 0.5 0.0109375 0.9972222222222222 0.0203125