17 0.5 0.0546875 1 0.0625
18 0.5 0.0109375 0.9972222222222222 0.021875
14 0.5 0.059375 0.1638888888888889 0.0234375
14 0.11666666666666667 0.0578125 0.08333333333333333 0.015625
9 0.5 0.265625 1 0.35625
14 0.1361111111111111 0.11875 0.21944444444444444 0.0171875
14 0.2861111111111111 0.1765625 0.5194444444444445 0.0203125
14 0.1388888888888889 0.234375 0.22777777777777777 0.0171875
14 0.1527777777777778 0.29375 0.25833333333333336 0.0171875
14 0.21666666666666667 0.353125 0.38055555555555554 0.0171875
14 0.22777777777777777 0.415625 0.4083333333333333 0.0203125
9 0.5 0.5921875 1 0.2984375
14 0.17222222222222222 0.478125 0.28888888888888886 0.0203125
14 0.06666666666666667 0.5328125 0.08055555555555556 0.01875
14 0.18055555555555555 0.59375 0.30833333333333335 0.0203125
14 0.1388888888888889 0.653125 0.225 0.021875
14 0.1388888888888889 0.7140625 0.225 0.0203125
9 0.5 0.8625 1 0.240625
14 0.18055555555555555 0.775 0.3055555555555556 0.0203125
14 0.1388888888888889 0.83125 0.225 0.021875
14 0.1361111111111111 0.8890625 0.225 0.0171875
14 0.1527777777777778 0.9484375 0.25 0.0171875
6 0.9416666666666667 0.946875 0.019444444444444445 0.0171875
6 0.9416666666666667 0.8875 0.019444444444444445 0.0171875
6 0.9416666666666667 0.828125 0.019444444444444445 0.015625
6 0.9416666666666667 0.65 0.019444444444444445 0.0171875
6 0.9416666666666667 0.590625 0.019444444444444445 0.015625
6 0.9416666666666667 0.53125 0.019444444444444445 0.0171875
6 0.044444444444444446 0.0578125 0.030555555555555555 0.0296875
13 0.8888888888888888 0.4140625 0.12222222222222222 0.0421875
13 0.8888888888888888 0.3546875 0.125 0.0421875
13 0.8888888888888888 0.29375 0.12222222222222222 0.0421875
13 0.8888888888888888 0.234375 0.12222222222222222 0.0421875
13 0.8888888888888888 0.175 0.12222222222222222 0.0421875
13 0.8916666666666667 0.7109375 0.12222222222222222 0.0421875