18 0.5 0.028125 1 0.05625
17 0.5 0.08203125 1 0.0484375
6 0.07457627118644068 0.0828125 0.03728813559322034 0.0171875
5 0.5016949152542373 0.171875 0.9186440677966101 0.0515625
8 0.9084745762711864 0.171875 0.1016949152542373 0.0484375
6 0.9084745762711864 0.171875 0.05084745762711865 0.0234375
9 0.5 0.65 1 0.7
14 0.1423728813559322 0.3234375 0.19661016949152543 0.01875
14 0.4915254237288136 0.3859375 0.7627118644067796 0.05
14 0.4847457627118644 0.484375 0.7491525423728813 0.0515625
14 0.4542372881355932 0.5859375 0.6847457627118644 0.05
14 0.5016949152542373 0.6890625 0.7796610169491526 0.0546875
14 0.49830508474576274 0.7890625 0.7728813559322034 0.053125
14 0.5152542372881356 0.8890625 0.8067796610169492 0.0515625
14 0.511864406779661 0.9734375 0.8033898305084746 0.021875
14 0.5016949152542373 0.0828125 0.07457627118644068 0.0203125
14 0.26101694915254237 0.1703125 0.3898305084745763 0.0203125
14 0.05423728813559322 0.975 0.023728813559322035 0.015625
14 0.05423728813559322 0.8734375 0.023728813559322035 0.015625
14 0.05423728813559322 0.7734375 0.023728813559322035 0.015625
14 0.05423728813559322 0.671875 0.023728813559322035 0.015625
14 0.05423728813559322 0.571875 0.023728813559322035 0.015625
14 0.05423728813559322 0.4703125 0.023728813559322035 0.015625
14 0.05423728813559322 0.3703125 0.020338983050847456 0.015625