7 0.5 0.2515625 0.9972222222222222 0.45
6 0.05 0.2515625 0.027777777777777776 0.0421875
9 0.5 0.7390625 1 0.521875
7 0.8083333333333333 0.9390625 0.38055555555555554 0.1203125
7 0.8138888888888889 0.7765625 0.37222222222222223 0.190625
7 0.8083333333333333 0.578125 0.38055555555555554 0.1953125
6 0.9472222222222222 0.2515625 0.025 0.040625
6 0.07777777777777778 0.0703125 0.11666666666666667 0.065625
15 0.5 0.43125 0.39166666666666666 0.04375
14 0.1361111111111111 0.578125 0.17777777777777778 0.025
14 0.2111111111111111 0.775 0.33055555555555555 0.0265625
14 0.1527777777777778 0.9703125 0.21944444444444444 0.0203125
18 0.5 0.0109375 0.9972222222222222 0.0203125
14 0.5 0.43125 0.24722222222222223 0.0109375