5 0.2833333333333333 0.259375 0.4111111111111111 0.0375
5 0.7166666666666667 0.259375 0.4111111111111111 0.0390625
5 0.5 0.3484375 0.8444444444444444 0.0375
5 0.5 0.4359375 0.8416666666666667 0.0375
14 0.19166666666666668 0.425 0.21666666666666667 0.0171875
14 0.23333333333333334 0.3375 0.3055555555555556 0.0171875
14 0.6194444444444445 0.2484375 0.21388888888888888 0.0171875
14 0.19444444444444445 0.25 0.22777777777777777 0.0171875
18 0.5 0.0109375 0.9972222222222222 0.0203125
6 0.05277777777777778 0.053125 0.030555555555555555 0.0265625
14 0.9222222222222223 0.053125 0.07777777777777778 0.015625
14 0.5 0.1625 0.4111111111111111 0.015625
14 0.2388888888888889 0.471875 0.3194444444444444 0.015625
14 0.5 0.65625 0.39166666666666666 0.0234375
14 0.5 0.9390625 0.6222222222222222 0.05
16 0.5 0.109375 0.8444444444444444 0.065625
16 0.5 0.5578125 0.8444444444444444 0.065625
14 0.525 0.5625 0.34444444444444444 0.028125
14 0.5277777777777778 0.1078125 0.4583333333333333 0.0203125
7 0.2611111111111111 0.1078125 0.041666666666666664 0.0234375
6 0.3138888888888889 0.5578125 0.044444444444444446 0.025