1 0.5 0.9671875 1 0.065625
16 0.3 0.9671875 0.075 0.053125
6 0.3 0.95625 0.058333333333333334 0.028125
16 0.1 0.96875 0.06666666666666667 0.0578125
14 0.1 0.990625 0.06666666666666667 0.0125
14 0.3 0.9890625 0.075 0.0109375
16 0.49722222222222223 0.9671875 0.075 0.0546875
14 0.5 0.9890625 0.075 0.0109375
16 0.6972222222222222 0.96875 0.10555555555555556 0.0578125
14 0.6972222222222222 0.990625 0.10555555555555556 0.0125
16 0.9 0.9671875 0.06944444444444445 0.053125
14 0.9 0.9890625 0.06944444444444445 0.0109375
6 0.8972222222222223 0.9578125 0.04722222222222222 0.0328125
6 0.7 0.95625 0.044444444444444446 0.034375
6 0.49722222222222223 0.95625 0.06111111111111111 0.034375
6 0.1 0.95625 0.06111111111111111 0.034375
14 0.5 0.7828125 0.9 0.0546875
14 0.5 0.7109375 0.7083333333333334 0.065625
7 0.5444444444444444 0.4625 0.4111111111111111 0.36875
14 0.30833333333333335 0.1234375 0.5166666666666667 0.0453125
18 0.5 0.0109375 0.9972222222222222 0.0203125