17 0.5 0.0546875 1 0.0640625
14 0.14722222222222223 0.059375 0.14722222222222223 0.021875
14 0.5 0.05625 0.4361111111111111 0.0171875
9 0.5 0.19375 1 0.11875
14 0.39444444444444443 0.165625 0.48055555555555557 0.0203125
14 0.8722222222222222 0.1640625 0.06388888888888888 0.0171875
14 0.3277777777777778 0.2234375 0.3416666666666667 0.0171875
14 0.13333333333333333 0.309375 0.17222222222222222 0.0125
9 0.5 0.4296875 1 0.2
14 0.10833333333333334 0.353125 0.1111111111111111 0.0171875
14 0.4444444444444444 0.38125 0.7861111111111111 0.0171875
14 0.11944444444444445 0.4234375 0.1361111111111111 0.0171875
14 0.13055555555555556 0.4515625 0.15833333333333333 0.0171875
14 0.16666666666666666 0.5 0.23333333333333334 0.0171875
14 0.19722222222222222 0.6078125 0.28888888888888886 0.0171875
14 0.8777777777777778 0.6078125 0.05555555555555555 0.0171875
6 0.04722222222222222 0.0578125 0.030555555555555555 0.028125
7 0.08333333333333333 0.1640625 0.06944444444444445 0.0390625
6 0.9416666666666667 0.1640625 0.019444444444444445 0.0171875
7 0.08333333333333333 0.2234375 0.06944444444444445 0.0390625
6 0.9416666666666667 0.3640625 0.019444444444444445 0.0171875
6 0.9416666666666667 0.434375 0.019444444444444445 0.0171875
6 0.9416666666666667 0.5 0.019444444444444445 0.0171875
6 0.9416666666666667 0.60625 0.019444444444444445 0.0171875
18 0.5 0.0109375 0.9972222222222222 0.0203125
13 0.8916666666666667 0.2234375 0.12222222222222222 0.0421875