1 0.5 0.9671875 1 0.065625
16 0.3611111111111111 0.14375 0.19166666666666668 0.059375
16 0.16666666666666666 0.9703125 0.08611111111111111 0.0515625
15 0.7666666666666667 0.14375 0.21388888888888888 0.059375
15 0.5583333333333333 0.14375 0.14444444444444443 0.059375
16 0.8333333333333334 0.96875 0.075 0.05
16 0.1388888888888889 0.14375 0.19722222222222222 0.059375
17 0.5 0.0546875 1 0.0640625
18 0.5 0.0109375 0.9972222222222222 0.0203125
14 0.20833333333333334 0.6578125 0.05 0.0125
14 0.5 0.0578125 0.4527777777777778 0.021875
16 0.5 0.9703125 0.10555555555555556 0.053125
14 0.2916666666666667 0.5703125 0.5055555555555555 0.0109375
14 0.4666666666666667 0.6140625 0.85 0.05
14 0.13333333333333333 0.6875 0.18611111111111112 0.015625
14 0.16666666666666666 0.990625 0.08611111111111111 0.0125
14 0.5 0.990625 0.10555555555555556 0.0125
14 0.8333333333333334 0.9890625 0.07222222222222222 0.0109375
6 0.04722222222222222 0.0578125 0.030555555555555555 0.028125
6 0.9277777777777778 0.0578125 0.041666666666666664 0.0234375
6 0.16666666666666666 0.959375 0.04722222222222222 0.0265625
6 0.5 0.959375 0.05277777777777778 0.0296875
6 0.8333333333333334 0.959375 0.05277777777777778 0.0296875
6 0.10555555555555556 0.6578125 0.13333333333333333 0.015625
7 0.5 0.3703125 0.9222222222222223 0.3625
7 0.5 0.834375 0.9222222222222223 0.196875
6 0.08055555555555556 0.14375 0.041666666666666664 0.021875
6 0.3055555555555556 0.14375 0.03888888888888889 0.0234375
14 0.16666666666666666 0.14375 0.1 0.015625
14 0.3888888888888889 0.14375 0.09722222222222222 0.015625
14 0.5583333333333333 0.1453125 0.10277777777777777 0.0203125
14 0.7666666666666667 0.14375 0.17222222222222222 0.015625