0 0.5 0.5 0.9972222222222222 0.9984375
16 0.5 0.846875 0.7944444444444444 0.0578125
16 0.5 0.7546875 0.7944444444444444 0.059375
16 0.5 0.6625 0.7944444444444444 0.059375
7 0.49722222222222223 0.18125 0.8416666666666667 0.1234375
18 0.5 0.0109375 0.9972222222222222 0.0203125
14 0.45555555555555555 0.665625 0.37222222222222223 0.021875
14 0.48055555555555557 0.7578125 0.425 0.0234375
14 0.4388888888888889 0.85 0.3388888888888889 0.0234375
6 0.2111111111111111 0.846875 0.04722222222222222 0.0234375
7 0.21388888888888888 0.75625 0.05 0.0265625
7 0.2111111111111111 0.6625 0.04722222222222222 0.0265625