7 0.3055555555555556 0.4828125 0.33055555555555555 0.1859375
7 0.6944444444444444 0.4828125 0.325 0.1828125
18 0.5 0.0109375 0.9972222222222222 0.0203125
15 0.5 0.8984375 0.4166666666666667 0.0546875
14 0.5 0.825 0.16666666666666666 0.0140625
14 0.5 0.7953125 0.4166666666666667 0.0203125
14 0.6944444444444444 0.609375 0.08888888888888889 0.0140625
14 0.3055555555555556 0.609375 0.14166666666666666 0.0140625
6 0.4166666666666667 0.546875 0.05555555555555555 0.03125
14 0.5 0.2015625 0.4666666666666667 0.0203125
7 0.5 0.153125 0.058333333333333334 0.034375
14 0.5 0.896875 0.09166666666666666 0.0140625