5 0.5 0.603125 0.9027777777777778 0.03125
5 0.5 0.675 0.9027777777777778 0.03125
14 0.13055555555555556 0.6671875 0.15833333333333333 0.0171875
14 0.16944444444444445 0.596875 0.2361111111111111 0.0171875
14 0.26944444444444443 0.49375 0.09444444444444444 0.009375
14 0.5 0.49375 0.08055555555555556 0.0109375
14 0.7305555555555555 0.49375 0.11388888888888889 0.0109375
6 0.044444444444444446 0.0578125 0.030555555555555555 0.028125
14 0.49722222222222223 0.059375 0.1388888888888889 0.0234375
14 0.5 0.3359375 0.4222222222222222 0.0515625
14 0.5 0.5484375 0.03888888888888889 0.0125
14 0.5 0.8546875 0.32222222222222224 0.0140625
7 0.26666666666666666 0.4328125 0.14444444444444443 0.08125
7 0.5 0.4328125 0.14444444444444443 0.08125
7 0.7305555555555555 0.4328125 0.14444444444444443 0.08125
15 0.5 0.753125 0.9027777777777778 0.0609375
18 0.5 0.0109375 0.9972222222222222 0.0203125
14 0.5 0.7546875 0.12222222222222222 0.015625