5 0.5 0.1546875 0.8527777777777777 0.03125
5 0.5 0.2171875 0.8527777777777777 0.0296875
14 0.18055555555555555 0.1453125 0.21388888888888888 0.0140625
14 0.14722222222222223 0.209375 0.14444444444444443 0.0140625
6 0.06666666666666667 0.05625 0.03888888888888889 0.01875
14 0.5 0.54375 0.5833333333333334 0.0390625
16 0.5 0.4703125 0.7777777777777778 0.0546875
14 0.5 0.396875 0.044444444444444446 0.0140625
14 0.5 0.34375 0.25 0.0171875
15 0.5 0.2859375 0.7777777777777778 0.0546875
14 0.5 0.059375 0.11388888888888889 0.021875
18 0.5 0.0109375 0.9972222222222222 0.0203125
14 0.5 0.2890625 0.08611111111111111 0.0171875
14 0.5361111111111111 0.4703125 0.36666666666666664 0.0140625
7 0.30277777777777776 0.4703125 0.06666666666666667 0.0375