7 0.5 0.15625 0.9972222222222222 0.25625
14 0.21944444444444444 0.3421875 0.2861111111111111 0.0171875
14 0.5694444444444444 0.409375 0.6694444444444444 0.015625
14 0.5694444444444444 0.46875 0.6722222222222223 0.0625
14 0.45555555555555555 0.5640625 0.44166666666666665 0.015625
14 0.5555555555555556 0.634375 0.6472222222222223 0.084375
15 0.5 0.9234375 0.8444444444444444 0.065625
6 0.1361111111111111 0.5828125 0.11666666666666667 0.065625
6 0.1361111111111111 0.428125 0.11666666666666667 0.065625
18 0.5 0.0109375 0.9972222222222222 0.0203125
14 0.5 0.925 0.21388888888888888 0.015625