17 0.5 0.0546875 1 0.0640625
14 0.14722222222222223 0.059375 0.14722222222222223 0.021875
14 0.5 0.05625 0.18333333333333332 0.0171875
14 0.1388888888888889 0.1640625 0.17222222222222222 0.0171875
14 0.39166666666666666 0.215625 0.6805555555555556 0.0125
14 0.14166666666666666 0.2671875 0.18333333333333332 0.0125
6 0.5 0.40625 1 0.2375
14 0.11666666666666667 0.3171875 0.13333333333333333 0.0171875
14 0.10555555555555556 0.3765625 0.1111111111111111 0.015625
14 0.2361111111111111 0.4375 0.36944444444444446 0.0203125
14 0.15555555555555556 0.496875 0.2111111111111111 0.0171875
14 0.7722222222222223 0.3171875 0.19722222222222222 0.0171875
14 0.7333333333333333 0.3765625 0.275 0.0171875
14 0.7333333333333333 0.4359375 0.275 0.0171875
14 0.7333333333333333 0.4953125 0.275 0.0171875
14 0.17222222222222222 0.590625 0.24166666666666667 0.0125
14 0.4666666666666667 0.6421875 0.8361111111111111 0.0375
6 0.925 0.4953125 0.05277777777777778 0.0296875
6 0.925 0.4359375 0.05277777777777778 0.0296875
6 0.925 0.3765625 0.05277777777777778 0.0296875
6 0.925 0.315625 0.05277777777777778 0.0296875
6 0.044444444444444446 0.0578125 0.030555555555555555 0.028125
18 0.5 0.0109375 0.9972222222222222 0.0203125
13 0.8888888888888888 0.1640625 0.12222222222222222 0.0421875