17 0.5 0.0546875 1 0.0640625
14 0.14722222222222223 0.059375 0.14722222222222223 0.021875
14 0.5 0.05625 0.17222222222222222 0.0171875
14 0.28055555555555556 0.1421875 0.46111111111111114 0.0125
14 0.2722222222222222 0.1875 0.23333333333333334 0.0171875
14 0.37222222222222223 0.215625 0.4305555555555556 0.015625
9 0.5 0.55625 1 0.5375
14 0.23055555555555557 0.3171875 0.3638888888888889 0.0171875
14 0.23055555555555557 0.3765625 0.3611111111111111 0.0171875
14 0.8777777777777778 0.3171875 0.05555555555555555 0.0171875
14 0.8777777777777778 0.3765625 0.05555555555555555 0.0171875
14 0.18888888888888888 0.4359375 0.2777777777777778 0.0171875
14 0.25 0.496875 0.4 0.0171875
14 0.09444444444444444 0.5578125 0.08888888888888889 0.021875
14 0.7166666666666667 0.55625 0.38055555555555554 0.0171875
14 0.225 0.615625 0.35 0.0171875
14 0.18333333333333332 0.675 0.2638888888888889 0.0171875
14 0.20555555555555555 0.7359375 0.3055555555555556 0.0171875
14 0.24722222222222223 0.796875 0.39166666666666666 0.021875
14 0.8527777777777777 0.7359375 0.10555555555555556 0.0171875
6 0.044444444444444446 0.0578125 0.030555555555555555 0.028125
7 0.08333333333333333 0.2 0.06944444444444445 0.0390625
6 0.9416666666666667 0.2015625 0.019444444444444445 0.0171875
6 0.9416666666666667 0.315625 0.019444444444444445 0.0171875
6 0.9416666666666667 0.3765625 0.019444444444444445 0.0171875
6 0.9416666666666667 0.5546875 0.019444444444444445 0.0171875
6 0.9416666666666667 0.6140625 0.019444444444444445 0.0171875
6 0.9416666666666667 0.675 0.019444444444444445 0.0171875
6 0.9416666666666667 0.734375 0.019444444444444445 0.0171875
18 0.5 0.0109375 0.9972222222222222 0.0203125
13 0.8888888888888888 0.4359375 0.12222222222222222 0.040625
13 0.8888888888888888 0.4953125 0.12222222222222222 0.0421875
13 0.8888888888888888 0.7953125 0.12222222222222222 0.0421875