9 0.5027777777777778 0.640625 0.9277777777777778 0.7171875
14 0.18333333333333332 0.31875 0.26666666666666666 0.0203125
14 0.13055555555555556 0.38125 0.16111111111111112 0.0171875
14 0.16944444444444445 0.446875 0.2388888888888889 0.0171875
14 0.11388888888888889 0.5140625 0.125 0.0203125
14 0.11944444444444445 0.578125 0.14166666666666666 0.0203125
14 0.08333333333333333 0.6421875 0.06388888888888888 0.0171875
14 0.07777777777777778 0.7078125 0.05555555555555555 0.0171875
14 0.10277777777777777 0.775 0.10555555555555556 0.0203125
14 0.15833333333333333 0.8375 0.21388888888888888 0.0171875
14 0.09444444444444444 0.9046875 0.08888888888888889 0.0203125
14 0.09722222222222222 0.9703125 0.09722222222222222 0.0203125
6 0.9388888888888889 0.96875 0.019444444444444445 0.01875
6 0.9388888888888889 0.903125 0.019444444444444445 0.01875
6 0.9388888888888889 0.8390625 0.019444444444444445 0.01875
6 0.9388888888888889 0.7734375 0.019444444444444445 0.01875
6 0.9388888888888889 0.7078125 0.019444444444444445 0.01875
6 0.9388888888888889 0.6421875 0.019444444444444445 0.01875
6 0.9388888888888889 0.578125 0.019444444444444445 0.01875
6 0.9388888888888889 0.5125 0.019444444444444445 0.01875
6 0.9416666666666667 0.446875 0.019444444444444445 0.01875
6 0.9388888888888889 0.38125 0.019444444444444445 0.01875
6 0.9416666666666667 0.3171875 0.019444444444444445 0.01875
6 0.06388888888888888 0.05625 0.027777777777777776 0.028125
14 0.26666666666666666 0.1859375 0.22777777777777777 0.0125
7 0.7333333333333333 0.18125 0.46111111111111114 0.1359375
18 0.5 0.0109375 0.9972222222222222 0.0203125