0 0.5 0.54375 0.9972222222222222 0.9125
14 0.5 0.05625 0.11666666666666667 0.0171875
14 0.9083333333333333 0.0578125 0.08055555555555556 0.015625
14 0.5 0.234375 0.6833333333333333 0.021875
14 0.5 0.2828125 0.3527777777777778 0.01875
14 0.49722222222222223 0.9625 0.075 0.01875
6 0.5 0.1546875 0.12777777777777777 0.06875
15 0.5 0.353125 0.8055555555555556 0.05
15 0.5 0.4171875 0.8055555555555556 0.05
15 0.5 0.4796875 0.8055555555555556 0.05
15 0.5 0.54375 0.8055555555555556 0.05
18 0.5 0.0125 0.9972222222222222 0.0234375
14 0.5 0.353125 0.12222222222222222 0.01875
14 0.5 0.4171875 0.11944444444444445 0.01875
14 0.5 0.48125 0.1388888888888889 0.01875
14 0.5 0.54375 0.275 0.01875