18 0.5 0.0109375 0.9972222222222222 0.0203125
9 0.5 0.5109375 1 0.8453125
14 0.5 0.059375 0.14722222222222223 0.0203125
14 0.475 0.1125 0.3055555555555556 0.01875
14 0.6083333333333333 0.16875 0.5722222222222222 0.0625
14 0.5277777777777778 0.221875 0.41944444444444445 0.01875
14 0.48055555555555557 0.3015625 0.32222222222222224 0.0171875
14 0.6083333333333333 0.3578125 0.5722222222222222 0.0609375
14 0.4777777777777778 0.4109375 0.31666666666666665 0.01875
14 0.48055555555555557 0.49375 0.32222222222222224 0.0171875
14 0.6027777777777777 0.528125 0.5583333333333333 0.0203125
14 0.38333333333333336 0.5640625 0.12777777777777777 0.0140625
14 0.48055555555555557 0.6828125 0.32222222222222224 0.01875
14 0.5638888888888889 0.7390625 0.4861111111111111 0.0609375
14 0.5194444444444445 0.790625 0.4 0.0140625
14 0.48055555555555557 0.8734375 0.32222222222222224 0.0171875
14 0.5527777777777778 0.9078125 0.46111111111111114 0.0203125
7 0.16111111111111112 0.1671875 0.23333333333333334 0.134375
7 0.15833333333333333 0.3578125 0.2388888888888889 0.1328125
7 0.15833333333333333 0.5484375 0.2388888888888889 0.134375
7 0.15833333333333333 0.7390625 0.24166666666666667 0.1359375
7 0.16111111111111112 0.896875 0.2388888888888889 0.0703125
1 0.5 0.9671875 1 0.065625
6 0.1 0.9671875 0.04722222222222222 0.0265625
6 0.3 0.9671875 0.044444444444444446 0.0265625
6 0.5 0.9671875 0.03333333333333333 0.0265625
6 0.6972222222222222 0.9671875 0.05 0.0265625
6 0.8972222222222223 0.9671875 0.044444444444444446 0.0265625
6 0.8 0.2234375 0.03888888888888889 0.021875
6 0.9083333333333333 0.2234375 0.03888888888888889 0.0203125
6 0.8 0.4140625 0.03888888888888889 0.021875
6 0.9083333333333333 0.4125 0.03888888888888889 0.0203125
6 0.8 0.603125 0.03888888888888889 0.021875
6 0.9083333333333333 0.603125 0.03888888888888889 0.01875
6 0.8027777777777778 0.79375 0.03888888888888889 0.021875
6 0.9083333333333333 0.79375 0.03888888888888889 0.01875