6 0.07222222222222222 0.05625 0.04722222222222222 0.0265625
7 0.5 0.0578125 0.4 0.0265625
14 0.49722222222222223 0.1015625 0.7527777777777778 0.01875
5 0.5 0.1984375 0.9222222222222223 0.075
14 0.20277777777777778 0.196875 0.18333333333333332 0.0171875
5 0.5 0.2953125 0.9222222222222223 0.075
14 0.2 0.2953125 0.18333333333333332 0.015625
5 0.5 0.39375 0.9222222222222223 0.075
14 0.23055555555555557 0.3921875 0.24166666666666667 0.0171875
5 0.5 0.4921875 0.9222222222222223 0.075
14 0.19166666666666668 0.490625 0.16666666666666666 0.0171875
5 0.5 0.5890625 0.9222222222222223 0.075
14 0.175 0.590625 0.13055555555555556 0.0203125
5 0.5 0.6875 0.9222222222222223 0.075
14 0.16111111111111112 0.6859375 0.10277777777777777 0.0171875
3 0.4583333333333333 0.7828125 0.8388888888888889 0.0484375
14 0.5222222222222223 0.78125 0.7083333333333334 0.0421875
15 0.5 0.940625 0.9222222222222223 0.075
14 0.5 0.9421875 0.15555555555555556 0.0234375
18 0.5 0.0109375 0.9972222222222222 0.0203125