1 0.5 0.9671875 1 0.065625
16 0.125 0.9671875 0.06944444444444445 0.053125
16 0.375 0.96875 0.1 0.0515625
16 0.625 0.96875 0.10555555555555556 0.0515625
16 0.875 0.9671875 0.06666666666666667 0.053125
14 0.125 0.9890625 0.06944444444444445 0.009375
6 0.125 0.9578125 0.06388888888888888 0.0359375
14 0.375 0.9890625 0.1 0.009375
6 0.375 0.9578125 0.05 0.0296875
14 0.625 0.9890625 0.10555555555555556 0.0109375
6 0.625 0.9578125 0.058333333333333334 0.0296875
14 0.875 0.9890625 0.06666666666666667 0.0109375
6 0.875 0.9578125 0.058333333333333334 0.0328125
11 0.49722222222222223 0.140625 0.9194444444444444 0.0484375
14 0.26666666666666666 0.1421875 0.31666666666666665 0.0125
14 0.7277777777777777 0.140625 0.3 0.0125
5 0.5 0.0578125 0.9416666666666667 0.046875
14 0.5 0.05625 0.41944444444444445 0.0140625
6 0.07222222222222222 0.05625 0.027777777777777776 0.015625
7 0.5 0.4421875 0.9194444444444444 0.51875
14 0.4083333333333333 0.753125 0.7388888888888889 0.0671875
14 0.12777777777777777 0.821875 0.12777777777777777 0.0125
7 0.5 0.9078125 0.9222222222222223 0.05
18 0.5 0.0109375 0.9972222222222222 0.0203125