5 0.5 0.1703125 0.7861111111111111 0.06875
5 0.5 0.2375 0.7861111111111111 0.0671875
14 0.225 0.2375 0.17222222222222222 0.0171875
14 0.2638888888888889 0.16875 0.25 0.0171875
18 0.5 0.0109375 0.9972222222222222 0.0203125
14 0.5 0.059375 0.1111111111111111 0.0234375
6 0.044444444444444446 0.0578125 0.030555555555555555 0.028125
14 0.5 0.434375 0.37222222222222223 0.0203125
6 0.8222222222222222 0.2375 0.05 0.0203125
15 0.5 0.3375 0.7861111111111111 0.065625
14 0.5 0.3390625 0.10555555555555556 0.0203125