5 0.5016949152542373 0.56875 0.9050847457627119 0.01875
5 0.5016949152542373 0.503125 0.9050847457627119 0.0203125
14 0.09152542372881356 0.4984375 0.07796610169491526 0.0109375
14 0.9016949152542373 0.5640625 0.09491525423728814 0.0109375
14 0.12203389830508475 0.565625 0.1423728813559322 0.0109375
18 0.5152542372881356 0.025 0.8677966101694915 0.0125
14 0.5016949152542373 0.4265625 0.1152542372881356 0.0171875
14 0.5016949152542373 0.9671875 0.33559322033898303 0.0140625
15 0.5016949152542373 0.91875 0.9050847457627119 0.04375
6 0.0711864406779661 0.0734375 0.02711864406779661 0.025
7 0.5016949152542373 0.0734375 0.13559322033898305 0.0234375
14 0.49830508474576274 0.9203125 0.1288135593220339 0.0125