14 0.5 0.8015625 0.5916666666666667 0.021875
15 0.5 0.7328125 0.9222222222222223 0.059375
14 0.5 0.678125 0.027777777777777776 0.0109375
16 0.5 0.61875 0.9222222222222223 0.059375
16 0.5 0.5484375 0.9222222222222223 0.059375
14 0.49722222222222223 0.4703125 0.44722222222222224 0.025
18 0.5 0.0109375 0.9972222222222222 0.0203125
14 0.9111111111111111 0.09375 0.075 0.021875
7 0.5 0.165625 0.4722222222222222 0.0703125
7 0.5 0.2421875 0.9972222222222222 0.3765625
14 0.5 0.7359375 0.33055555555555555 0.021875
14 0.5 0.621875 0.39166666666666666 0.021875
14 0.5 0.5484375 0.3972222222222222 0.0171875
7 0.09722222222222222 0.5484375 0.058333333333333334 0.0328125
7 0.09722222222222222 0.6203125 0.05555555555555555 0.0328125