5 0.5 0.396875 0.9194444444444444 0.0625
5 0.5 0.2015625 0.9194444444444444 0.0625
5 0.5 0.125 0.9194444444444444 0.0625
14 0.2222222222222222 0.3953125 0.28055555555555556 0.015625
14 0.15833333333333333 0.2 0.14444444444444443 0.0140625
14 0.12222222222222222 0.1234375 0.07777777777777778 0.0140625
15 0.8527777777777777 0.2015625 0.16666666666666666 0.040625
6 0.08333333333333333 0.328125 0.027777777777777776 0.0109375
6 0.08333333333333333 0.2953125 0.027777777777777776 0.0109375
14 0.4861111111111111 0.540625 0.8638888888888889 0.034375
15 0.5 0.475 0.9194444444444444 0.0671875
14 0.36944444444444446 0.328125 0.49166666666666664 0.0125
14 0.38055555555555554 0.296875 0.5166666666666667 0.0140625
14 0.35555555555555557 0.2640625 0.6111111111111112 0.0140625
14 0.5 0.059375 0.14166666666666666 0.01875
6 0.07222222222222222 0.05625 0.044444444444444446 0.015625
14 0.5 0.475 0.1388888888888889 0.0140625
14 0.8555555555555555 0.2015625 0.10555555555555556 0.0140625