10 0.5 0.4765625 0.8916666666666667 0.6671875
14 0.5 0.734375 0.2972222222222222 0.0125
14 0.5 0.671875 0.23333333333333334 0.0125
15 0.30277777777777776 0.58125 0.3333333333333333 0.05625
15 0.7 0.58125 0.3333333333333333 0.05625
15 0.7 0.4796875 0.3333333333333333 0.05625
15 0.30277777777777776 0.4796875 0.3333333333333333 0.05625
14 0.5 0.3546875 0.5972222222222222 0.090625
14 0.5 0.240625 0.5194444444444445 0.0703125
14 0.3 0.48125 0.06111111111111111 0.0125
14 0.7 0.4796875 0.25833333333333336 0.0140625
14 0.7 0.5828125 0.2361111111111111 0.0125
14 0.3 0.5828125 0.20277777777777778 0.0140625