1 0.5 0.965625 1 0.0671875
6 0.9 0.9703125 0.06666666666666667 0.0296875
6 0.6972222222222222 0.9703125 0.05555555555555555 0.0296875
6 0.5 0.9703125 0.058333333333333334 0.0296875
6 0.3 0.96875 0.05277777777777778 0.0296875
6 0.1 0.9703125 0.06111111111111111 0.0296875
9 0.5 0.396875 1 0.178125
14 0.1638888888888889 0.459375 0.225 0.01875
14 0.15833333333333333 0.3984375 0.21388888888888888 0.015625
14 0.14722222222222223 0.3375 0.19444444444444445 0.015625
6 0.9361111111111111 0.45625 0.030555555555555555 0.0296875
6 0.9361111111111111 0.396875 0.027777777777777776 0.03125
6 0.9361111111111111 0.3375 0.027777777777777776 0.0296875
15 0.7388888888888889 0.2640625 0.42777777777777776 0.05625
15 0.2611111111111111 0.265625 0.42777777777777776 0.0578125
14 0.5 0.0578125 0.14166666666666666 0.0140625
7 0.5 0.1546875 0.9972222222222222 0.1359375
14 0.5 0.1578125 0.5166666666666667 0.0359375
18 0.5 0.0109375 0.9972222222222222 0.0203125
14 0.2638888888888889 0.265625 0.2833333333333333 0.0171875
14 0.7388888888888889 0.2671875 0.11944444444444445 0.021875