17 0.5 0.0546875 1 0.065625
6 0.9222222222222223 0.05625 0.05 0.028125
6 0.044444444444444446 0.0578125 0.027777777777777776 0.028125
14 0.5 0.0578125 0.45555555555555555 0.021875
14 0.11666666666666667 0.05625 0.08611111111111111 0.0171875
6 0.9333333333333333 0.1203125 0.06111111111111111 0.034375
6 0.8138888888888889 0.1203125 0.05555555555555555 0.034375
6 0.6944444444444444 0.1203125 0.06388888888888888 0.0265625
3 0.1361111111111111 0.121875 0.20555555555555555 0.0265625
14 0.16944444444444445 0.1203125 0.1388888888888889 0.0140625
9 0.5 0.5421875 1 0.7796875
14 0.5777777777777777 0.1984375 0.6416666666666667 0.0484375
7 0.13055555555555556 0.246875 0.22777777777777777 0.0734375
6 0.36666666666666664 0.25 0.2222222222222222 0.0203125
14 0.525 0.25 0.075 0.015625
14 0.3611111111111111 0.2828125 0.2111111111111111 0.025
14 0.35 0.3109375 0.18611111111111112 0.0125
14 0.425 0.3296875 0.3388888888888889 0.0140625
14 0.6138888888888889 0.4375 0.7194444444444444 0.0484375
7 0.12777777777777777 0.46875 0.21666666666666667 0.065625
6 0.36666666666666664 0.4890625 0.2222222222222222 0.0203125
14 0.5194444444444445 0.490625 0.06388888888888888 0.015625
14 0.3638888888888889 0.521875 0.2111111111111111 0.025
14 0.5583333333333333 0.6171875 0.6027777777777777 0.0484375
7 0.13055555555555556 0.646875 0.22777777777777777 0.071875
6 0.36666666666666664 0.6578125 0.2222222222222222 0.0203125
14 0.5194444444444445 0.6578125 0.06388888888888888 0.015625
14 0.34444444444444444 0.690625 0.17777777777777778 0.025
14 0.6166666666666667 0.8078125 0.7194444444444444 0.0484375
7 0.13055555555555556 0.8578125 0.22777777777777777 0.0734375
6 0.36666666666666664 0.859375 0.2222222222222222 0.0203125
14 0.525 0.8609375 0.075 0.015625
14 0.35833333333333334 0.8921875 0.20277777777777778 0.025
14 0.34444444444444444 0.9203125 0.18333333333333332 0.0125
1 0.5 0.9671875 1 0.065625
16 0.5 0.965625 0.05555555555555555 0.0453125
6 0.5 0.959375 0.05555555555555555 0.03125
16 0.6972222222222222 0.965625 0.07222222222222222 0.04375
6 0.7 0.9578125 0.03888888888888889 0.0296875
16 0.9 0.965625 0.09444444444444444 0.04375
6 0.9 0.959375 0.05555555555555555 0.03125
16 0.1 0.9671875 0.09166666666666666 0.04375
6 0.1 0.959375 0.09166666666666666 0.0265625
16 0.3 0.9671875 0.06944444444444445 0.0390625
6 0.3 0.959375 0.04722222222222222 0.021875
14 0.1 0.9828125 0.058333333333333334 0.0125
14 0.5 0.9828125 0.04722222222222222 0.0109375
14 0.7 0.9828125 0.07222222222222222 0.009375
14 0.3 0.9828125 0.06944444444444445 0.009375
14 0.9 0.9828125 0.09444444444444444 0.009375
18 0.5 0.0109375 0.9972222222222222 0.0203125