17 0.5 0.0546875 1 0.0640625
6 0.9444444444444444 0.04375 0.027777777777777776 0.0171875
14 0.9166666666666666 0.04375 0.013888888888888888 0.009375
14 0.5 0.0578125 0.2361111111111111 0.021875
14 0.5 0.4484375 0.37777777777777777 0.01875
14 0.5 0.50625 0.6777777777777778 0.0171875
14 0.3 0.8859375 0.2777777777777778 0.0171875
1 0.5 0.9671875 1 0.065625
16 0.1 0.971875 0.06666666666666667 0.0484375
14 0.1 0.990625 0.06666666666666667 0.009375
16 0.3 0.971875 0.10555555555555556 0.046875
14 0.3 0.9890625 0.10555555555555556 0.0109375
16 0.5 0.971875 0.1527777777777778 0.0515625
14 0.5 0.9921875 0.1527777777777778 0.0125
16 0.6972222222222222 0.9703125 0.07777777777777778 0.05
14 0.6972222222222222 0.990625 0.07777777777777778 0.0109375
16 0.9 0.9703125 0.09444444444444444 0.05
14 0.9 0.990625 0.09444444444444444 0.009375
14 0.9111111111111111 0.065625 0.09444444444444444 0.0171875
6 0.1 0.959375 0.044444444444444446 0.0234375
6 0.3 0.959375 0.04722222222222222 0.0234375
6 0.5 0.959375 0.044444444444444446 0.025
6 0.6972222222222222 0.959375 0.04722222222222222 0.0265625
6 0.8972222222222223 0.959375 0.04722222222222222 0.0265625
15 0.7 0.8859375 0.21666666666666667 0.0390625
7 0.49444444444444446 0.2625 0.4222222222222222 0.215625
18 0.5 0.0109375 0.9972222222222222 0.0203125
14 0.7 0.8875 0.11944444444444445 0.021875