7 0.5 0.2859375 0.9027777777777778 0.3140625
14 0.5916666666666667 0.315625 0.35555555555555557 0.0671875
7 0.29444444444444445 0.3171875 0.15 0.084375
14 0.5 0.484375 0.4722222222222222 0.0328125
14 0.49722222222222223 0.5484375 0.6583333333333333 0.040625
15 0.3611111111111111 0.7484375 0.25277777777777777 0.0546875
15 0.6388888888888888 0.7484375 0.25277777777777777 0.0546875
1 0.5 0.953125 1 0.0921875
7 0.5 0.953125 0.09166666666666666 0.0484375
16 0.1 0.9546875 0.1361111111111111 0.0546875
6 0.1 0.94375 0.041666666666666664 0.0328125
14 0.1 0.975 0.13333333333333333 0.0125
16 0.3 0.9546875 0.06666666666666667 0.05625
14 0.3 0.9765625 0.06666666666666667 0.0125
6 0.3 0.94375 0.044444444444444446 0.0328125
16 0.7 0.95625 0.14166666666666666 0.0515625
6 0.7 0.94375 0.06388888888888888 0.025
16 0.9 0.9546875 0.11388888888888889 0.0546875
6 0.9 0.9421875 0.05277777777777778 0.03125
14 0.9 0.9765625 0.11388888888888889 0.0125
14 0.7 0.9765625 0.14166666666666666 0.0125
17 0.5 0.0640625 1 0.0734375
14 0.5 0.065625 0.1638888888888889 0.01875
6 0.07222222222222222 0.0671875 0.041666666666666664 0.0203125
18 0.5 0.0125 0.9972222222222222 0.0234375
14 0.3611111111111111 0.7515625 0.11666666666666667 0.0203125
14 0.6388888888888888 0.7515625 0.08055555555555556 0.0203125