5 0.5 0.3609375 0.8833333333333333 0.05
5 0.5 0.459375 0.8833333333333333 0.05
5 0.5 0.5625 0.8833333333333333 0.05
5 0.5 0.659375 0.8833333333333333 0.05
15 0.5 0.7390625 0.8444444444444444 0.053125
14 0.2 0.2671875 0.2833333333333333 0.0171875
14 0.15555555555555556 0.659375 0.14444444444444443 0.0140625
14 0.19166666666666668 0.5625 0.21388888888888888 0.0140625
14 0.16666666666666666 0.459375 0.16111111111111112 0.0140625
14 0.16666666666666666 0.3609375 0.1638888888888889 0.0140625
17 0.5 0.0546875 1 0.0625
14 0.1111111111111111 0.05625 0.12222222222222222 0.01875
14 0.25 0.2359375 0.37777777777777777 0.0234375
14 0.14166666666666666 0.31875 0.1638888888888889 0.0140625
14 0.14166666666666666 0.4171875 0.1638888888888889 0.0140625
14 0.16666666666666666 0.5203125 0.21388888888888888 0.0140625
14 0.13333333333333333 0.6171875 0.14444444444444443 0.0140625
14 0.5 0.0578125 0.29444444444444445 0.0171875
6 0.8944444444444445 0.6609375 0.04722222222222222 0.0234375
18 0.5 0.0109375 0.9972222222222222 0.0203125
14 0.5 0.7390625 0.08055555555555556 0.0171875