0 0.5 0.5 0.9972222222222222 0.9984375
14 0.2861111111111111 0.09375 0.49444444444444446 0.0890625
14 0.48333333333333334 0.1578125 0.8861111111111111 0.0203125
14 0.5 0.803125 0.030555555555555555 0.0109375
14 0.49722222222222223 0.9125 0.6083333333333333 0.0125
14 0.425 0.95625 0.4111111111111111 0.01875
14 0.7111111111111111 0.9546875 0.12777777777777777 0.0140625
15 0.5 0.85625 0.9222222222222223 0.065625
16 0.5 0.7453125 0.9222222222222223 0.065625
16 0.5 0.66875 0.9222222222222223 0.065625
18 0.5 0.0109375 0.9972222222222222 0.0203125
14 0.49722222222222223 0.6671875 0.5416666666666666 0.0140625
14 0.49722222222222223 0.74375 0.49166666666666664 0.0140625
7 0.09722222222222222 0.66875 0.07777777777777778 0.04375
7 0.09722222222222222 0.7453125 0.07777777777777778 0.04375
14 0.49722222222222223 0.85625 0.4 0.0140625