18 0.5 0.0109375 0.9972222222222222 0.0203125
14 0.20277777777777778 0.096875 0.3194444444444444 0.0328125
11 0.5 0.190625 1 0.0515625
14 0.09722222222222222 0.190625 0.1111111111111111 0.015625
14 0.3138888888888889 0.1921875 0.18055555555555555 0.0203125
14 0.575 0.1921875 0.18888888888888888 0.015625
14 0.23333333333333334 0.2796875 0.38333333333333336 0.0203125
14 0.49722222222222223 0.3515625 0.9166666666666666 0.0734375
1 0.5 0.9671875 1 0.065625
6 0.1 0.9671875 0.044444444444444446 0.025
6 0.3 0.9671875 0.044444444444444446 0.025
6 0.5 0.9671875 0.03333333333333333 0.0265625
6 0.6972222222222222 0.9671875 0.05 0.025
6 0.8972222222222223 0.9671875 0.044444444444444446 0.025