1 0.5 0.9671875 1 0.065625
17 0.5 0.0546875 1 0.0640625
7 0.5 0.25 0.925 0.278125
7 0.5 0.6828125 0.925 0.278125
16 0.9 0.9703125 0.07777777777777778 0.05
16 0.39166666666666666 0.8875 0.19722222222222222 0.0484375
16 0.6 0.8875 0.2111111111111111 0.0484375
16 0.7 0.9703125 0.05555555555555555 0.05
16 0.5 0.971875 0.11944444444444445 0.053125
16 0.3 0.971875 0.05555555555555555 0.0515625
16 0.1 0.9703125 0.08333333333333333 0.05
6 0.7 0.9578125 0.044444444444444446 0.0265625
14 0.3333333333333333 0.44375 0.1 0.015625
18 0.5 0.0109375 0.9972222222222222 0.0203125
6 0.05277777777777778 0.0578125 0.044444444444444446 0.0203125
6 0.9305555555555556 0.0578125 0.027777777777777776 0.009375
6 0.9111111111111111 0.140625 0.05 0.0265625
6 0.9111111111111111 0.575 0.05 0.0265625
6 0.1 0.9578125 0.044444444444444446 0.0265625
6 0.3 0.9578125 0.044444444444444446 0.025
6 0.5 0.9578125 0.04722222222222222 0.0265625
6 0.9 0.9578125 0.044444444444444446 0.0265625
14 0.26666666666666666 0.0453125 0.2388888888888889 0.0125
14 0.375 0.065625 0.45555555555555555 0.0125
14 0.8527777777777777 0.35625 0.11944444444444445 0.0203125
14 0.18333333333333332 0.4125 0.2916666666666667 0.0203125
14 0.85 0.7890625 0.13055555555555556 0.0203125
14 0.18333333333333332 0.846875 0.29444444444444445 0.0203125
14 0.1 0.9890625 0.08333333333333333 0.0109375
14 0.3 0.990625 0.05555555555555555 0.0140625
14 0.5 0.990625 0.11944444444444445 0.0140625
14 0.6972222222222222 0.9890625 0.05555555555555555 0.0109375
14 0.9 0.9890625 0.07777777777777778 0.0125
6 0.15 0.4421875 0.23055555555555557 0.01875
6 0.15 0.8765625 0.22777777777777777 0.01875
15 0.16111111111111112 0.48125 0.25 0.0296875
15 0.16111111111111112 0.9140625 0.25 0.0296875
14 0.16111111111111112 0.915625 0.2 0.009375
14 0.43333333333333335 0.890625 0.058333333333333334 0.015625
14 0.6138888888888889 0.8890625 0.08611111111111111 0.0125
6 0.3611111111111111 0.8890625 0.041666666666666664 0.01875
6 0.5388888888888889 0.8890625 0.03333333333333333 0.0203125
14 0.16111111111111112 0.48125 0.2 0.009375