9 0.5 0.540625 0.9 0.78125
6 0.5027777777777778 0.353125 0.23333333333333334 0.021875
6 0.5055555555555555 0.590625 0.23333333333333334 0.021875
6 0.5055555555555555 0.828125 0.23333333333333334 0.021875
1 0.5 0.965625 1 0.0671875
14 0.41944444444444445 0.915625 0.06666666666666667 0.0125
14 0.6638888888888889 0.8296875 0.04722222222222222 0.0125
14 0.5194444444444445 0.796875 0.26944444444444443 0.0171875
14 0.5055555555555555 0.759375 0.2388888888888889 0.028125
14 0.475 0.7109375 0.17777777777777778 0.0171875
14 0.5361111111111111 0.678125 0.30277777777777776 0.0125
14 0.6638888888888889 0.590625 0.04722222222222222 0.0125
14 0.5194444444444445 0.559375 0.26666666666666666 0.0171875
14 0.4888888888888889 0.5203125 0.2 0.028125
14 0.45555555555555555 0.4734375 0.1361111111111111 0.0171875
14 0.41944444444444445 0.4390625 0.06666666666666667 0.0125
14 0.6638888888888889 0.353125 0.04722222222222222 0.0125
14 0.5194444444444445 0.3203125 0.26666666666666666 0.0171875
14 0.4888888888888889 0.2828125 0.2 0.028125
14 0.45555555555555555 0.234375 0.1361111111111111 0.0171875
14 0.41944444444444445 0.2015625 0.06666666666666667 0.0125
6 0.875 0.9734375 0.03888888888888889 0.028125
6 0.625 0.9640625 0.05277777777777778 0.0296875
6 0.375 0.965625 0.07222222222222222 0.025
6 0.125 0.9671875 0.07222222222222222 0.025
7 0.19722222222222222 0.746875 0.2611111111111111 0.1125
7 0.19722222222222222 0.509375 0.2638888888888889 0.1
7 0.19722222222222222 0.2703125 0.2388888888888889 0.146875
14 0.9138888888888889 0.1171875 0.07222222222222222 0.0125
14 0.18611111111111112 0.1171875 0.26944444444444443 0.0125
6 0.04722222222222222 0.0578125 0.030555555555555555 0.028125
14 0.5 0.0578125 0.5944444444444444 0.0171875
18 0.5 0.0109375 0.9972222222222222 0.0203125