5 0.5 0.0734375 0.8861111111111111 0.065625
14 0.28888888888888886 0.071875 0.20555555555555555 0.0171875
14 0.6638888888888889 0.7796875 0.013888888888888888 0.0109375
6 0.12222222222222222 0.0734375 0.022222222222222223 0.021875
14 0.33055555555555555 0.146875 0.5388888888888889 0.03125
14 0.49444444444444446 0.1875 0.8638888888888889 0.0203125
14 0.09722222222222222 0.409375 0.07777777777777778 0.0109375
14 0.5888888888888889 0.4078125 0.1527777777777778 0.009375
14 0.09722222222222222 0.6796875 0.07777777777777778 0.009375
14 0.5916666666666667 0.6796875 0.1527777777777778 0.0109375
14 0.25 0.43125 0.38055555555555554 0.0140625
14 0.175 0.459375 0.23055555555555557 0.0203125
14 0.7055555555555556 0.43125 0.37777777777777777 0.0140625
14 0.6333333333333333 0.459375 0.22777777777777777 0.0203125
14 0.19722222222222222 0.7140625 0.275 0.040625
14 0.18333333333333332 0.7546875 0.24444444444444444 0.0203125
14 0.6944444444444444 0.715625 0.35833333333333334 0.0390625
14 0.6361111111111111 0.7546875 0.2388888888888889 0.0203125
1 0.5 0.959375 1 0.0796875
16 0.1 0.959375 0.10277777777777777 0.0515625
14 0.1 0.98125 0.10277777777777777 0.009375
16 0.3 0.9609375 0.07777777777777778 0.05
14 0.3 0.98125 0.07777777777777778 0.009375
16 0.5 0.959375 0.06388888888888888 0.0515625
14 0.5 0.98125 0.06388888888888888 0.009375
16 0.7 0.9609375 0.07222222222222222 0.0515625
14 0.7 0.98125 0.07222222222222222 0.009375
16 0.9 0.959375 0.09444444444444444 0.053125
14 0.9 0.98125 0.09444444444444444 0.009375
7 0.2722222222222222 0.3125 0.42777777777777776 0.159375
7 0.7277777777777777 0.3125 0.42777777777777776 0.1609375
7 0.2722222222222222 0.584375 0.425 0.159375
7 0.7277777777777777 0.584375 0.42777777777777776 0.159375
6 0.44722222222222224 0.2515625 0.03888888888888889 0.0203125
6 0.5 0.95 0.05 0.03125
6 0.9027777777777778 0.2515625 0.03888888888888889 0.0203125
6 0.44722222222222224 0.5234375 0.03888888888888889 0.0203125
6 0.9027777777777778 0.5234375 0.03888888888888889 0.0203125
6 0.1 0.95 0.05 0.03125
6 0.3 0.95 0.058333333333333334 0.028125
6 0.7 0.95 0.05277777777777778 0.0296875
6 0.9 0.95 0.058333333333333334 0.0328125
6 0.5805555555555556 0.778125 0.13055555555555556 0.0140625
15 0.5 0.8671875 0.8833333333333333 0.065625
18 0.5 0.0109375 0.9972222222222222 0.0203125
14 0.5 0.865625 0.14166666666666666 0.015625