14 0.30833333333333335 0.565625 0.058333333333333334 0.0171875
14 0.4583333333333333 0.50625 0.8388888888888889 0.0640625
14 0.15833333333333333 0.6296875 0.24166666666666667 0.0203125
14 0.23333333333333334 0.7078125 0.24444444444444444 0.0171875
14 0.2222222222222222 0.7640625 0.21944444444444444 0.0171875
14 0.37777777777777777 0.8234375 0.5305555555555556 0.021875
6 0.14722222222222223 0.565625 0.21666666666666667 0.0265625
6 0.06111111111111111 0.709375 0.044444444444444446 0.025
6 0.058333333333333334 0.7640625 0.030555555555555555 0.025
6 0.06111111111111111 0.821875 0.041666666666666664 0.025
15 0.5 0.9421875 0.9222222222222223 0.0484375
14 0.5 0.9453125 0.3194444444444444 0.0203125
7 0.5 0.2234375 0.9972222222222222 0.4453125
6 0.044444444444444446 0.0578125 0.030555555555555555 0.0296875
18 0.5 0.0109375 0.9972222222222222 0.021875