18 0.5 0.0109375 0.9972222222222222 0.0203125
5 0.5 0.715625 0.9 0.053125
14 0.5166666666666667 0.0578125 0.21666666666666667 0.0234375
7 0.3861111111111111 0.0578125 0.027777777777777776 0.0203125
14 0.9138888888888889 0.059375 0.07222222222222222 0.021875
14 0.5 0.146875 0.8472222222222222 0.0234375
7 0.5 0.3875 0.7027777777777777 0.39375
12 0.5 0.646875 0.09444444444444444 0.009375
14 0.18055555555555555 0.715625 0.2111111111111111 0.015625
15 0.5 0.7859375 0.9027777777777778 0.059375
15 0.5 0.859375 0.9027777777777778 0.059375
3 0.39166666666666666 0.921875 0.6888888888888889 0.0265625
14 0.8805555555555555 0.9234375 0.10833333333333334 0.0203125
14 0.42777777777777776 0.9234375 0.6194444444444445 0.015625
14 0.36944444444444446 0.965625 0.6388888888888888 0.0125
14 0.5 0.7875 0.3111111111111111 0.01875
14 0.5 0.859375 0.38333333333333336 0.015625