5 0.5 0.6109375 0.9222222222222223 0.0328125
5 0.5 0.503125 0.9222222222222223 0.0328125
14 0.21944444444444444 0.603125 0.35833333333333334 0.0171875
14 0.24722222222222223 0.496875 0.4111111111111111 0.021875
14 0.5 0.76875 0.37222222222222223 0.01875
15 0.5 0.6953125 0.9222222222222223 0.059375
14 0.12222222222222222 0.5671875 0.16111111111111112 0.015625
14 0.16111111111111112 0.459375 0.2388888888888889 0.015625
14 0.5 0.390625 0.4388888888888889 0.0203125
14 0.5 0.3453125 0.17222222222222222 0.0328125
7 0.5 0.19375 0.4722222222222222 0.1765625
6 0.9472222222222222 0.084375 0.041666666666666664 0.0234375
18 0.5 0.0109375 0.9972222222222222 0.021875
14 0.5 0.696875 0.1111111111111111 0.0203125