5 0.5 0.275 0.9361111111111111 0.0453125
5 0.5 0.34375 0.9361111111111111 0.0453125
14 0.13055555555555556 0.340625 0.13333333333333333 0.015625
14 0.10555555555555556 0.2734375 0.07777777777777778 0.0171875
14 0.3055555555555556 0.14375 0.3138888888888889 0.0203125
6 0.9416666666666667 0.140625 0.016666666666666666 0.0171875
6 0.08055555555555556 0.140625 0.06111111111111111 0.034375
6 0.058333333333333334 0.05625 0.022222222222222223 0.0234375
14 0.5 0.0578125 0.13333333333333333 0.01875
14 0.5 0.2078125 0.03611111111111111 0.0140625
14 0.5 0.428125 0.2722222222222222 0.01875
15 0.5 0.9453125 0.9277777777777778 0.0671875
18 0.5 0.0109375 0.9972222222222222 0.0203125
14 0.5 0.946875 0.10833333333333334 0.015625