9 0.5 0.5609375 1 0.875
18 0.5016949152542373 0.03125 0.9966101694915255 0.0625
17 0.5016949152542373 0.09375 0.9966101694915255 0.053125
8 0.07796610169491526 0.0890625 0.1152542372881356 0.0359375
15 0.8813559322033898 0.0890625 0.14576271186440679 0.0359375
13 0.488135593220339 0.0890625 0.6 0.0421875
6 0.2271186440677966 0.0890625 0.04067796610169491 0.0203125
8 0.7457627118644068 0.0890625 0.04406779661016949 0.0203125
14 0.3220338983050847 0.0890625 0.10847457627118644 0.0171875
14 0.5254237288135594 0.159375 0.9050847457627119 0.0375
14 0.4915254237288136 0.25 0.8406779661016949 0.0375
14 0.4847457627118644 0.3421875 0.8338983050847457 0.040625
14 0.511864406779661 0.4328125 0.8847457627118644 0.0390625
14 0.5084745762711864 0.5234375 0.8813559322033898 0.0375
14 0.49491525423728816 0.615625 0.847457627118644 0.0375
14 0.4915254237288136 0.70625 0.8372881355932204 0.0375
14 0.5050847457627119 0.796875 0.8610169491525423 0.0359375
14 0.5016949152542373 0.8875 0.8711864406779661 0.0375
14 0.46779661016949153 0.9796875 0.7932203389830509 0.0375
14 0.09152542372881356 0.2015625 0.1288135593220339 0.0109375
14 0.10847457627118644 0.2921875 0.16271186440677965 0.0109375
14 0.09152542372881356 0.3828125 0.1288135593220339 0.0109375
14 0.10847457627118644 0.475 0.16271186440677965 0.0109375
14 0.10847457627118644 0.565625 0.16271186440677965 0.0125
14 0.10847457627118644 0.6578125 0.16271186440677965 0.0109375
14 0.09830508474576272 0.7484375 0.13898305084745763 0.0109375
14 0.10847457627118644 0.840625 0.16271186440677965 0.0125
14 0.10847457627118644 0.93125 0.16271186440677965 0.0109375
14 0.8203389830508474 0.2 0.25084745762711863 0.0125
14 0.8203389830508474 0.2921875 0.24745762711864408 0.0125
14 0.8203389830508474 0.3828125 0.24745762711864408 0.0140625
14 0.8203389830508474 0.475 0.25084745762711863 0.0109375
14 0.8203389830508474 0.565625 0.25084745762711863 0.0125
14 0.8203389830508474 0.65625 0.25084745762711863 0.0125
14 0.8203389830508474 0.746875 0.25084745762711863 0.0125
14 0.8203389830508474 0.8390625 0.25084745762711863 0.0125
14 0.8203389830508474 0.9296875 0.24745762711864408 0.0125
14 0.8847457627118644 0.0890625 0.10508474576271186 0.0125
6 0.07457627118644068 0.0890625 0.05423728813559322 0.0203125
6 0.7457627118644068 0.0890625 0.01694915254237288 0.0078125