5 0.5016949152542373 0.55 0.9016949152542373 0.0203125
5 0.5016949152542373 0.484375 0.9016949152542373 0.0203125
3 0.48135593220338985 0.603125 0.8677966101694915 0.0296875
14 0.9016949152542373 0.5453125 0.09491525423728814 0.0109375
14 0.12203389830508475 0.546875 0.1423728813559322 0.0109375
14 0.09152542372881356 0.4796875 0.07796610169491526 0.0125
18 0.5152542372881356 0.025 0.8677966101694915 0.0125
14 0.5152542372881356 0.6046875 0.8033898305084746 0.025
14 0.5016949152542373 0.4078125 0.13220338983050847 0.015625
14 0.5016949152542373 0.940625 0.4067796610169492 0.0140625
15 0.5016949152542373 0.8921875 0.9016949152542373 0.04375
6 0.0711864406779661 0.075 0.030508474576271188 0.0234375
7 0.5016949152542373 0.0734375 0.13559322033898305 0.0234375
14 0.5016949152542373 0.8921875 0.3254237288135593 0.0109375