18 0.5 0.0109375 0.9972222222222222 0.0203125
17 0.5 0.0546875 1 0.0640625
6 0.044444444444444446 0.0578125 0.030555555555555555 0.028125
14 0.17777777777777778 0.1078125 0.28055555555555556 0.021875
14 0.4888888888888889 0.2046875 0.9 0.1046875
14 0.1388888888888889 0.278125 0.19444444444444445 0.0171875
14 0.14444444444444443 0.3859375 0.20833333333333334 0.025
14 0.43333333333333335 0.4484375 0.7805555555555556 0.0453125
14 0.46944444444444444 0.51875 0.8555555555555555 0.021875
14 0.1388888888888889 0.5515625 0.19444444444444445 0.0171875
14 0.23055555555555557 0.70625 0.38333333333333336 0.0265625
14 0.49444444444444446 0.8 0.9055555555555556 0.1046875
14 0.1388888888888889 0.8734375 0.19444444444444445 0.0171875
15 0.5 0.9421875 0.9222222222222223 0.0484375
14 0.5 0.94375 0.3194444444444444 0.0203125