1 0.5 0.9671875 1 0.065625
16 0.5 0.96875 0.10833333333333334 0.05625
14 0.5 0.9890625 0.1111111111111111 0.0140625
16 0.8333333333333334 0.9703125 0.08055555555555556 0.0484375
14 0.8333333333333334 0.9890625 0.07777777777777778 0.0109375
6 0.8305555555555556 0.9578125 0.041666666666666664 0.025
6 0.5 0.95625 0.041666666666666664 0.03125
16 0.16666666666666666 0.9703125 0.08333333333333333 0.0484375
14 0.16666666666666666 0.9890625 0.08333333333333333 0.0109375
6 0.16666666666666666 0.9578125 0.05277777777777778 0.025
12 0.5 0.4671875 0.9222222222222223 0.6796875
14 0.5 0.7421875 0.1527777777777778 0.0125
14 0.5 0.6984375 0.49722222222222223 0.03125
7 0.5 0.375 0.9222222222222223 0.49375
14 0.5 0.0671875 0.3277777777777778 0.0171875
6 0.9194444444444444 0.0671875 0.044444444444444446 0.025
18 0.5 0.0109375 0.9972222222222222 0.0203125