7 0.7288135593220338 0.76875 0.4440677966101695 0.2171875
18 0.5 0.02109375 1 0.0421875
17 0.5 0.06875 1 0.05625
7 0.5 0.234375 1 0.271875
1 0.4033898305084746 0.909375 0.8067796610169492 0.059375
15 0.8983050847457628 0.89375 0.15254237288135594 0.071875
8 0.8949152542372881 0.8140625 0.10508474576271186 0.046875
6 0.0847457627118644 0.0671875 0.05084745762711865 0.0234375
6 0.8067796610169492 0.0671875 0.0576271186440678 0.028125
6 0.9322033898305084 0.06875 0.08813559322033898 0.0328125
6 0.8983050847457628 0.4140625 0.05423728813559322 0.0234375
6 0.09152542372881356 0.9078125 0.05084745762711865 0.0265625
6 0.2745762711864407 0.9078125 0.05423728813559322 0.0203125
6 0.4610169491525424 0.9078125 0.05423728813559322 0.0234375
6 0.6440677966101694 0.909375 0.05423728813559322 0.0265625
6 0.9152542372881356 0.88125 0.013559322033898305 0.009375
7 0.2745762711864407 0.7671875 0.43389830508474575 0.21875
14 0.8813559322033898 0.8796875 0.03728813559322034 0.0109375
14 0.8949152542372881 0.9 0.07796610169491526 0.015625
14 0.24745762711864408 0.6265625 0.37966101694915255 0.0203125
14 0.46440677966101696 0.5015625 0.8203389830508474 0.0359375
14 0.8983050847457628 0.440625 0.07796610169491526 0.0078125
14 0.14576271186440679 0.4140625 0.18305084745762712 0.0265625
14 0.10508474576271186 0.446875 0.09491525423728814 0.0171875
14 0.5050847457627119 0.0671875 0.1694915254237288 0.0203125
14 0.9491525423728814 0.0734375 0.01694915254237288 0.0109375