14 0.5 0.021875 1 0.04375
17 0.5 0.071875 1 0.05625
9 0.13898305084745763 0.4828125 0.2745762711864407 0.7640625
1 0.5 0.89921875 1 0.0703125
14 0.13898305084745763 0.0703125 0.18983050847457628 0.025
14 0.13898305084745763 0.153125 0.10847457627118644 0.01875
14 0.13898305084745763 0.228125 0.1152542372881356 0.0171875
14 0.13898305084745763 0.290625 0.12542372881355932 0.0140625
14 0.13898305084745763 0.3140625 0.14576271186440679 0.0203125
14 0.13898305084745763 0.38125 0.0711864406779661 0.0203125
14 0.13898305084745763 0.45625 0.11864406779661017 0.01875
14 0.3728813559322034 0.1546875 0.07457627118644068 0.01875
14 0.7389830508474576 0.1546875 0.14576271186440679 0.0171875
14 0.39322033898305087 0.228125 0.10847457627118644 0.0203125
14 0.7016949152542373 0.2296875 0.07457627118644068 0.0203125
14 0.3728813559322034 0.30625 0.07457627118644068 0.01875
14 0.7220338983050848 0.30625 0.10847457627118644 0.0203125
14 0.39322033898305087 0.3796875 0.10847457627118644 0.01875
14 0.7016949152542373 0.38125 0.06779661016949153 0.0171875
14 0.3728813559322034 0.45625 0.07457627118644068 0.0171875
14 0.7186440677966102 0.45625 0.10508474576271186 0.0171875
14 0.4067796610169492 0.5328125 0.14915254237288136 0.0203125
14 0.7389830508474576 0.53125 0.14576271186440679 0.0171875
14 0.39322033898305087 0.6078125 0.11186440677966102 0.0203125
14 0.7389830508474576 0.6078125 0.14576271186440679 0.01875
14 0.4101694915254237 0.6828125 0.14576271186440679 0.01875
14 0.6983050847457627 0.684375 0.07457627118644068 0.0171875
6 0.7898305084745763 0.06875 0.05423728813559322 0.0265625
6 0.9186440677966101 0.0671875 0.0576271186440678 0.0265625
16 0.08135593220338982 0.903125 0.04067796610169491 0.046875
16 0.25084745762711863 0.903125 0.08135593220338982 0.0453125
16 0.4271186440677966 0.9 0.1152542372881356 0.053125
16 0.5830508474576271 0.903125 0.09152542372881356 0.0484375
16 0.7491525423728813 0.9046875 0.05084745762711865 0.0453125
16 0.9152542372881356 0.903125 0.11864406779661017 0.046875
6 0.0847457627118644 0.8921875 0.04067796610169491 0.021875
6 0.24745762711864408 0.8921875 0.05084745762711865 0.021875
6 0.43728813559322033 0.890625 0.09152542372881356 0.03125
6 0.5830508474576271 0.8921875 0.05423728813559322 0.0234375
6 0.752542372881356 0.8921875 0.04745762711864407 0.01875
6 0.9152542372881356 0.89375 0.0576271186440678 0.0234375
14 0.0847457627118644 0.9203125 0.02711864406779661 0.0125
14 0.25084745762711863 0.9203125 0.07796610169491526 0.0125
14 0.41694915254237286 0.921875 0.08813559322033898 0.0109375
14 0.5830508474576271 0.9203125 0.09152542372881356 0.0125
14 0.7491525423728813 0.921875 0.020338983050847456 0.0109375
14 0.9186440677966101 0.921875 0.1152542372881356 0.0109375