15 0.7593220338983051 0.2015625 0.13220338983050847 0.0484375
15 0.6 0.2015625 0.15932203389830507 0.0484375
15 0.43728813559322033 0.2 0.1288135593220339 0.05
16 0.17966101694915254 0.2015625 0.2711864406779661 0.05
18 0.5 0.01953125 1 0.0390625
17 0.5 0.06953125 1 0.0578125
11 0.5 0.13046875 1 0.0640625
14 0.2135593220338983 0.071875 0.09491525423728814 0.025
14 0.25084745762711863 0.1359375 0.061016949152542375 0.021875
14 0.752542372881356 0.134375 0.06779661016949153 0.01875
14 0.14915254237288136 0.2015625 0.1423728813559322 0.015625
14 0.43728813559322033 0.2015625 0.061016949152542375 0.015625
14 0.5966101694915255 0.2015625 0.09491525423728814 0.015625
14 0.7627118644067796 0.2015625 0.061016949152542375 0.0171875
6 0.07457627118644068 0.0703125 0.04406779661016949 0.03125
6 0.2576271186440678 0.2015625 0.03389830508474576 0.0140625
6 0.8067796610169492 0.0703125 0.05084745762711865 0.0234375
6 0.9220338983050848 0.0703125 0.06440677966101695 0.0296875
6 0.9491525423728814 0.2 0.03389830508474576 0.0140625
14 0.16610169491525423 0.2625 0.24745762711864408 0.0125
7 0.26101694915254237 0.4140625 0.44745762711864406 0.253125
7 0.7389830508474576 0.4140625 0.4576271186440678 0.2515625
14 0.0847457627118644 0.3125 0.01694915254237288 0.0140625
14 0.5627118644067797 0.3125 0.020338983050847456 0.0140625
14 0.14915254237288136 0.565625 0.23389830508474577 0.01875
14 0.2576271186440678 0.603125 0.45084745762711864 0.0390625
14 0.08135593220338982 0.6421875 0.06779661016949153 0.0140625
14 0.6474576271186441 0.565625 0.2677966101694915 0.0171875
14 0.735593220338983 0.6015625 0.4542372881355932 0.0375
14 0.5627118644067797 0.640625 0.0711864406779661 0.0125
14 0.1423728813559322 0.671875 0.21016949152542372 0.0125
14 0.5966101694915255 0.671875 0.16610169491525423 0.0125
7 0.26440677966101694 0.821875 0.4542372881355932 0.23125
7 0.7423728813559322 0.821875 0.4576271186440678 0.2328125
14 0.0847457627118644 0.728125 0.01694915254237288 0.0125
14 0.5627118644067797 0.728125 0.01694915254237288 0.0109375
6 0.43728813559322033 0.7296875 0.05423728813559322 0.0203125
6 0.9186440677966101 0.7296875 0.05084745762711865 0.01875
6 0.9186440677966101 0.3125 0.04745762711864407 0.021875
6 0.4406779661016949 0.3125 0.05084745762711865 0.0203125