18 0.5 0.0171875 1 0.034375
17 0.5 0.06484375 1 0.0609375
7 0.5 0.3296875 1 0.4625
14 0.26440677966101694 0.8734375 0.4440677966101695 0.03125
14 0.5084745762711864 0.928125 0.6779661016949152 0.01875
16 0.5016949152542373 0.8078125 0.9186440677966101 0.0546875
14 0.2 0.8078125 0.26101694915254237 0.015625
14 0.37966101694915255 0.6671875 0.6711864406779661 0.01875
14 0.46779661016949153 0.70625 0.8406779661016949 0.025
14 0.09152542372881356 0.7515625 0.09491525423728814 0.0171875
6 0.5220338983050847 0.875 0.05084745762711865 0.0234375
6 0.8983050847457628 0.8078125 0.03389830508474576 0.009375
6 0.7796610169491526 0.5953125 0.061016949152542375 0.028125
6 0.9288135593220339 0.596875 0.06440677966101695 0.0296875
6 0.2677966101694915 0.596875 0.05084745762711865 0.021875
14 0.13559322033898305 0.5953125 0.1864406779661017 0.01875
14 0.8372881355932204 0.596875 0.01694915254237288 0.0109375
6 0.0711864406779661 0.0671875 0.04406779661016949 0.028125
6 0.6983050847457627 0.0671875 0.06440677966101695 0.0296875
6 0.8135593220338984 0.0671875 0.061016949152542375 0.03125
6 0.911864406779661 0.065625 0.06440677966101695 0.03125
14 0.24745762711864408 0.9046875 0.13898305084745763 0.015625
6 0.8745762711864407 0.9296875 0.04745762711864407 0.0171875