18 0.5083333333333333 0.0296875 0.7666666666666667 0.0578125
17 0.5083333333333333 0.0828125 0.7666666666666667 0.05
6 0.1527777777777778 0.0875 0.030555555555555555 0.0265625
6 0.85 0.0875 0.04722222222222222 0.021875
14 0.5 0.090625 0.10833333333333334 0.0203125
2 0.5027777777777778 0.2625 0.7277777777777777 0.253125
14 0.31666666666666665 0.1796875 0.275 0.0203125
14 0.44166666666666665 0.2140625 0.03888888888888889 0.0234375
14 0.3527777777777778 0.275 0.25555555555555554 0.0125
6 0.19166666666666668 0.2765625 0.027777777777777776 0.015625
6 0.5194444444444445 0.2765625 0.03611111111111111 0.0203125
7 0.7472222222222222 0.23125 0.15555555555555556 0.078125
6 0.20277777777777778 0.3578125 0.044444444444444446 0.0265625
14 0.33055555555555555 0.35625 0.16944444444444445 0.0203125
6 0.8083333333333333 0.359375 0.03888888888888889 0.0140625
14 0.21388888888888888 0.4359375 0.15833333333333333 0.021875
14 0.225 0.540625 0.18333333333333332 0.0203125
6 0.3277777777777778 0.4375 0.041666666666666664 0.021875
6 0.3527777777777778 0.540625 0.041666666666666664 0.021875
6 0.8444444444444444 0.4390625 0.030555555555555555 0.0109375
6 0.8444444444444444 0.540625 0.030555555555555555 0.0109375
14 0.7805555555555556 0.4359375 0.030555555555555555 0.0234375
14 0.7888888888888889 0.54375 0.019444444444444445 0.01875
14 0.7472222222222222 0.653125 0.11388888888888889 0.0203125
6 0.8527777777777777 0.6546875 0.019444444444444445 0.021875
14 0.18611111111111112 0.6546875 0.10277777777777777 0.01875
7 0.49722222222222223 0.7515625 0.32222222222222224 0.1015625
8 0.7916666666666666 0.88125 0.11666666666666667 0.0640625
14 0.18611111111111112 0.878125 0.10277777777777777 0.0265625