18 0.5 0.0203125 1 0.040625
1 0.5 0.9078125 1 0.065625
16 0.1152542372881356 0.084375 0.1694915254237288 0.0734375
16 0.31186440677966104 0.084375 0.17627118644067796 0.078125
16 0.49830508474576274 0.084375 0.17627118644067796 0.0734375
16 0.6915254237288135 0.084375 0.17627118644067796 0.071875
16 0.8847457627118644 0.084375 0.1694915254237288 0.075
16 0.17288135593220338 0.23125 0.26440677966101694 0.0328125
16 0.6135593220338983 0.23125 0.13898305084745763 0.0265625
16 0.16271186440677965 0.2828125 0.22372881355932203 0.03125
16 0.13220338983050847 0.3359375 0.18983050847457628 0.0234375
16 0.14915254237288136 0.3890625 0.21694915254237288 0.0203125
16 0.15593220338983052 0.4390625 0.21694915254237288 0.028125
16 0.18983050847457628 0.4953125 0.2745762711864407 0.0296875
16 0.15593220338983052 0.546875 0.21016949152542372 0.028125
16 0.17288135593220338 0.5984375 0.25084745762711863 0.021875
16 0.6169491525423729 0.2828125 0.13559322033898305 0.028125
16 0.6474576271186441 0.3359375 0.17966101694915254 0.0296875
16 0.6508474576271186 0.3875 0.22033898305084745 0.0234375
16 0.6508474576271186 0.4421875 0.19661016949152543 0.0234375
16 0.6508474576271186 0.49375 0.21016949152542372 0.0234375
16 0.6610169491525424 0.5453125 0.2305084745762712 0.028125
16 0.6440677966101694 0.5984375 0.21694915254237288 0.0328125
16 0.13559322033898305 0.7328125 0.17966101694915254 0.03125
16 0.1288135593220339 0.7859375 0.16271186440677965 0.0265625
16 0.13559322033898305 0.8359375 0.2033898305084746 0.03125
16 0.6610169491525424 0.7328125 0.2271186440677966 0.0203125
16 0.6406779661016949 0.784375 0.2 0.0296875
16 0.6474576271186441 0.8359375 0.21694915254237288 0.0328125
16 0.09830508474576272 0.9125 0.0847457627118644 0.0421875
16 0.2983050847457627 0.9109375 0.06440677966101695 0.0421875
16 0.5016949152542373 0.9109375 0.0576271186440678 0.0421875
16 0.6983050847457627 0.9109375 0.07796610169491526 0.04375
16 0.9152542372881356 0.90625 0.1016949152542373 0.0515625
7 0.1152542372881356 0.071875 0.06440677966101695 0.0328125
7 0.31186440677966104 0.071875 0.07796610169491526 0.03125
7 0.5016949152542373 0.071875 0.0711864406779661 0.0328125
7 0.6915254237288135 0.0734375 0.0711864406779661 0.0359375
7 0.8813559322033898 0.0734375 0.07796610169491526 0.034375
7 0.07796610169491526 0.23125 0.07796610169491526 0.0328125
7 0.07457627118644068 0.2828125 0.04406779661016949 0.0296875
7 0.07457627118644068 0.334375 0.07457627118644068 0.021875
7 0.07796610169491526 0.390625 0.0711864406779661 0.021875
7 0.07796610169491526 0.440625 0.0576271186440678 0.028125
7 0.08135593220338982 0.4953125 0.05423728813559322 0.0296875
7 0.07796610169491526 0.546875 0.05084745762711865 0.0265625
7 0.07457627118644068 0.5984375 0.05423728813559322 0.0234375
7 0.576271186440678 0.23125 0.06440677966101695 0.025
7 0.5796610169491525 0.2828125 0.061016949152542375 0.0265625
7 0.5796610169491525 0.3359375 0.04067796610169491 0.0296875
7 0.576271186440678 0.3875 0.06779661016949153 0.021875
7 0.5796610169491525 0.440625 0.05423728813559322 0.021875
7 0.576271186440678 0.49375 0.061016949152542375 0.021875
7 0.5796610169491525 0.546875 0.061016949152542375 0.0265625
7 0.576271186440678 0.5984375 0.07457627118644068 0.0328125
7 0.07796610169491526 0.7328125 0.061016949152542375 0.0296875
7 0.07796610169491526 0.7859375 0.05423728813559322 0.0265625
7 0.07457627118644068 0.8359375 0.07796610169491526 0.03125
7 0.5796610169491525 0.7328125 0.06440677966101695 0.0203125
7 0.5796610169491525 0.784375 0.07796610169491526 0.0265625
7 0.576271186440678 0.8359375 0.0711864406779661 0.0328125
6 0.1016949152542373 0.9015625 0.061016949152542375 0.021875
6 0.3016949152542373 0.903125 0.061016949152542375 0.028125
6 0.5016949152542373 0.903125 0.05084745762711865 0.0265625
6 0.7050847457627119 0.903125 0.061016949152542375 0.028125
6 0.9186440677966101 0.8984375 0.10508474576271186 0.0359375
14 0.1016949152542373 0.9265625 0.07796610169491526 0.0109375
14 0.3016949152542373 0.9265625 0.04406779661016949 0.0125
14 0.5016949152542373 0.9265625 0.04745762711864407 0.0109375
14 0.6983050847457627 0.928125 0.07796610169491526 0.0109375
14 0.9016949152542373 0.9265625 0.07457627118644068 0.0109375
14 0.17966101694915254 0.8375 0.09830508474576272 0.0171875
14 0.6983050847457627 0.8375 0.1152542372881356 0.015625
14 0.1694915254237288 0.7859375 0.07796610169491526 0.0140625
14 0.17627118644067796 0.734375 0.09152542372881356 0.015625
14 0.7050847457627119 0.734375 0.13559322033898305 0.01875
14 0.6847457627118644 0.7859375 0.10847457627118644 0.015625
14 0.21694915254237288 0.2328125 0.16610169491525423 0.0125
14 0.2 0.284375 0.13559322033898305 0.015625
14 0.17966101694915254 0.3359375 0.09152542372881356 0.0140625
14 0.19322033898305085 0.390625 0.1288135593220339 0.01875
14 0.2 0.4421875 0.1288135593220339 0.0125
14 0.2305084745762712 0.4953125 0.18983050847457628 0.0140625
14 0.2 0.546875 0.12542372881355932 0.0125
14 0.2135593220338983 0.6 0.16271186440677965 0.0171875
14 0.6576271186440678 0.2328125 0.04406779661016949 0.0140625
14 0.6576271186440678 0.284375 0.04745762711864407 0.015625
14 0.6847457627118644 0.3375 0.09830508474576272 0.015625
14 0.6983050847457627 0.390625 0.12542372881355932 0.0171875
14 0.6915254237288135 0.44375 0.1152542372881356 0.0171875
14 0.6915254237288135 0.49375 0.1152542372881356 0.0171875
14 0.7050847457627119 0.5484375 0.13898305084745763 0.01875
14 0.6915254237288135 0.6 0.11864406779661017 0.015625
14 0.1152542372881356 0.10625 0.07796610169491526 0.0125
14 0.1423728813559322 0.1734375 0.18983050847457628 0.01875
14 0.30847457627118646 0.10625 0.09491525423728814 0.0140625
14 0.49830508474576274 0.10625 0.0847457627118644 0.0125
14 0.6915254237288135 0.10625 0.11864406779661017 0.0109375
14 0.8813559322033898 0.10625 0.08813559322033898 0.015625
14 0.12203389830508475 0.675 0.14915254237288136 0.01875