2 0.7322033898305085 0.7765625 0.43728813559322033 0.2234375
2 0.2677966101694915 0.7765625 0.43050847457627117 0.225
7 0.2677966101694915 0.8453125 0.423728813559322 0.0859375
7 0.7322033898305085 0.84375 0.43050847457627117 0.0875
11 0.5016949152542373 0.2140625 0.9864406779661017 0.0609375
11 0.5016949152542373 0.153125 0.9966101694915255 0.05
18 0.5 0.02734375 1 0.0546875
17 0.5 0.09453125 1 0.0609375
6 0.07796610169491526 0.09375 0.05423728813559322 0.0171875
14 0.20677966101694914 0.0953125 0.1016949152542373 0.034375
16 0.5830508474576271 0.090625 0.2271186440677966 0.046875
6 0.7864406779661017 0.0953125 0.05084745762711865 0.0234375
8 0.9355932203389831 0.09375 0.10847457627118644 0.05
15 0.24067796610169492 0.2140625 0.3728813559322034 0.0359375
14 0.25084745762711863 0.1546875 0.3898305084745763 0.0203125
14 0.7593220338983051 0.1546875 0.3525423728813559 0.0171875
8 0.9288135593220339 0.2125 0.04745762711864407 0.021875
14 0.4610169491525424 0.3140625 0.8101694915254237 0.065625
14 0.1152542372881356 0.3765625 0.1288135593220339 0.0203125
14 0.29491525423728815 0.3765625 0.0847457627118644 0.0125
6 0.22372881355932203 0.375 0.01694915254237288 0.009375
7 0.5016949152542373 0.528125 0.8983050847457628 0.2328125
14 0.26440677966101694 0.7046875 0.3694915254237288 0.0453125
14 0.7254237288135593 0.703125 0.3694915254237288 0.046875
14 0.17288135593220338 0.7546875 0.18305084745762712 0.01875
14 0.5898305084745763 0.7546875 0.09830508474576272 0.015625
14 0.17627118644067796 0.7765625 0.12542372881355932 0.0125
14 0.6406779661016949 0.7765625 0.12542372881355932 0.015625
6 0.09152542372881356 0.7765625 0.013559322033898305 0.0125
6 0.5559322033898305 0.7765625 0.013559322033898305 0.009375
16 0.8067796610169492 0.8546875 0.29152542372881357 0.0375
6 0.9254237288135593 0.8140625 0.023728813559322035 0.0109375
1 0.5 0.94453125 1 0.1078125
16 0.09830508474576272 0.925 0.04745762711864407 0.046875
16 0.2983050847457627 0.9234375 0.05084745762711865 0.0484375
16 0.5016949152542373 0.925 0.09491525423728814 0.046875
16 0.6983050847457627 0.925 0.1016949152542373 0.0484375
16 0.9016949152542373 0.925 0.0847457627118644 0.05
16 0.6508474576271186 0.215625 0.39661016949152544 0.0359375
14 0.6271186440677966 0.215625 0.29491525423728815 0.0140625
7 0.8 0.215625 0.04067796610169491 0.0171875
14 0.5559322033898305 0.0796875 0.13898305084745763 0.0109375
7 0.6644067796610169 0.0953125 0.06440677966101695 0.0375
14 0.8338983050847457 0.8546875 0.14576271186440679 0.0125
7 0.7254237288135593 0.853125 0.03728813559322034 0.0203125
6 0.8983050847457628 0.9125 0.04067796610169491 0.0234375
6 0.6983050847457627 0.9125 0.05423728813559322 0.025
6 0.49830508474576274 0.9140625 0.05084745762711865 0.0234375
14 0.9016949152542373 0.9421875 0.0847457627118644 0.0125
14 0.6983050847457627 0.9421875 0.1016949152542373 0.0125
14 0.49830508474576274 0.9421875 0.09830508474576272 0.0109375
14 0.2983050847457627 0.9421875 0.05084745762711865 0.0125
6 0.2983050847457627 0.9125 0.05084745762711865 0.028125
6 0.09830508474576272 0.9125 0.04745762711864407 0.0234375
14 0.09830508474576272 0.9421875 0.023728813559322035 0.0125