9 0.5084745762711864 0.4078125 0.9050847457627119 0.303125
2 0.5016949152542373 0.5046875 0.9050847457627119 0.1078125
2 0.5050847457627119 0.3765625 0.9084745762711864 0.09375
2 0.5050847457627119 0.2828125 0.9050847457627119 0.059375
18 0.5 0.02578125 1 0.0515625
17 0.5 0.0828125 1 0.059375
6 0.06779661016949153 0.08125 0.04406779661016949 0.0234375
14 0.13559322033898305 0.1421875 0.15593220338983052 0.0265625
15 0.1423728813559322 0.1984375 0.15932203389830507 0.034375
14 0.1423728813559322 0.1984375 0.0847457627118644 0.015625
14 0.3016949152542373 0.1984375 0.05423728813559322 0.0140625
14 0.44745762711864406 0.1984375 0.061016949152542375 0.015625
14 0.6237288135593221 0.2 0.11186440677966102 0.015625
14 0.14576271186440679 0.2828125 0.09152542372881356 0.01875
14 0.8101694915254237 0.2828125 0.18983050847457628 0.015625
14 0.29152542372881357 0.3796875 0.38305084745762713 0.0421875
14 0.7762711864406779 0.3671875 0.18305084745762712 0.015625
14 0.2033898305084746 0.4890625 0.20677966101694914 0.015625
14 0.3016949152542373 0.5171875 0.4 0.0125
15 0.3694915254237288 0.4890625 0.10847457627118644 0.0203125
14 0.3728813559322034 0.4890625 0.08135593220338982 0.0125
14 0.7864406779661017 0.4890625 0.15932203389830507 0.01875
6 0.8915254237288136 0.4890625 0.013559322033898305 0.0125
6 0.8915254237288136 0.365625 0.013559322033898305 0.0125
14 0.3898305084745763 0.6109375 0.1152542372881356 0.0171875
14 0.6203389830508474 0.6109375 0.11186440677966102 0.015625