18 0.5 0.02265625 1 0.0453125
16 0.12203389830508475 0.16875 0.12203389830508475 0.0625
16 0.376271186440678 0.16875 0.08813559322033898 0.0625
16 0.6237288135593221 0.1703125 0.08135593220338982 0.0609375
16 0.8745762711864407 0.16875 0.07457627118644068 0.0625
16 0.12542372881355932 0.271875 0.12542372881355932 0.065625
16 0.376271186440678 0.2703125 0.10508474576271186 0.0625
16 0.6271186440677966 0.2703125 0.09152542372881356 0.065625
16 0.8745762711864407 0.2703125 0.07796610169491526 0.0640625
16 0.1152542372881356 0.4015625 0.13898305084745763 0.0953125
16 0.3254237288135593 0.4015625 0.1423728813559322 0.0953125
16 0.5389830508474577 0.4015625 0.14576271186440679 0.0984375
16 0.752542372881356 0.4 0.14576271186440679 0.096875
16 0.14576271186440679 0.6203125 0.13559322033898305 0.0984375
16 0.37966101694915255 0.61875 0.13220338983050847 0.096875
16 0.6237288135593221 0.61875 0.10508474576271186 0.0984375
16 0.864406779661017 0.61875 0.1423728813559322 0.0984375
16 0.1423728813559322 0.7546875 0.14915254237288136 0.0828125
16 0.3864406779661017 0.7515625 0.1288135593220339 0.0921875
16 0.6237288135593221 0.7515625 0.16610169491525423 0.09375
16 0.8610169491525423 0.75 0.11864406779661017 0.0921875
16 0.1423728813559322 0.8765625 0.1423728813559322 0.1
16 0.37966101694915255 0.8796875 0.12203389830508475 0.0890625
16 0.6203389830508474 0.8765625 0.1694915254237288 0.0984375
16 0.8610169491525423 0.8796875 0.13559322033898305 0.09375
14 0.13559322033898305 0.071875 0.15932203389830507 0.021875
14 0.12203389830508475 0.1921875 0.12203389830508475 0.0109375
14 0.376271186440678 0.1921875 0.0847457627118644 0.0140625
14 0.6271186440677966 0.1921875 0.04067796610169491 0.015625
14 0.8745762711864407 0.1921875 0.030508474576271188 0.015625
14 0.12542372881355932 0.296875 0.12542372881355932 0.0140625
14 0.37966101694915255 0.296875 0.10508474576271186 0.0140625
14 0.6271186440677966 0.2953125 0.09152542372881356 0.0140625
14 0.8745762711864407 0.2953125 0.04406779661016949 0.0140625
14 0.1152542372881356 0.4421875 0.10508474576271186 0.015625
14 0.3288135593220339 0.440625 0.11186440677966102 0.0140625
14 0.5423728813559322 0.440625 0.13559322033898305 0.0171875
14 0.752542372881356 0.440625 0.14915254237288136 0.015625
14 0.1288135593220339 0.5171875 0.16271186440677965 0.01875
14 0.1423728813559322 0.6625 0.12542372881355932 0.0140625
14 0.37966101694915255 0.6609375 0.1288135593220339 0.0125
14 0.6203389830508474 0.6609375 0.04745762711864407 0.015625
14 0.8610169491525423 0.6609375 0.04745762711864407 0.015625
14 0.1423728813559322 0.7890625 0.13898305084745763 0.015625
14 0.38305084745762713 0.7890625 0.11864406779661017 0.0140625
14 0.6237288135593221 0.7890625 0.16610169491525423 0.0140625
14 0.8610169491525423 0.790625 0.1152542372881356 0.0140625
14 0.1423728813559322 0.9171875 0.13898305084745763 0.015625
14 0.38305084745762713 0.915625 0.05084745762711865 0.015625
14 0.6237288135593221 0.9171875 0.1694915254237288 0.015625
14 0.8610169491525423 0.91875 0.1288135593220339 0.0171875
7 0.1423728813559322 0.859375 0.1152542372881356 0.065625
7 0.37966101694915255 0.859375 0.12542372881355932 0.0484375
7 0.6203389830508474 0.859375 0.13220338983050847 0.0625
7 0.8576271186440678 0.859375 0.11186440677966102 0.053125
7 0.13898305084745763 0.73125 0.15254237288135594 0.0359375
7 0.3864406779661017 0.7296875 0.13559322033898305 0.0515625
7 0.6203389830508474 0.7328125 0.10847457627118644 0.0578125
7 0.864406779661017 0.73125 0.11864406779661017 0.0578125
7 0.864406779661017 0.603125 0.1423728813559322 0.06875
7 0.6237288135593221 0.603125 0.10508474576271186 0.06875
7 0.38305084745762713 0.603125 0.1152542372881356 0.065625
7 0.1423728813559322 0.6046875 0.11864406779661017 0.065625
7 0.11864406779661017 0.3859375 0.1423728813559322 0.0671875
7 0.3254237288135593 0.3859375 0.14576271186440679 0.065625
7 0.5389830508474577 0.3859375 0.14576271186440679 0.065625
7 0.752542372881356 0.3859375 0.1423728813559322 0.0671875
6 0.12542372881355932 0.25625 0.07796610169491526 0.0328125
6 0.376271186440678 0.2578125 0.08813559322033898 0.0375
6 0.6237288135593221 0.25625 0.07457627118644068 0.0375
6 0.8745762711864407 0.2578125 0.07457627118644068 0.0359375
6 0.8745762711864407 0.153125 0.07457627118644068 0.03125
6 0.6271186440677966 0.1546875 0.08135593220338982 0.03125
6 0.376271186440678 0.1546875 0.0847457627118644 0.03125
6 0.12203389830508475 0.1546875 0.07457627118644068 0.03125
6 0.7966101694915254 0.0703125 0.06440677966101695 0.0265625
6 0.9050847457627119 0.0703125 0.05423728813559322 0.0296875