18 0.5 0.021875 1 0.04375
17 0.5 0.06796875 1 0.0453125
7 0.5016949152542373 0.2265625 0.9084745762711864 0.25
14 0.3423728813559322 0.3015625 0.49491525423728816 0.053125
14 0.8610169491525423 0.31875 0.05084745762711865 0.015625
14 0.28135593220338984 0.403125 0.1423728813559322 0.021875
14 0.4033898305084746 0.403125 0.061016949152542375 0.009375
7 0.10847457627118644 0.403125 0.1016949152542373 0.05
2 0.5016949152542373 0.4859375 0.9084745762711864 0.0734375
11 0.5 0.584375 1 0.0625
16 0.18983050847457628 0.7109375 0.3016949152542373 0.059375
16 0.4745762711864407 0.7109375 0.23389830508474577 0.05625
16 0.7593220338983051 0.7109375 0.3016949152542373 0.0578125
5 0.5016949152542373 0.778125 0.9152542372881356 0.0421875
6 0.1016949152542373 0.0671875 0.05423728813559322 0.0203125
6 0.6508474576271186 0.06875 0.06440677966101695 0.028125
6 0.7830508474576271 0.0671875 0.05084745762711865 0.0265625
6 0.9288135593220339 0.0640625 0.07457627118644068 0.03125
14 0.9186440677966101 0.41875 0.07457627118644068 0.0140625
6 0.9186440677966101 0.3953125 0.05084745762711865 0.0234375
6 0.8915254237288136 0.4859375 0.013559322033898305 0.0140625
6 0.376271186440678 0.475 0.02711864406779661 0.0125
8 0.9186440677966101 0.6390625 0.07796610169491526 0.0390625
6 0.12203389830508475 0.778125 0.03728813559322034 0.0203125
14 0.23389830508474577 0.8546875 0.3694915254237288 0.0203125
14 0.288135593220339 0.778125 0.23728813559322035 0.0171875
14 0.24067796610169492 0.7109375 0.13220338983050847 0.034375
14 0.5254237288135594 0.7109375 0.0711864406779661 0.034375
14 0.8067796610169492 0.7125 0.13559322033898305 0.0359375
7 0.10508474576271186 0.7109375 0.1016949152542373 0.046875
7 0.42033898305084744 0.7109375 0.1016949152542373 0.0484375
7 0.6711864406779661 0.7109375 0.1016949152542373 0.046875
14 0.09830508474576272 0.6390625 0.10847457627118644 0.01875
14 0.2271186440677966 0.640625 0.0711864406779661 0.0171875
14 0.3389830508474576 0.640625 0.0711864406779661 0.0171875
14 0.46779661016949153 0.640625 0.10847457627118644 0.0171875
14 0.6949152542372882 0.640625 0.2677966101694915 0.015625
14 0.24745762711864408 0.584375 0.0711864406779661 0.0171875
14 0.752542372881356 0.584375 0.0711864406779661 0.015625
14 0.20677966101694914 0.4734375 0.24067796610169492 0.015625
14 0.43050847457627117 0.475 0.06779661016949153 0.0109375
14 0.2033898305084746 0.5 0.22372881355932203 0.0140625
14 0.8 0.4859375 0.1288135593220339 0.0140625