1 0.5 0.89765625 1 0.0765625
18 0.5 0.02265625 1 0.0453125
17 0.5 0.07265625 1 0.0515625
11 0.5 0.128125 1 0.059375
7 0.5016949152542373 0.3875 0.9966101694915255 0.459375
6 0.0847457627118644 0.0703125 0.08813559322033898 0.0359375
6 0.8135593220338984 0.065625 0.061016949152542375 0.0265625
6 0.9322033898305084 0.0703125 0.07457627118644068 0.0375
14 0.5016949152542373 0.0671875 0.26440677966101694 0.021875
14 0.08813559322033898 0.078125 0.05423728813559322 0.0109375
14 0.9457627118644067 0.0796875 0.013559322033898305 0.0109375
14 0.13220338983050847 0.1296875 0.15932203389830507 0.0171875
14 0.30847457627118646 0.128125 0.04745762711864407 0.0171875
14 0.43050847457627117 0.1296875 0.05084745762711865 0.0140625
14 0.5525423728813559 0.128125 0.0576271186440678 0.0171875
14 0.688135593220339 0.1296875 0.0847457627118644 0.0140625
14 0.8305084745762712 0.128125 0.061016949152542375 0.015625
14 0.39322033898305087 0.528125 0.6949152542372882 0.028125
14 0.2440677966101695 0.56875 0.4 0.015625
14 0.888135593220339 0.56875 0.12203389830508475 0.0125
14 0.288135593220339 0.64375 0.4847457627118644 0.01875
16 0.11864406779661017 0.7359375 0.15254237288135594 0.0921875
16 0.2983050847457627 0.7359375 0.14576271186440679 0.0921875
16 0.48135593220338985 0.7359375 0.1423728813559322 0.0921875
16 0.6610169491525424 0.7359375 0.14576271186440679 0.0890625
16 0.8406779661016949 0.7359375 0.14576271186440679 0.0921875
16 0.1016949152542373 0.903125 0.08135593220338982 0.0484375
16 0.3016949152542373 0.9015625 0.05423728813559322 0.0484375
16 0.5016949152542373 0.9015625 0.05084745762711865 0.05
16 0.7016949152542373 0.9015625 0.061016949152542375 0.0484375
16 0.9016949152542373 0.9 0.0576271186440678 0.0484375
7 0.11864406779661017 0.7234375 0.14576271186440679 0.06875
7 0.2983050847457627 0.7234375 0.14576271186440679 0.0671875
7 0.48135593220338985 0.7234375 0.1423728813559322 0.06875
7 0.6610169491525424 0.725 0.14915254237288136 0.0671875
7 0.8406779661016949 0.7234375 0.1423728813559322 0.0671875
7 0.11864406779661017 0.834375 0.14915254237288136 0.0546875
7 0.3016949152542373 0.834375 0.1423728813559322 0.05625
7 0.47796610169491527 0.834375 0.14576271186440679 0.053125
7 0.6610169491525424 0.834375 0.14915254237288136 0.0546875
7 0.8406779661016949 0.8328125 0.14915254237288136 0.053125
8 0.9186440677966101 0.66875 0.10847457627118644 0.0515625
8 0.9186440677966101 0.7390625 0.10847457627118644 0.05
15 0.9186440677966101 0.809375 0.11186440677966102 0.0515625
14 0.9186440677966101 0.8109375 0.0576271186440678 0.0171875
14 0.09830508474576272 0.9203125 0.08135593220338982 0.009375
14 0.3016949152542373 0.9203125 0.04067796610169491 0.0125
14 0.5016949152542373 0.9203125 0.023728813559322035 0.0140625
14 0.7016949152542373 0.9203125 0.05423728813559322 0.0125
14 0.9016949152542373 0.91875 0.04067796610169491 0.0109375
14 0.12203389830508475 0.775 0.13898305084745763 0.015625
14 0.2983050847457627 0.775 0.11186440677966102 0.0140625
14 0.47796610169491527 0.775 0.0847457627118644 0.0140625
14 0.6610169491525424 0.775 0.05084745762711865 0.0140625
14 0.8406779661016949 0.7734375 0.0847457627118644 0.0140625
6 0.1016949152542373 0.890625 0.07457627118644068 0.0265625
6 0.3016949152542373 0.8921875 0.05084745762711865 0.025
6 0.5016949152542373 0.890625 0.05084745762711865 0.028125
6 0.7016949152542373 0.890625 0.061016949152542375 0.025
6 0.9016949152542373 0.8890625 0.05084745762711865 0.025