2 0.5 0.3109375 0.9155405405405406 0.2171875
15 0.2702702702702703 0.3953125 0.4560810810810811 0.046875
7 0.7635135135135135 0.16875 0.46283783783783783 0.0890625
15 0.6756756756756757 0.3171875 0.10472972972972973 0.0296875
1 0.5 0.93125 1 0.103125
16 0.11824324324324324 0.921875 0.1554054054054054 0.0515625
18 0.5 0.0296875 0.9966216216216216 0.0578125
17 0.5 0.0890625 1 0.059375
16 0.125 0.0875 0.14864864864864866 0.0328125
15 0.30743243243243246 0.0828125 0.1891891891891892 0.04375
6 0.597972972972973 0.0859375 0.05405405405405406 0.025
6 0.7027027027027027 0.0859375 0.05067567567567568 0.025
6 0.8141891891891891 0.0859375 0.05405405405405406 0.025
6 0.918918918918919 0.0859375 0.05067567567567568 0.0203125
14 0.2635135135135135 0.15 0.3885135135135135 0.01875
7 0.14189189189189189 0.24375 0.09797297297297297 0.05
14 0.33783783783783783 0.2359375 0.26013513513513514 0.0171875
14 0.36486486486486486 0.2625 0.32094594594594594 0.0140625
6 0.6486486486486487 0.2484375 0.037162162162162164 0.009375
6 0.8074324324324325 0.2484375 0.05067567567567568 0.021875
6 0.8986486486486487 0.2484375 0.010135135135135136 0.021875
14 0.44256756756756754 0.31875 0.3277027027027027 0.0296875
14 0.6756756756756757 0.315625 0.060810810810810814 0.015625
14 0.2939189189189189 0.3875 0.16216216216216217 0.0203125
15 0.7297297297297297 0.3953125 0.4527027027027027 0.046875
14 0.7027027027027027 0.3875 0.08108108108108109 0.0203125
14 0.4966216216216216 0.4453125 0.19932432432432431 0.0140625
8 0.11486486486486487 0.5125 0.12837837837837837 0.0609375
8 0.32432432432432434 0.5125 0.12837837837837837 0.0609375
8 0.5371621621621622 0.5125 0.125 0.0609375
8 0.75 0.5125 0.12837837837837837 0.0609375
14 0.9155405405405406 0.5140625 0.060810810810810814 0.0359375
14 0.75 0.5625 0.11148648648648649 0.0140625
14 0.5371621621621622 0.5625 0.11148648648648649 0.0140625
14 0.32432432432432434 0.5625 0.11148648648648649 0.0140625
14 0.11148648648648649 0.5625 0.11486486486486487 0.0140625
2 0.5 0.6515625 0.9155405405405406 0.1078125
14 0.11824324324324324 0.6109375 0.09121621621621621 0.0140625
14 0.2702702702702703 0.659375 0.35135135135135137 0.04375
6 0.7668918918918919 0.728125 0.02027027027027027 0.0109375
14 0.8614864864864865 0.728125 0.0777027027027027 0.015625
14 0.09797297297297297 0.7453125 0.10810810810810811 0.0171875
2 0.5 0.8234375 0.9155405405405406 0.1109375
14 0.28378378378378377 0.8 0.38513513513513514 0.0125
14 0.38513513513513514 0.840625 0.3716216216216216 0.03125
6 0.12162162162162163 0.909375 0.060810810810810814 0.0265625
14 0.11824324324324324 0.9390625 0.1554054054054054 0.015625
16 0.30743243243243246 0.9203125 0.12837837837837837 0.0515625
6 0.3108108108108108 0.9078125 0.057432432432432436 0.0265625
14 0.30743243243243246 0.9390625 0.12837837837837837 0.0140625
16 0.5 0.921875 0.06418918918918919 0.05
6 0.5033783783783784 0.9078125 0.05405405405405406 0.0234375
14 0.5 0.9390625 0.06418918918918919 0.015625
16 0.6891891891891891 0.9203125 0.0945945945945946 0.053125
14 0.6891891891891891 0.9390625 0.09121621621621621 0.015625
6 0.6925675675675675 0.9078125 0.057432432432432436 0.0265625
16 0.8783783783783784 0.9203125 0.0945945945945946 0.053125
6 0.8783783783783784 0.9078125 0.057432432432432436 0.0265625
14 0.8783783783783784 0.9390625 0.0945945945945946 0.015625
7 0.13175675675675674 0.8359375 0.0945945945945946 0.040625
6 0.11148648648648649 0.5125 0.07094594594594594 0.0328125
6 0.32432432432432434 0.5125 0.08108108108108109 0.034375
6 0.5371621621621622 0.5125 0.06756756756756757 0.034375
6 0.75 0.5125 0.0777027027027027 0.034375
6 0.09797297297297297 0.0890625 0.033783783783783786 0.0171875
14 0.15202702702702703 0.0890625 0.04391891891891892 0.0125
14 0.30405405405405406 0.0890625 0.12837837837837837 0.015625
14 0.3547297297297297 0.06875 0.057432432432432436 0.009375
7 0.7297297297297297 0.65625 0.4560810810810811 0.0984375