18 0.5 0.01953125 1 0.0390625
17 0.5 0.0703125 1 0.059375
7 0.5 0.33125 1 0.4625
15 0.5016949152542373 0.8921875 0.911864406779661 0.0609375
14 0.5016949152542373 0.8921875 0.14915254237288136 0.01875
14 0.1864406779661017 0.796875 0.2711864406779661 0.0328125
14 0.49491525423728816 0.6828125 0.8983050847457628 0.0546875
14 0.24745762711864408 0.740625 0.39661016949152544 0.0265625
14 0.2677966101694915 0.590625 0.46779661016949153 0.015625
16 0.8338983050847457 0.590625 0.2677966101694915 0.040625
14 0.864406779661017 0.590625 0.1288135593220339 0.0140625
14 0.49830508474576274 0.06875 0.49830508474576274 0.0234375
6 0.05423728813559322 0.0671875 0.03728813559322034 0.0265625
6 0.14915254237288136 0.06875 0.06440677966101695 0.028125
6 0.8338983050847457 0.06875 0.06779661016949153 0.0296875
6 0.9322033898305084 0.0640625 0.08813559322033898 0.0390625
6 0.7627118644067796 0.590625 0.03728813559322034 0.0203125
6 0.47796610169491527 0.7390625 0.02711864406779661 0.0125
6 0.823728813559322 0.7921875 0.04067796610169491 0.021875
6 0.9220338983050848 0.7921875 0.05423728813559322 0.0203125