18 0.5 0.02265625 1 0.0453125
17 0.5 0.0765625 1 0.059375
0 0.5 0.36328125 1 0.5171875
7 0.2576271186440678 0.8328125 0.4033898305084746 0.18125
7 0.6847457627118644 0.8328125 0.4067796610169492 0.184375
8 0.911864406779661 0.8859375 0.10847457627118644 0.0515625
14 0.11864406779661017 0.715625 0.11864406779661017 0.0203125
6 0.9288135593220339 0.7140625 0.013559322033898305 0.0140625
14 0.8610169491525423 0.7140625 0.08813559322033898 0.0140625
6 0.21694915254237288 0.7140625 0.03728813559322034 0.0171875
6 0.08135593220338982 0.0703125 0.06440677966101695 0.0234375
6 0.8 0.0703125 0.05423728813559322 0.0296875
6 0.9152542372881356 0.06875 0.05423728813559322 0.0296875
14 0.9016949152542373 0.2203125 0.061016949152542375 0.015625
6 0.9050847457627119 0.190625 0.08135593220338982 0.034375
14 0.1864406779661017 0.18125 0.24745762711864408 0.0140625
14 0.37966101694915255 0.2234375 0.6237288135593221 0.034375
14 0.4440677966101695 0.2875 0.7593220338983051 0.0453125
14 0.10508474576271186 0.33125 0.08135593220338982 0.0125
7 0.39322033898305087 0.46875 0.6644067796610169 0.1765625
14 0.19661016949152543 0.5375 0.22372881355932203 0.015625