18 0.5 0.02890625 1 0.0546875
17 0.5 0.12578125 1 0.0765625
5 0.5016949152542373 0.2109375 0.9220338983050848 0.0546875
6 0.7830508474576271 0.1265625 0.05084745762711865 0.025
6 0.9152542372881356 0.1265625 0.04745762711864407 0.0234375
6 0.9084745762711864 0.203125 0.05423728813559322 0.025
14 0.18983050847457628 0.1265625 0.2847457627118644 0.0296875
2 0.5016949152542373 0.5078125 0.9254237288135593 0.35625
7 0.5016949152542373 0.390625 0.9254237288135593 0.1203125
14 0.11186440677966102 0.4828125 0.0576271186440678 0.0203125
14 0.46440677966101696 0.5296875 0.7728813559322034 0.05625
14 0.488135593220339 0.5984375 0.8305084745762712 0.0421875
14 0.13559322033898305 0.65625 0.11864406779661017 0.0171875
1 0.5 0.93046875 1 0.0578125
16 0.12542372881355932 0.934375 0.0576271186440678 0.0453125
16 0.376271186440678 0.934375 0.0847457627118644 0.04375
16 0.6271186440677966 0.9328125 0.0576271186440678 0.0453125
16 0.8779661016949153 0.9328125 0.06440677966101695 0.0453125
14 0.1423728813559322 0.2734375 0.19322033898305085 0.01875
14 0.8847457627118644 0.275 0.15254237288135594 0.0203125
14 0.09830508474576272 0.0734375 0.14576271186440679 0.015625
14 0.31186440677966104 0.071875 0.10847457627118644 0.0125
14 0.511864406779661 0.071875 0.09152542372881356 0.0140625
14 0.6474576271186441 0.071875 0.11864406779661017 0.0125
14 0.8440677966101695 0.071875 0.09830508474576272 0.0140625
6 0.7627118644067796 0.0734375 0.03728813559322034 0.0109375
6 0.2271186440677966 0.071875 0.03728813559322034 0.0109375
14 0.26101694915254237 0.2015625 0.423728813559322 0.0203125
6 0.12542372881355932 0.9234375 0.05423728813559322 0.025
14 0.12542372881355932 0.9515625 0.04067796610169491 0.009375
6 0.376271186440678 0.925 0.0576271186440678 0.025
14 0.376271186440678 0.95 0.0847457627118644 0.009375
6 0.6271186440677966 0.9234375 0.0576271186440678 0.028125
14 0.6271186440677966 0.95 0.04067796610169491 0.009375
6 0.8779661016949153 0.9234375 0.06440677966101695 0.028125
14 0.8779661016949153 0.95 0.04067796610169491 0.009375
7 0.5016949152542373 0.821875 0.8610169491525423 0.159375