2 0.5033783783783784 0.41875 0.8817567567567568 0.3359375
1 0.5 0.95 1 0.0984375
18 0.5 0.028125 1 0.0546875
7 0.7804054054054054 0.1515625 0.4358108108108108 0.1671875
14 0.2972972972972973 0.134375 0.5 0.053125
14 0.125 0.20625 0.1554054054054054 0.015625
6 0.22297297297297297 0.2078125 0.016891891891891893 0.0140625
14 0.5 0.2890625 0.38175675675675674 0.0171875
16 0.16891891891891891 0.3453125 0.0777027027027027 0.053125
16 0.3344594594594595 0.3453125 0.057432432432432436 0.05
16 0.5 0.346875 0.07432432432432433 0.0484375
16 0.6655405405405406 0.346875 0.06756756756756757 0.05
16 0.831081081081081 0.3453125 0.07094594594594594 0.0515625
16 0.16891891891891891 0.4203125 0.05405405405405406 0.0515625
16 0.3344594594594595 0.4203125 0.06418918918918919 0.053125
16 0.5 0.4203125 0.057432432432432436 0.0515625
16 0.6655405405405406 0.4203125 0.07432432432432433 0.05
16 0.831081081081081 0.4203125 0.07094594594594594 0.05
16 0.16891891891891891 0.4953125 0.06756756756756757 0.0515625
16 0.3344594594594595 0.4953125 0.10810810810810811 0.0515625
16 0.5 0.4953125 0.06418918918918919 0.05
16 0.668918918918919 0.496875 0.10135135135135136 0.0515625
14 0.5 0.5609375 0.14864864864864866 0.0140625
8 0.5 0.5828125 0.05405405405405406 0.0234375
6 0.16891891891891891 0.334375 0.06756756756756757 0.03125
6 0.3344594594594595 0.334375 0.057432432432432436 0.028125
6 0.5 0.334375 0.07432432432432433 0.028125
6 0.6655405405405406 0.334375 0.06756756756756757 0.028125
6 0.831081081081081 0.334375 0.07094594594594594 0.03125
6 0.831081081081081 0.409375 0.07094594594594594 0.028125
6 0.6655405405405406 0.409375 0.07094594594594594 0.028125
6 0.5 0.409375 0.05405405405405406 0.03125
6 0.3344594594594595 0.409375 0.060810810810810814 0.03125
6 0.3344594594594595 0.484375 0.06418918918918919 0.0265625
6 0.5 0.484375 0.06418918918918919 0.0265625
6 0.6655405405405406 0.484375 0.07432432432432433 0.0265625
6 0.16891891891891891 0.4828125 0.06418918918918919 0.03125
6 0.16891891891891891 0.409375 0.05405405405405406 0.0296875
14 0.16891891891891891 0.3640625 0.0777027027027027 0.015625
14 0.3344594594594595 0.3640625 0.05067567567567568 0.0125
14 0.5 0.3640625 0.05067567567567568 0.0125
14 0.6655405405405406 0.3640625 0.05405405405405406 0.0140625
14 0.831081081081081 0.3640625 0.0472972972972973 0.0125
14 0.16891891891891891 0.4390625 0.05067567567567568 0.0140625
14 0.3344594594594595 0.4390625 0.037162162162162164 0.0125
14 0.5033783783783784 0.4390625 0.05067567567567568 0.0140625
14 0.668918918918919 0.4390625 0.04054054054054054 0.0125
14 0.831081081081081 0.4390625 0.05067567567567568 0.0125
14 0.17229729729729729 0.5140625 0.05067567567567568 0.0125
14 0.3344594594594595 0.5140625 0.10810810810810811 0.0140625
14 0.5 0.5140625 0.05405405405405406 0.0125
14 0.668918918918919 0.5140625 0.10472972972972973 0.0140625
14 0.4560810810810811 0.640625 0.46283783783783783 0.0171875
16 0.5033783783783784 0.6390625 0.8851351351351351 0.0578125
6 0.7432432432432432 0.640625 0.060810810810810814 0.025
14 0.16891891891891891 0.734375 0.2195945945945946 0.040625
2 0.5033783783783784 0.834375 0.8885135135135135 0.13125
14 0.27702702702702703 0.8265625 0.3614864864864865 0.0390625
14 0.15878378378378377 0.8625 0.13851351351351351 0.015625
7 0.8108108108108109 0.8328125 0.18243243243243243 0.0765625
16 0.10135135135135136 0.9328125 0.05067567567567568 0.0453125
16 0.30067567567567566 0.9328125 0.057432432432432436 0.0453125
16 0.5 0.934375 0.060810810810810814 0.0453125
16 0.6993243243243243 0.934375 0.09797297297297297 0.04375
16 0.902027027027027 0.934375 0.057432432432432436 0.0421875
6 0.10135135135135136 0.9234375 0.05067567567567568 0.025
6 0.30067567567567566 0.9234375 0.05405405405405406 0.0265625
6 0.5 0.9234375 0.057432432432432436 0.025
6 0.6993243243243243 0.9234375 0.0472972972972973 0.025
6 0.902027027027027 0.925 0.05405405405405406 0.0203125
14 0.8986486486486487 0.95 0.0472972972972973 0.0125
14 0.6993243243243243 0.95 0.09797297297297297 0.0125
14 0.5 0.95 0.0472972972972973 0.0125
14 0.30067567567567566 0.95 0.05067567567567568 0.0125
14 0.09797297297297297 0.9484375 0.02364864864864865 0.0125