18 0.5 0.0234375 1 0.046875
17 0.5 0.0734375 1 0.053125
5 0.5728813559322034 0.071875 0.3525423728813559 0.0453125
11 0.5 0.13515625 1 0.0609375
7 0.5 0.41953125 1 0.5078125
16 0.13220338983050847 0.7671875 0.17966101694915254 0.1125
16 0.34915254237288135 0.7671875 0.17627118644067796 0.1125
16 0.559322033898305 0.778125 0.17966101694915254 0.1328125
16 0.7661016949152543 0.7765625 0.17966101694915254 0.128125
1 0.5016949152542373 0.9046875 0.9966101694915255 0.0859375
16 0.09830508474576272 0.9078125 0.09830508474576272 0.04375
16 0.3016949152542373 0.9078125 0.09830508474576272 0.04375
16 0.7016949152542373 0.9078125 0.06440677966101695 0.04375
16 0.9016949152542373 0.909375 0.07457627118644068 0.040625
15 0.5016949152542373 0.8953125 0.1423728813559322 0.0671875
14 0.09830508474576272 0.9234375 0.09491525423728814 0.0125
14 0.2983050847457627 0.925 0.09491525423728814 0.0140625
14 0.5050847457627119 0.896875 0.08813559322033898 0.01875
14 0.7016949152542373 0.9234375 0.04067796610169491 0.0109375
14 0.9016949152542373 0.925 0.0711864406779661 0.0125
6 0.09830508474576272 0.8984375 0.06440677966101695 0.021875
6 0.3016949152542373 0.8984375 0.061016949152542375 0.025
6 0.7016949152542373 0.8984375 0.06440677966101695 0.025
6 0.9016949152542373 0.9015625 0.07457627118644068 0.0203125
14 0.13559322033898305 0.8140625 0.09491525423728814 0.015625
14 0.34915254237288135 0.815625 0.12203389830508475 0.0140625
14 0.5559322033898305 0.825 0.11864406779661017 0.034375
14 0.7694915254237288 0.825 0.16610169491525423 0.0328125
7 0.13220338983050847 0.753125 0.18305084745762712 0.084375
7 0.34915254237288135 0.753125 0.17288135593220338 0.0890625
7 0.559322033898305 0.753125 0.17966101694915254 0.0828125
7 0.7661016949152543 0.7546875 0.18305084745762712 0.0828125
14 0.49830508474576274 0.5265625 0.31186440677966104 0.0765625
14 0.5016949152542373 0.5984375 0.6203389830508474 0.0171875
14 0.6677966101694915 0.65625 0.09830508474576272 0.0140625
14 0.8338983050847457 0.65625 0.11864406779661017 0.0125
6 0.5694915254237288 0.6546875 0.023728813559322035 0.01875
6 0.9186440677966101 0.65625 0.020338983050847456 0.015625
6 0.6915254237288135 0.071875 0.05423728813559322 0.025
6 0.823728813559322 0.071875 0.05084745762711865 0.028125
6 0.9220338983050848 0.071875 0.0576271186440678 0.0234375
6 0.3152542372881356 0.0703125 0.04406779661016949 0.01875
14 0.06440677966101695 0.1359375 0.030508474576271188 0.01875
14 0.17288135593220338 0.1359375 0.07457627118644068 0.015625
14 0.31864406779661014 0.1359375 0.10847457627118644 0.015625
14 0.46440677966101696 0.1359375 0.06440677966101695 0.0171875
14 0.5898305084745763 0.1359375 0.0711864406779661 0.0171875
14 0.7186440677966102 0.1359375 0.06779661016949153 0.01875
14 0.8983050847457628 0.1359375 0.17288135593220338 0.0171875
14 0.16271186440677965 0.071875 0.24067796610169492 0.021875