18 0.5 0.0171875 1 0.034375
7 0.5 0.2453125 1 0.41875
12 0.49830508474576274 0.4171875 0.21016949152542372 0.0171875
11 0.5 0.49921875 1 0.0609375
8 0.1694915254237288 0.7796875 0.2135593220338983 0.103125
1 0.5033898305084745 0.8984375 0.9932203389830508 0.084375
16 0.1288135593220339 0.9 0.05423728813559322 0.046875
16 0.3016949152542373 0.8984375 0.10508474576271186 0.046875
16 0.7050847457627119 0.8984375 0.13220338983050847 0.0484375
16 0.8779661016949153 0.8984375 0.10508474576271186 0.0484375
15 0.49830508474576274 0.8875 0.16610169491525423 0.0796875
6 0.1288135593220339 0.890625 0.0576271186440678 0.025
6 0.2983050847457627 0.8859375 0.0576271186440678 0.021875
6 0.7016949152542373 0.8875 0.05084745762711865 0.028125
6 0.8745762711864407 0.8875 0.05423728813559322 0.0234375
14 0.12542372881355932 0.915625 0.030508474576271188 0.0140625
14 0.3016949152542373 0.915625 0.1016949152542373 0.0140625
14 0.49830508474576274 0.8875 0.09491525423728814 0.0390625
14 0.7016949152542373 0.9171875 0.1288135593220339 0.015625
14 0.8745762711864407 0.9171875 0.10508474576271186 0.0140625
16 0.8813559322033898 0.8046875 0.13559322033898305 0.0890625
16 0.6949152542372882 0.7953125 0.14915254237288136 0.1046875
16 0.5050847457627119 0.7953125 0.1423728813559322 0.1046875
14 0.24067796610169492 0.7203125 0.3864406779661017 0.0234375
14 0.6949152542372882 0.840625 0.13559322033898305 0.0171875
14 0.8813559322033898 0.840625 0.10847457627118644 0.015625
14 0.5050847457627119 0.753125 0.09830508474576272 0.0125
14 0.6949152542372882 0.753125 0.10508474576271186 0.0109375
7 0.5050847457627119 0.79375 0.13898305084745763 0.0625
7 0.6983050847457627 0.7921875 0.13898305084745763 0.0609375
7 0.8813559322033898 0.7921875 0.13220338983050847 0.0625
7 0.5016949152542373 0.596875 0.9084745762711864 0.0953125
14 0.8610169491525423 0.625 0.1288135593220339 0.0171875
14 0.3389830508474576 0.6 0.4610169491525424 0.04375
14 0.14915254237288136 0.5 0.1423728813559322 0.021875
14 0.3593220338983051 0.5015625 0.15932203389830507 0.0203125
14 0.511864406779661 0.5 0.03389830508474576 0.021875
14 0.6949152542372882 0.5015625 0.2 0.0203125
14 0.6915254237288135 0.48125 0.15254237288135594 0.0140625
14 0.8847457627118644 0.4171875 0.09830508474576272 0.01875
14 0.2033898305084746 0.2625 0.3152542372881356 0.084375
14 0.16271186440677965 0.3453125 0.15593220338983052 0.021875
14 0.1152542372881356 0.075 0.1423728813559322 0.034375
14 0.1694915254237288 0.14375 0.25084745762711863 0.0359375
14 0.18983050847457628 0.1859375 0.15593220338983052 0.01875
14 0.34915254237288135 0.3453125 0.05084745762711865 0.0171875
6 0.7966101694915254 0.415625 0.04067796610169491 0.021875
8 0.6949152542372882 0.240625 0.10847457627118644 0.053125
6 0.8305084745762712 0.075 0.06440677966101695 0.03125
6 0.9322033898305084 0.0703125 0.08813559322033898 0.0390625
6 0.08135593220338982 0.1859375 0.030508474576271188 0.015625