18 0.5 0.02109375 1 0.0421875
17 0.5 0.075 1 0.059375
7 0.25084745762711863 0.44375 0.43389830508474575 0.196875
7 0.7559322033898305 0.44375 0.43389830508474575 0.2015625
1 0.5016949152542373 0.903125 0.9966101694915255 0.0703125
16 0.13559322033898305 0.903125 0.06440677966101695 0.05
16 0.3152542372881356 0.903125 0.08135593220338982 0.05
16 0.5016949152542373 0.9046875 0.07796610169491526 0.05
16 0.6847457627118644 0.9046875 0.09491525423728814 0.0484375
16 0.8677966101694915 0.903125 0.10847457627118644 0.05
14 0.13220338983050847 0.921875 0.013559322033898305 0.0140625
14 0.31864406779661014 0.921875 0.07796610169491526 0.0125
14 0.5016949152542373 0.921875 0.07457627118644068 0.0125
14 0.6847457627118644 0.921875 0.09152542372881356 0.0140625
14 0.8677966101694915 0.921875 0.10847457627118644 0.0125
14 0.18983050847457628 0.721875 0.28135593220338984 0.0109375
14 0.6915254237288135 0.721875 0.288135593220339 0.0109375
14 0.24745762711864408 0.596875 0.4067796610169492 0.0328125
14 0.7423728813559322 0.596875 0.4033898305084746 0.0328125
14 0.16271186440677965 0.65 0.2440677966101695 0.0375
14 0.6677966101694915 0.65 0.24745762711864408 0.034375
14 0.2745762711864407 0.6890625 0.08135593220338982 0.0140625
14 0.7627118644067796 0.6890625 0.0576271186440678 0.0140625
14 0.11186440677966102 0.3 0.13559322033898305 0.015625
14 0.19661016949152543 0.1359375 0.061016949152542375 0.0171875
14 0.19661016949152543 0.1828125 0.21016949152542372 0.015625
14 0.19661016949152543 0.2296875 0.07457627118644068 0.015625
14 0.5016949152542373 0.1359375 0.10508474576271186 0.015625
14 0.5016949152542373 0.1828125 0.04745762711864407 0.0125
14 0.5050847457627119 0.23125 0.11864406779661017 0.0140625
14 0.8067796610169492 0.1359375 0.13898305084745763 0.0140625
14 0.8033898305084746 0.1828125 0.04406779661016949 0.015625
14 0.8033898305084746 0.23125 0.15932203389830507 0.0140625
14 0.5016949152542373 0.06875 0.14576271186440679 0.0234375
6 0.09830508474576272 0.0671875 0.061016949152542375 0.0296875
6 0.7864406779661017 0.06875 0.0576271186440678 0.028125
6 0.9186440677966101 0.0671875 0.0576271186440678 0.03125
6 0.13220338983050847 0.690625 0.17966101694915254 0.0140625
6 0.6338983050847458 0.6890625 0.17288135593220338 0.0140625
6 0.13220338983050847 0.8921875 0.0576271186440678 0.0296875
6 0.31864406779661014 0.89375 0.07796610169491526 0.0296875
6 0.5016949152542373 0.89375 0.06440677966101695 0.028125
6 0.6847457627118644 0.89375 0.06440677966101695 0.0265625
6 0.8711864406779661 0.89375 0.0711864406779661 0.028125
14 0.2305084745762712 0.2984375 0.030508474576271188 0.0109375