1 0.5 0.90234375 1 0.0765625
16 0.34915254237288135 0.903125 0.06779661016949153 0.0328125
18 0.5 0.02265625 1 0.0453125
17 0.5 0.07734375 1 0.0609375
16 0.12542372881355932 0.1921875 0.22372881355932203 0.103125
16 0.3728813559322034 0.196875 0.12203389830508475 0.0921875
16 0.16610169491525423 0.4015625 0.3288135593220339 0.1
16 0.5016949152542373 0.4015625 0.33220338983050846 0.1
16 0.8338983050847457 0.4015625 0.33220338983050846 0.1
16 0.8338983050847457 0.5015625 0.33220338983050846 0.096875
16 0.49830508474576274 0.5015625 0.33220338983050846 0.0953125
16 0.16610169491525423 0.5015625 0.33220338983050846 0.0953125
6 0.06779661016949153 0.903125 0.061016949152542375 0.0203125
6 0.20677966101694914 0.9046875 0.061016949152542375 0.0265625
14 0.34915254237288135 0.915625 0.0576271186440678 0.009375
6 0.49830508474576274 0.903125 0.061016949152542375 0.0296875
6 0.6542372881355932 0.903125 0.061016949152542375 0.028125
6 0.7932203389830509 0.9015625 0.0576271186440678 0.0265625
6 0.9322033898305084 0.9015625 0.061016949152542375 0.0265625
7 0.2542372881355932 0.7359375 0.4101694915254237 0.196875
7 0.7152542372881356 0.74375 0.41694915254237286 0.20625
14 0.24067796610169492 0.5984375 0.3898305084745763 0.0234375
7 0.16610169491525423 0.384375 0.2305084745762712 0.025
7 0.5050847457627119 0.3828125 0.19322033898305085 0.025
7 0.8338983050847457 0.384375 0.20677966101694914 0.0234375
7 0.8305084745762712 0.4828125 0.07457627118644068 0.034375
7 0.49830508474576274 0.484375 0.1864406779661017 0.0140625
7 0.16271186440677965 0.48125 0.1288135593220339 0.0296875
14 0.1694915254237288 0.425 0.1864406779661017 0.0171875
14 0.49830508474576274 0.425 0.15593220338983052 0.0171875
14 0.8338983050847457 0.4234375 0.08813559322033898 0.0140625
14 0.16610169491525423 0.5234375 0.18305084745762712 0.015625
14 0.49830508474576274 0.5234375 0.08813559322033898 0.0140625
14 0.8338983050847457 0.525 0.14576271186440679 0.0171875
14 0.15593220338983052 0.315625 0.22372881355932203 0.0203125
14 0.12542372881355932 0.234375 0.22033898305084745 0.0171875
14 0.3728813559322034 0.2328125 0.0576271186440678 0.0140625
14 0.3423728813559322 0.071875 0.2677966101694915 0.01875
6 0.8 0.0703125 0.061016949152542375 0.03125
6 0.9016949152542373 0.0703125 0.06779661016949153 0.0328125
7 0.1152542372881356 0.0703125 0.15932203389830507 0.03125
7 0.1288135593220339 0.175 0.06440677966101695 0.0671875
7 0.3694915254237288 0.1765625 0.1152542372881356 0.0515625
6 0.34915254237288135 0.8984375 0.06779661016949153 0.0234375
14 0.8949152542372881 0.6 0.04067796610169491 0.0125
6 0.9355932203389831 0.6 0.02711864406779661 0.0125