18 0.5016949152542373 0.021875 0.9966101694915255 0.0421875
17 0.5 0.06640625 1 0.0453125
14 0.16271186440677965 0.0625 0.2440677966101695 0.0328125
5 0.5898305084745763 0.0625 0.5084745762711864 0.0359375
14 0.44745762711864406 0.0625 0.05423728813559322 0.0171875
6 0.3864406779661017 0.0625 0.04067796610169491 0.0203125
6 0.7898305084745763 0.059375 0.04067796610169491 0.015625
6 0.9186440677966101 0.0625 0.05423728813559322 0.0265625
6 0.23728813559322035 0.1078125 0.04745762711864407 0.0171875
6 0.6542372881355932 0.10625 0.04745762711864407 0.01875
14 0.42033898305084744 0.10625 0.28135593220338984 0.015625
14 0.7423728813559322 0.1078125 0.08813559322033898 0.0140625
16 0.09830508474576272 0.178125 0.1288135593220339 0.0796875
16 0.27796610169491526 0.178125 0.12542372881355932 0.0765625
16 0.4576271186440678 0.178125 0.13220338983050847 0.075
16 0.6406779661016949 0.1765625 0.13220338983050847 0.075
16 0.8169491525423729 0.1765625 0.13559322033898305 0.0765625
7 0.5016949152542373 0.51875 0.9389830508474576 0.5765625
7 0.09491525423728814 0.1703125 0.1288135593220339 0.0609375
7 0.27796610169491526 0.1703125 0.12542372881355932 0.0609375
7 0.4576271186440678 0.1703125 0.13559322033898305 0.0578125
7 0.6372881355932203 0.16875 0.13220338983050847 0.0609375
7 0.8135593220338984 0.1671875 0.13559322033898305 0.0609375
14 0.09491525423728814 0.2078125 0.03389830508474576 0.0109375
14 0.27796610169491526 0.209375 0.04745762711864407 0.009375
14 0.4576271186440678 0.209375 0.04745762711864407 0.009375
14 0.6372881355932203 0.209375 0.03728813559322034 0.009375
14 0.8203389830508474 0.209375 0.03389830508474576 0.009375
14 0.5050847457627119 0.7796875 0.4610169491525424 0.0203125
1 0.5 0.91484375 1 0.0734375
16 0.12542372881355932 0.9109375 0.05423728813559322 0.0421875
16 0.376271186440678 0.9109375 0.0711864406779661 0.0421875
16 0.6237288135593221 0.9109375 0.07796610169491526 0.0453125
16 0.8745762711864407 0.909375 0.08135593220338982 0.04375
6 0.12542372881355932 0.9015625 0.05423728813559322 0.025
6 0.376271186440678 0.903125 0.0711864406779661 0.0265625
6 0.6271186440677966 0.9015625 0.0576271186440678 0.0265625
6 0.8745762711864407 0.9 0.05084745762711865 0.025
14 0.12542372881355932 0.9265625 0.020338983050847456 0.0109375
14 0.376271186440678 0.9265625 0.06779661016949153 0.0109375
14 0.6237288135593221 0.9265625 0.07796610169491526 0.0109375
14 0.8745762711864407 0.9265625 0.07796610169491526 0.009375