0 0.5016949152542373 0.2328125 0.9966101694915255 0.3953125
18 0.5 0.0171875 1 0.034375
17 0.5016949152542373 0.0640625 0.9966101694915255 0.0578125
7 0.2271186440677966 0.3203125 0.36271186440677966 0.1109375
7 0.6 0.3203125 0.36271186440677966 0.109375
7 0.9 0.31953125 0.2 0.1109375
7 0.23728813559322035 0.6796875 0.39322033898305087 0.2203125
7 0.6644067796610169 0.678125 0.4 0.221875
1 0.5 0.9 1 0.078125
14 0.5016949152542373 0.06875 0.17627118644067796 0.0234375
14 0.0847457627118644 0.125 0.08813559322033898 0.0140625
14 0.16610169491525423 0.1609375 0.2440677966101695 0.0390625
14 0.9288135593220339 0.19375 0.08813559322033898 0.0125
14 0.15932203389830507 0.3984375 0.22372881355932203 0.0125
14 0.5457627118644067 0.3984375 0.24067796610169492 0.0140625
14 0.888135593220339 0.3984375 0.17288135593220338 0.0125
11 0.5 0.46171875 1 0.0609375
14 0.08135593220338982 0.4609375 0.0711864406779661 0.0203125
14 0.2305084745762712 0.4609375 0.10847457627118644 0.015625
14 0.4 0.4609375 0.10508474576271186 0.0171875
14 0.5559322033898305 0.4609375 0.0711864406779661 0.0171875
14 0.7050847457627119 0.4609375 0.11186440677966102 0.0171875
14 0.07457627118644068 0.5328125 0.061016949152542375 0.015625
14 0.19661016949152543 0.5328125 0.06440677966101695 0.0140625
14 0.864406779661017 0.534375 0.09491525423728814 0.0171875
14 0.07796610169491526 0.5828125 0.04067796610169491 0.0125
14 0.49830508474576274 0.58125 0.04406779661016949 0.0140625
14 0.9186440677966101 0.58125 0.04406779661016949 0.0140625
14 0.29152542372881357 0.8078125 0.2033898305084746 0.0125
14 0.18305084745762712 0.8296875 0.2745762711864407 0.0109375
14 0.6440677966101694 0.81875 0.36610169491525424 0.040625
8 0.0847457627118644 0.80625 0.10847457627118644 0.05
8 0.9186440677966101 0.7390625 0.11186440677966102 0.053125
15 0.9186440677966101 0.809375 0.11186440677966102 0.0515625
6 0.0847457627118644 0.8078125 0.05084745762711865 0.0234375
14 0.9186440677966101 0.8109375 0.0576271186440678 0.0171875
16 0.1016949152542373 0.903125 0.08813559322033898 0.0484375
16 0.3016949152542373 0.9015625 0.05423728813559322 0.05
16 0.5016949152542373 0.9015625 0.04745762711864407 0.05
16 0.7016949152542373 0.903125 0.06779661016949153 0.0515625
16 0.9016949152542373 0.9015625 0.05423728813559322 0.053125
16 0.9254237288135593 0.175 0.08813559322033898 0.0515625
6 0.08135593220338982 0.0671875 0.030508474576271188 0.0265625
6 0.9322033898305084 0.0703125 0.07457627118644068 0.0375
6 0.8135593220338984 0.1625 0.061016949152542375 0.028125
6 0.9254237288135593 0.1625 0.061016949152542375 0.0265625
14 0.9288135593220339 0.1921875 0.0847457627118644 0.015625
6 0.9423728813559322 0.5328125 0.030508474576271188 0.009375
6 0.1016949152542373 0.890625 0.06779661016949153 0.0234375
6 0.3016949152542373 0.8890625 0.05423728813559322 0.0265625
6 0.5016949152542373 0.8890625 0.04745762711864407 0.0265625
6 0.7016949152542373 0.8890625 0.061016949152542375 0.025
6 0.9016949152542373 0.8890625 0.04745762711864407 0.0265625
14 0.1016949152542373 0.9203125 0.08135593220338982 0.0125
14 0.3016949152542373 0.9203125 0.03728813559322034 0.0109375
14 0.5016949152542373 0.9203125 0.023728813559322035 0.0140625
14 0.7016949152542373 0.9203125 0.0576271186440678 0.0125
14 0.9016949152542373 0.9203125 0.04067796610169491 0.0109375