15 0.9220338983050848 0.13125 0.11864406779661017 0.040625
15 0.7423728813559322 0.13125 0.1864406779661017 0.0390625
15 0.5661016949152542 0.13125 0.12203389830508475 0.0421875
15 0.4067796610169492 0.13125 0.14915254237288136 0.040625
15 0.17966101694915254 0.1328125 0.25084745762711863 0.0421875
18 0.5 0.0234375 1 0.046875
17 0.5016949152542373 0.075 0.9966101694915255 0.053125
7 0.5 0.51640625 1 0.6921875
1 0.5016949152542373 0.9015625 0.9966101694915255 0.071875
14 0.14915254237288136 0.0734375 0.17288135593220338 0.0265625
14 0.18305084745762712 0.1328125 0.15593220338983052 0.0171875
14 0.4033898305084746 0.1328125 0.0576271186440678 0.0171875
14 0.5627118644067797 0.13125 0.030508474576271188 0.0171875
14 0.7423728813559322 0.13125 0.09491525423728814 0.0171875
14 0.9186440677966101 0.1328125 0.030508474576271188 0.015625
14 0.5016949152542373 0.7703125 0.6237288135593221 0.0609375
8 0.9084745762711864 0.815625 0.11864406779661017 0.053125
16 0.09830508474576272 0.9046875 0.06440677966101695 0.046875
16 0.3016949152542373 0.903125 0.1423728813559322 0.046875
16 0.49830508474576274 0.903125 0.10847457627118644 0.046875
16 0.7016949152542373 0.903125 0.0576271186440678 0.046875
16 0.8983050847457628 0.903125 0.04745762711864407 0.046875
6 0.6813559322033899 0.0734375 0.0576271186440678 0.028125
6 0.7932203389830509 0.0734375 0.04745762711864407 0.025
6 0.9186440677966101 0.0703125 0.05084745762711865 0.028125
6 0.1016949152542373 0.8921875 0.04745762711864407 0.0203125
6 0.2983050847457627 0.8921875 0.05084745762711865 0.021875
6 0.49830508474576274 0.8921875 0.04067796610169491 0.021875
6 0.7016949152542373 0.8921875 0.05423728813559322 0.021875
6 0.8983050847457628 0.8921875 0.04745762711864407 0.0234375
14 0.1016949152542373 0.921875 0.061016949152542375 0.0109375
14 0.3016949152542373 0.921875 0.1423728813559322 0.0078125
14 0.5016949152542373 0.921875 0.10508474576271186 0.0078125
14 0.7016949152542373 0.9203125 0.0576271186440678 0.0109375
14 0.9016949152542373 0.921875 0.04406779661016949 0.0109375