10 0.5 0.63125 1 0.7375
18 0.5 0.025 1 0.05
7 0.19594594594594594 0.2984375 0.27364864864864863 0.0203125
14 0.5 0.365625 0.3581081081081081 0.0421875
14 0.5168918918918919 0.4203125 0.10135135135135136 0.0171875
14 0.15878378378378377 0.578125 0.016891891891891893 0.021875
14 0.4966216216216216 0.5765625 0.033783783783783786 0.0234375
14 0.8344594594594594 0.578125 0.033783783783783786 0.0234375
14 0.16216216216216217 0.6578125 0.033783783783783786 0.021875
14 0.5 0.6578125 0.033783783783783786 0.021875
14 0.8344594594594594 0.6578125 0.033783783783783786 0.0234375
14 0.16554054054054054 0.7390625 0.033783783783783786 0.021875
14 0.5 0.740625 0.033783783783783786 0.0234375
14 0.831081081081081 0.7390625 0.033783783783783786 0.0234375
14 0.16216216216216217 0.8203125 0.07094594594594594 0.0234375
14 0.5 0.8203125 0.033783783783783786 0.0234375
6 0.8344594594594594 0.81875 0.04391891891891892 0.0109375
15 0.5033783783783784 0.9140625 0.8918918918918919 0.0703125
14 0.4966216216216216 0.9125 0.08108108108108109 0.021875
15 0.14189189189189189 0.496875 0.16891891891891891 0.0359375
15 0.32094594594594594 0.496875 0.16891891891891891 0.0359375
15 0.5 0.496875 0.16891891891891891 0.034375
15 0.6790540540540541 0.496875 0.16891891891891891 0.034375
15 0.8581081081081081 0.496875 0.16891891891891891 0.034375
6 0.9087837837837838 0.2984375 0.04391891891891892 0.0203125
8 0.7297297297297297 0.3625 0.05405405405405406 0.025
14 0.14189189189189189 0.4953125 0.06418918918918919 0.015625
14 0.32094594594594594 0.4953125 0.07094594594594594 0.015625
14 0.5 0.4953125 0.08783783783783784 0.0140625
14 0.6790540540540541 0.4953125 0.11148648648648649 0.015625
14 0.8581081081081081 0.4953125 0.060810810810810814 0.015625
6 0.7297297297297297 0.3625 0.02364864864864865 0.0109375