9 0.5033898305084745 0.78203125 0.9932203389830508 0.2265625
2 0.49830508474576274 0.4453125 0.9254237288135593 0.4203125
18 0.5 0.0296875 1 0.05625
17 0.5016949152542373 0.125 0.9966101694915255 0.034375
11 0.523728813559322 0.17578125 0.9525423728813559 0.0203125
14 0.10847457627118644 0.4828125 0.061016949152542375 0.0171875
15 0.22033898305084745 0.515625 0.2847457627118644 0.0265625
14 0.49830508474576274 0.553125 0.847457627118644 0.01875
14 0.4610169491525424 0.58125 0.7728813559322034 0.015625
14 0.14915254237288136 0.6234375 0.13220338983050847 0.015625
14 0.0711864406779661 0.6875 0.061016949152542375 0.0140625
14 0.3254237288135593 0.73125 0.5661016949152542 0.0421875
7 0.8101694915254237 0.73125 0.31186440677966104 0.078125
14 0.10847457627118644 0.7734375 0.1288135593220339 0.0140625
14 0.06779661016949153 0.8265625 0.061016949152542375 0.0171875
14 0.3220338983050847 0.86875 0.5661016949152542 0.04375
7 0.8101694915254237 0.865625 0.3050847457627119 0.071875
7 0.5016949152542373 0.3453125 0.9288135593220339 0.2140625
1 0.5 0.95 1 0.096875
16 0.12542372881355932 0.9328125 0.0576271186440678 0.0453125
16 0.376271186440678 0.934375 0.09152542372881356 0.0484375
16 0.6271186440677966 0.9328125 0.05423728813559322 0.046875
16 0.8779661016949153 0.9328125 0.06440677966101695 0.046875
14 0.04745762711864407 0.0734375 0.08813559322033898 0.0203125
14 0.2305084745762712 0.071875 0.09491525423728814 0.0125
14 0.4033898305084746 0.071875 0.061016949152542375 0.0140625
14 0.49491525423728816 0.071875 0.061016949152542375 0.0109375
14 0.6677966101694915 0.0734375 0.10508474576271186 0.0125
14 0.8677966101694915 0.071875 0.0847457627118644 0.0140625
14 0.9711864406779661 0.07265625 0.0576271186440678 0.0140625
7 0.14915254237288136 0.071875 0.03728813559322034 0.0140625
7 0.5864406779661017 0.0734375 0.04067796610169491 0.0109375
14 0.18983050847457628 0.128125 0.29152542372881357 0.0328125
6 0.7830508474576271 0.1265625 0.05084745762711865 0.025
6 0.9152542372881356 0.1265625 0.05084745762711865 0.0203125
14 0.10847457627118644 0.1765625 0.11186440677966102 0.01875
14 0.24745762711864408 0.1765625 0.07457627118644068 0.01875
14 0.3694915254237288 0.1765625 0.0711864406779661 0.01875
14 0.4915254237288136 0.1765625 0.0711864406779661 0.0171875
14 0.6135593220338983 0.1765625 0.07457627118644068 0.0171875
14 0.7593220338983051 0.1765625 0.10847457627118644 0.0171875
14 0.9016949152542373 0.1765625 0.0711864406779661 0.01875
14 0.6474576271186441 0.5140625 0.5220338983050847 0.025
6 0.12542372881355932 0.9234375 0.0576271186440678 0.0265625
14 0.12542372881355932 0.95 0.04067796610169491 0.009375
6 0.376271186440678 0.925 0.0576271186440678 0.025
14 0.376271186440678 0.9515625 0.0847457627118644 0.0109375
6 0.6271186440677966 0.9234375 0.0576271186440678 0.0296875
14 0.6271186440677966 0.95 0.04067796610169491 0.0109375
6 0.8779661016949153 0.9234375 0.06440677966101695 0.028125
14 0.8779661016949153 0.95 0.04067796610169491 0.009375