18 0.5 0.028125 1 0.05625
17 0.5 0.0890625 1 0.065625
14 0.5 0.090625 0.36486486486486486 0.0203125
15 0.24324324324324326 0.303125 0.39864864864864863 0.0375
15 0.6554054054054054 0.303125 0.3952702702702703 0.0390625
8 0.9155405405405406 0.303125 0.0777027027027027 0.0375
1 0.5 0.9484375 1 0.1015625
14 0.44594594594594594 0.18125 0.09121621621621621 0.0390625
14 0.6587837837837838 0.1828125 0.0945945945945946 0.0375
14 0.8716216216216216 0.18125 0.0945945945945946 0.0375
14 0.17905405405405406 0.2546875 0.27364864864864863 0.0171875
14 0.24324324324324326 0.303125 0.0945945945945946 0.0171875
14 0.6587837837837838 0.303125 0.0945945945945946 0.0140625
6 0.25 0.365625 0.05405405405405406 0.0234375
6 0.75 0.365625 0.05405405405405406 0.028125
6 0.9121621621621622 0.303125 0.037162162162162164 0.0171875
7 0.16216216216216217 0.1828125 0.22972972972972974 0.1046875
6 0.9256756756756757 0.0890625 0.04391891891891892 0.0078125
6 0.04054054054054054 0.0875 0.033783783783783786 0.0234375
6 0.09797297297297297 0.928125 0.06418918918918919 0.03125
6 0.30067567567567566 0.9265625 0.057432432432432436 0.0296875
6 0.5 0.928125 0.057432432432432436 0.028125
6 0.6993243243243243 0.928125 0.057432432432432436 0.0296875
6 0.8986486486486487 0.928125 0.060810810810810814 0.0265625
7 0.5 0.6453125 0.9966216216216216 0.503125