18 0.5 0.028125 1 0.0546875
17 0.5 0.090625 1 0.0703125
5 0.44932432432432434 0.0921875 0.7804054054054054 0.0390625
11 0.5 0.1515625 0.9966216216216216 0.0515625
9 0.5 0.503125 1 0.6375
9 0.5 0.9453125 1 0.109375
16 0.10135135135135136 0.9296875 0.06418918918918919 0.0484375
16 0.30067567567567566 0.9296875 0.09121621621621621 0.05
16 0.5 0.9296875 0.08445945945945946 0.05
16 0.7027027027027027 0.928125 0.06756756756756757 0.053125
16 0.902027027027027 0.9296875 0.060810810810810814 0.0484375
7 0.10810810810810811 0.85625 0.10135135135135136 0.053125
7 0.13175675675675674 0.7890625 0.14527027027027026 0.0625
7 0.12837837837837837 0.6984375 0.15202702702702703 0.0703125
7 0.12837837837837837 0.60625 0.15202702702702703 0.06875
7 0.12837837837837837 0.5125 0.14864864864864866 0.06875
7 0.12837837837837837 0.41875 0.14864864864864866 0.06875
7 0.12837837837837837 0.325 0.14527027027027026 0.0703125
7 0.12837837837837837 0.23125 0.14527027027027026 0.06875
15 0.1858108108108108 0.1515625 0.26013513513513514 0.04375
6 0.09797297297297297 0.0953125 0.04391891891891892 0.021875
6 0.7972972972972973 0.0953125 0.04391891891891892 0.0234375
6 0.9324324324324325 0.2328125 0.02027027027027027 0.015625
6 0.9087837837837838 0.3265625 0.04391891891891892 0.0109375
6 0.9087837837837838 0.41875 0.04054054054054054 0.0078125
6 0.9324324324324325 0.5125 0.02027027027027027 0.015625
6 0.9087837837837838 0.60625 0.0472972972972973 0.0078125
6 0.9324324324324325 0.7 0.016891891891891893 0.01875
6 0.9087837837837838 0.79375 0.04054054054054054 0.009375
6 0.75 0.85625 0.0472972972972973 0.025
6 0.8851351351351351 0.8546875 0.0777027027027027 0.0234375
6 0.10135135135135136 0.9203125 0.06756756756756757 0.0328125
6 0.2972972972972973 0.9203125 0.060810810810810814 0.028125
6 0.5 0.9203125 0.08108108108108109 0.028125
6 0.6993243243243243 0.9203125 0.060810810810810814 0.0359375
6 0.8986486486486487 0.9203125 0.057432432432432436 0.0296875
14 0.10135135135135136 0.9484375 0.02027027027027027 0.0125
14 0.30067567567567566 0.9484375 0.09121621621621621 0.0125
14 0.5 0.9484375 0.06756756756756757 0.0109375
14 0.7027027027027027 0.9484375 0.07094594594594594 0.0109375
14 0.902027027027027 0.9484375 0.04054054054054054 0.0125
14 0.2939189189189189 0.8546875 0.22635135135135134 0.0171875
14 0.3310810810810811 0.7921875 0.20270270270270271 0.04375
14 0.5236486486486487 0.7 0.581081081081081 0.04375
14 0.3310810810810811 0.60625 0.20608108108108109 0.040625
14 0.3885135135135135 0.5125 0.32094594594594594 0.0421875
14 0.34459459459459457 0.4203125 0.22972972972972974 0.0421875
14 0.3344594594594595 0.325 0.20608108108108109 0.0421875
14 0.30067567567567566 0.23125 0.13851351351351351 0.040625
14 0.1858108108108108 0.1515625 0.19256756756756757 0.0140625
14 0.40878378378378377 0.15 0.11824324324324324 0.0140625
14 0.5709459459459459 0.15 0.05405405405405406 0.01875
14 0.7162162162162162 0.15 0.05405405405405406 0.015625
14 0.9087837837837838 0.15 0.18243243243243243 0.0140625
14 0.33783783783783783 0.0953125 0.3918918918918919 0.0203125
14 0.9054054054054054 0.09375 0.07432432432432433 0.021875