18 0.5 0.028125 1 0.05625
17 0.5 0.0828125 1 0.053125
5 0.5304054054054054 0.084375 0.3918918918918919 0.03125
2 0.48986486486486486 0.81875 0.8918918918918919 0.2828125
7 0.19256756756756757 0.7234375 0.2905405405405405 0.090625
7 0.48986486486486486 0.7234375 0.2939189189189189 0.0921875
7 0.7871621621621622 0.7234375 0.2905405405405405 0.090625
6 0.30067567567567566 0.8140625 0.14527027027027026 0.015625
6 0.0777027027027027 0.865625 0.02364864864864865 0.0125
6 0.8952702702702703 0.6984375 0.04054054054054054 0.015625
6 0.05067567567567568 0.084375 0.030405405405405407 0.025
16 0.8175675675675675 0.0859375 0.0472972972972973 0.0390625
16 0.9256756756756757 0.0828125 0.06756756756756757 0.040625
6 0.28716216216216217 0.0859375 0.02702702702702703 0.009375
6 0.36824324324324326 0.1328125 0.016891891891891893 0.0046875
6 0.8074324324324325 0.1359375 0.016891891891891893 0.0046875
14 0.20270270270270271 0.084375 0.10810810810810811 0.0265625
14 0.3918918918918919 0.0859375 0.07432432432432433 0.0109375
14 0.8175675675675675 0.1 0.0472972972972973 0.0109375
14 0.9222972972972973 0.096875 0.06418918918918919 0.0109375
14 0.25 0.1328125 0.1891891891891892 0.015625
14 0.75 0.1328125 0.060810810810810814 0.015625
14 0.4797297297297297 0.803125 0.8277027027027027 0.040625
14 0.11486486486486487 0.8421875 0.0777027027027027 0.0140625
14 0.33783783783783783 0.840625 0.31756756756756754 0.0171875
14 0.30405405405405406 0.865625 0.3918918918918919 0.0140625
14 0.13175675675675674 0.89375 0.10472972972972973 0.0125
14 0.7905405405405406 0.921875 0.24324324324324326 0.021875
14 0.7331081081081081 0.9453125 0.34459459459459457 0.0140625
8 0.9256756756756757 0.6328125 0.09797297297297297 0.046875
6 0.8175675675675675 0.075 0.037162162162162164 0.015625
6 0.9222972972972973 0.0734375 0.04391891891891892 0.0203125
6 0.9256756756756757 0.63125 0.060810810810810814 0.0296875