14 0.5 0.0296875 1 0.059375
10 0.5 0.35625 1 0.571875
14 0.5 0.109375 0.23986486486486486 0.01875
14 0.08445945945945946 0.1078125 0.07432432432432433 0.0171875
14 0.26013513513513514 0.171875 0.19256756756756757 0.0171875
14 0.33783783783783783 0.2015625 0.34121621621621623 0.0171875
14 0.2702702702702703 0.30625 0.21283783783783783 0.0171875
14 0.19932432432432431 0.603125 0.32432432432432434 0.0203125
15 0.8918918918918919 0.603125 0.15202702702702703 0.0453125
14 0.8918918918918919 0.603125 0.06756756756756757 0.0171875
7 0.08108108108108109 0.184375 0.09797297297297297 0.0453125
6 0.9155405405405406 0.1078125 0.060810810810810814 0.0265625
6 0.19594594594594594 0.25 0.057432432432432436 0.028125
6 0.3108108108108108 0.2515625 0.057432432432432436 0.025
6 0.42567567567567566 0.2515625 0.05067567567567568 0.0234375
6 0.5472972972972973 0.253125 0.04054054054054054 0.025
6 0.6655405405405406 0.2515625 0.0472972972972973 0.0234375
6 0.777027027027027 0.2515625 0.0472972972972973 0.021875