18 0.5 0.034375 1 0.06875
17 0.5 0.1046875 1 0.0703125
17 0.5033783783783784 0.3546875 0.722972972972973 0.33125
1 0.5 0.9484375 0.9966216216216216 0.0984375
6 0.09121621621621621 0.9265625 0.057432432432432436 0.028125
6 0.5 0.928125 0.06418918918918919 0.0296875
6 0.9121621621621622 0.928125 0.05405405405405406 0.0234375
6 0.0945945945945946 0.8234375 0.05067567567567568 0.0203125
6 0.2905405405405405 0.825 0.07094594594594594 0.034375
6 0.5101351351351351 0.8234375 0.09121621621621621 0.05
6 0.7128378378378378 0.825 0.06756756756756757 0.0359375
6 0.9054054054054054 0.825 0.05067567567567568 0.0203125
6 0.5033783783783784 0.7421875 0.875 0.0359375
6 0.9087837837837838 0.6609375 0.060810810810810814 0.0234375
14 0.16891891891891891 0.6625 0.20608108108108109 0.05625
14 0.5 0.5703125 0.39864864864864863 0.0390625
6 0.0945945945945946 0.1140625 0.057432432432432436 0.0203125
6 0.7905405405405406 0.115625 0.05067567567567568 0.0234375
6 0.8986486486486487 0.1140625 0.05067567567567568 0.0078125