18 0.5 0.025 1 0.0484375
17 0.5 0.090625 1 0.053125
5 0.28040540540540543 0.0921875 0.4560810810810811 0.04375
16 0.14189189189189189 0.1484375 0.17229729729729729 0.0390625
16 0.3614864864864865 0.1484375 0.24324324324324326 0.0390625
16 0.5 0.584375 0.20945945945945946 0.04375
2 0.5 0.746875 0.8918918918918919 0.24375
8 0.8885135135135135 0.578125 0.11824324324324324 0.0546875
1 0.5 0.94375 1 0.1109375
8 0.5033783783783784 0.9125 0.14189189189189189 0.0640625
16 0.11148648648648649 0.9234375 0.04391891891891892 0.0453125
16 0.28716216216216217 0.925 0.06418918918918919 0.0421875
16 0.7128378378378378 0.925 0.05405405405405406 0.04375
16 0.8918918918918919 0.9234375 0.0472972972972973 0.0453125
7 0.2195945945945946 0.71875 0.28040540540540543 0.1625
14 0.20945945945945946 0.090625 0.2195945945945946 0.0171875
14 0.668918918918919 0.090625 0.2702702702702703 0.0140625
14 0.16216216216216217 0.1484375 0.060810810810810814 0.0140625
14 0.38175675675675674 0.1484375 0.13513513513513514 0.0171875
14 0.527027027027027 0.584375 0.060810810810810814 0.0140625
14 0.48986486486486486 0.6484375 0.19932432432432431 0.0171875
14 0.543918918918919 0.6703125 0.23986486486486486 0.0140625
14 0.43243243243243246 0.6953125 0.06756756756756757 0.0109375
14 0.75 0.778125 0.33783783783783783 0.0140625
14 0.7331081081081081 0.8265625 0.3716216216216216 0.0140625
14 0.6824324324324325 0.7984375 0.06756756756756757 0.0109375
14 0.6790540540540541 0.846875 0.06756756756756757 0.0109375
14 0.8277027027027027 0.8 0.17905405405405406 0.015625
14 0.8277027027027027 0.8484375 0.17567567567567569 0.015625
14 0.11148648648648649 0.940625 0.04391891891891892 0.0109375
14 0.28716216216216217 0.940625 0.06418918918918919 0.0109375
14 0.7094594594594594 0.940625 0.02027027027027027 0.0109375
14 0.8918918918918919 0.940625 0.0472972972972973 0.0125
6 0.11148648648648649 0.9140625 0.04391891891891892 0.025
6 0.28716216216216217 0.9140625 0.0472972972972973 0.021875
6 0.5 0.9109375 0.05067567567567568 0.0265625
6 0.7128378378378378 0.9140625 0.05405405405405406 0.021875
6 0.8918918918918919 0.9140625 0.0472972972972973 0.025
6 0.40202702702702703 0.6703125 0.02702702702702703 0.0125
14 0.13513513513513514 0.7796875 0.04391891891891892 0.0125
6 0.46283783783783783 0.584375 0.04054054054054054 0.0140625
6 0.8885135135135135 0.5796875 0.0472972972972973 0.025
6 0.10810810810810811 0.146875 0.030405405405405407 0.015625
6 0.2905405405405405 0.1484375 0.02702702702702703 0.0171875
6 0.9155405405405406 0.090625 0.05405405405405406 0.0234375
14 0.8783783783783784 0.1484375 0.13851351351351351 0.0125
8 0.652027027027027 0.4953125 0.06418918918918919 0.0296875
6 0.652027027027027 0.496875 0.033783783783783786 0.015625
14 0.5168918918918919 0.69375 0.057432432432432436 0.0078125
8 0.8851351351351351 0.365625 0.07094594594594594 0.03125
6 0.8885135135135135 0.365625 0.033783783783783786 0.015625
8 0.5236486486486487 0.278125 0.06418918918918919 0.028125
6 0.5236486486486487 0.278125 0.02702702702702703 0.0171875