0 0.5 0.5890625 1 0.8203125
18 0.5 0.0265625 1 0.053125
17 0.5 0.0859375 1 0.0625
5 0.44932432432432434 0.084375 0.5844594594594594 0.05
6 0.09797297297297297 0.0859375 0.02702702702702703 0.025
6 0.22297297297297297 0.0859375 0.05405405405405406 0.0265625
6 0.793918918918919 0.0875 0.0472972972972973 0.025
6 0.8986486486486487 0.0875 0.05405405405405406 0.0234375
11 0.5 0.1484375 1 0.0609375
2 0.5 0.809375 0.8243243243243243 0.1484375
6 0.22635135135135134 0.15 0.02702702702702703 0.0078125
6 0.5371621621621622 0.15 0.02702702702702703 0.0078125
6 0.9222972972972973 0.15 0.02702702702702703 0.009375
14 0.13175675675675674 0.15 0.13513513513513514 0.0171875
14 0.47635135135135137 0.1484375 0.060810810810810814 0.015625
14 0.8243243243243243 0.1484375 0.13513513513513514 0.015625
7 0.25 0.809375 0.27702702702702703 0.128125
14 0.6081081081081081 0.753125 0.3918918918918919 0.0140625
14 0.44594594594594594 0.8015625 0.05405405405405406 0.0140625
14 0.5945945945945946 0.8 0.1891891891891892 0.025
6 0.4560810810810811 0.771875 0.09797297297297297 0.0140625
6 0.8614864864864865 0.75625 0.05405405405405406 0.021875
14 0.5 0.925 0.9121621621621622 0.0125
14 0.10472972972972973 0.946875 0.12162162162162163 0.009375
14 0.46283783783783783 0.084375 0.38513513513513514 0.0390625