16 0.5 0.821875 0.11486486486486487 0.071875
16 0.23648648648648649 0.821875 0.13175675675675674 0.071875
18 0.5 0.028125 1 0.05625
17 0.5 0.0875 1 0.0609375
6 0.0777027027027027 0.084375 0.05067567567567568 0.021875
14 0.5 0.0828125 0.09121621621621621 0.0234375
6 0.5 0.1921875 0.13513513513513514 0.0609375
14 0.5 0.2703125 0.21621621621621623 0.0265625
14 0.2195945945945946 0.3484375 0.3310810810810811 0.01875
14 0.8175675675675675 0.35 0.2533783783783784 0.0125
8 0.652027027027027 0.35 0.04054054054054054 0.0171875
2 0.5 0.628125 0.8952702702702703 0.5125
14 0.17567567567567569 0.4171875 0.13513513513513514 0.015625
14 0.17905405405405406 0.4578125 0.13851351351351351 0.0203125
14 0.15878378378378377 0.525 0.10472972972972973 0.01875
14 0.15878378378378377 0.5671875 0.10810810810810811 0.0171875
14 0.17567567567567569 0.6328125 0.14189189189189189 0.01875
14 0.20270270270270271 0.6734375 0.19256756756756757 0.0203125
14 0.21283783783783783 0.75625 0.22297297297297297 0.01875
14 0.23648648648648649 0.85 0.13175675675675674 0.0140625
14 0.5 0.85 0.11148648648648649 0.0140625
14 0.7668918918918919 0.859375 0.13175675675675674 0.03125
14 0.8141891891891891 0.4171875 0.16216216216216217 0.01875
14 0.75 0.4703125 0.30067567567567566 0.0421875
14 0.8412162162162162 0.525 0.10810810810810811 0.01875
14 0.8614864864864865 0.5671875 0.06756756756756757 0.0171875
14 0.6993243243243243 0.63125 0.3952702702702703 0.0203125
14 0.8006756756756757 0.675 0.1891891891891892 0.0171875
6 0.23648648648648649 0.8125 0.10810810810810811 0.05
6 0.5 0.8109375 0.10472972972972973 0.05
6 0.7668918918918919 0.8125 0.10135135135135136 0.05
15 0.19932432432432431 0.9234375 0.3918918918918919 0.06875
15 0.6993243243243243 0.9234375 0.6013513513513513 0.071875
14 0.19932432432432431 0.921875 0.16891891891891891 0.0203125
14 0.6993243243243243 0.921875 0.08445945945945946 0.021875
16 0.7668918918918919 0.83125 0.13513513513513514 0.0890625