17 0.5 0.0390625 1 0.078125
6 0.07255520504731862 0.040625 0.028391167192429023 0.028125
6 0.8391167192429022 0.0390625 0.0473186119873817 0.025
6 0.917981072555205 0.0390625 0.04416403785488959 0.0203125
14 0.38485804416403785 0.040625 0.1640378548895899 0.025
14 0.6151419558359621 0.0421875 0.1608832807570978 0.021875
14 0.0946372239747634 0.1046875 0.05993690851735016 0.01875
6 0.15457413249211358 0.103125 0.04416403785488959 0.0234375
15 0.3501577287066246 0.146875 0.08517350157728706 0.028125
14 0.3501577287066246 0.146875 0.0473186119873817 0.0140625
15 0.14511041009463724 0.2546875 0.15772870662460567 0.0390625
15 0.3470031545741325 0.2546875 0.19558359621451105 0.0390625
14 0.14195583596214512 0.25625 0.10094637223974763 0.01875
14 0.3470031545741325 0.25625 0.13564668769716087 0.01875
14 0.12933753943217666 0.334375 0.14511041009463724 0.021875
14 0.8517350157728707 0.3328125 0.028391167192429023 0.01875
6 0.917981072555205 0.334375 0.03470031545741325 0.009375
2 0.501577287066246 0.5046875 0.8738170347003155 0.25
14 0.1892744479495268 0.41875 0.13249211356466878 0.0203125
14 0.2870662460567823 0.4671875 0.3217665615141956 0.0390625
14 0.3438485804416404 0.421875 0.0946372239747634 0.0140625
6 0.8706624605678234 0.421875 0.015772870662460567 0.025
14 0.8643533123028391 0.525 0.028391167192429023 0.01875
15 0.28391167192429023 0.596875 0.42902208201892744 0.0671875
15 0.7192429022082019 0.596875 0.4384858044164038 0.0671875
14 0.277602523659306 0.596875 0.13564668769716087 0.0171875
14 0.7192429022082019 0.596875 0.06624605678233439 0.0171875
14 0.15457413249211358 0.7234375 0.17981072555205047 0.01875
14 0.8391167192429022 0.7234375 0.056782334384858045 0.01875
6 0.277602523659306 0.7234375 0.03785488958990536 0.01875
6 0.9211356466876972 0.725 0.031545741324921134 0.009375
2 0.49842271293375395 0.884375 0.8832807570977917 0.23125
14 0.24290220820189273 0.8109375 0.2334384858044164 0.0171875
14 0.28391167192429023 0.8578125 0.3217665615141956 0.0421875
14 0.8485804416403786 0.9140625 0.056782334384858045 0.0203125
15 0.277602523659306 0.9765625 0.4416403785488959 0.0453125
15 0.722397476340694 0.9765625 0.4384858044164038 0.0453125
14 0.277602523659306 0.9875 0.13564668769716087 0.01875
14 0.7192429022082019 0.9875 0.2113564668769716 0.01875