0 0.5 0.5953125 0.9966216216216216 0.8015625
18 0.5 0.03125 1 0.0609375
17 0.5 0.096875 1 0.0734375
6 0.06756756756756757 0.0984375 0.02364864864864865 0.0203125
6 0.6790540540540541 0.096875 0.04391891891891892 0.021875
6 0.8074324324324325 0.0984375 0.05067567567567568 0.0203125
6 0.9358108108108109 0.096875 0.0472972972972973 0.0203125
8 0.9290540540540541 0.1671875 0.09121621621621621 0.0390625
14 0.1891891891891892 0.0984375 0.11824324324324324 0.01875
16 0.16216216216216217 0.16875 0.2668918918918919 0.0390625
16 0.4527027027027027 0.1671875 0.2702702702702703 0.0390625
16 0.6925675675675675 0.1671875 0.17229729729729729 0.0390625
14 0.13513513513513514 0.1671875 0.15878378378378377 0.015625
14 0.42567567567567566 0.1671875 0.1554054054054054 0.0171875
14 0.6655405405405406 0.1671875 0.057432432432432436 0.0140625
6 0.7297297297297297 0.1671875 0.030405405405405407 0.00625
6 0.5405405405405406 0.1671875 0.030405405405405407 0.0078125
6 0.25 0.1671875 0.02702702702702703 0.0078125
16 0.9054054054054054 0.24375 0.10135135135135136 0.0484375
6 0.9054054054054054 0.2359375 0.037162162162162164 0.015625
14 0.9054054054054054 0.2578125 0.05067567567567568 0.0140625
15 0.8783783783783784 0.5140625 0.10135135135135136 0.0484375
15 0.3581081081081081 0.6421875 0.10810810810810811 0.0484375
15 0.5 0.909375 0.34797297297297297 0.0578125
14 0.8783783783783784 0.5171875 0.02027027027027027 0.015625
14 0.3581081081081081 0.6421875 0.02702702702702703 0.015625
14 0.5 0.909375 0.11148648648648649 0.0140625