9 0.5 0.6828125 1 0.2765625
18 0.5 0.0296875 1 0.059375
7 0.4966216216216216 0.2265625 0.6351351351351351 0.296875
7 0.08445945945945946 0.5125 0.08783783783783784 0.0484375
7 0.17229729729729729 0.5921875 0.12837837837837837 0.0609375
7 0.17229729729729729 0.671875 0.13175675675675674 0.0609375
7 0.17229729729729729 0.7484375 0.12837837837837837 0.05625
7 0.09797297297297297 0.853125 0.10472972972972973 0.0515625
1 0.5 0.946875 1 0.10625
16 0.16554054054054054 0.9296875 0.05405405405405406 0.053125
16 0.4966216216216216 0.9296875 0.10135135135135136 0.05
16 0.831081081081081 0.93125 0.16554054054054054 0.0515625
6 0.16554054054054054 0.91875 0.05405405405405406 0.03125
6 0.4966216216216216 0.91875 0.060810810810810814 0.028125
6 0.831081081081081 0.9203125 0.057432432432432436 0.0296875
6 0.7804054054054054 0.8546875 0.06418918918918919 0.0296875
6 0.9155405405405406 0.853125 0.04054054054054054 0.021875
6 0.9358108108108109 0.7484375 0.04391891891891892 0.0078125
6 0.9358108108108109 0.66875 0.0472972972972973 0.0078125
6 0.9358108108108109 0.590625 0.0472972972972973 0.00625
6 0.8074324324324325 0.6703125 0.04391891891891892 0.0203125
6 0.05405405405405406 0.690625 0.02702702702702703 0.0078125
6 0.057432432432432436 0.6109375 0.02364864864864865 0.0125
6 0.22635135135135134 0.5109375 0.05405405405405406 0.0265625
6 0.3547297297297297 0.5125 0.06418918918918919 0.0296875
6 0.47635135135135137 0.5125 0.05067567567567568 0.009375
6 0.7466216216216216 0.5140625 0.06418918918918919 0.0265625
8 0.8952702702702703 0.5109375 0.13175675675675674 0.0640625
7 0.07094594594594594 0.43125 0.05405405405405406 0.0265625
14 0.44932432432432434 0.403125 0.8108108108108109 0.01875
14 0.17567567567567569 0.43125 0.11824324324324324 0.015625
14 0.2668918918918919 0.4609375 0.44932432432432434 0.015625
14 0.5641891891891891 0.5921875 0.597972972972973 0.0390625
14 0.4189189189189189 0.6703125 0.30405405405405406 0.0359375
14 0.42905405405405406 0.7515625 0.32432432432432434 0.040625
14 0.3547297297297297 0.8546875 0.3547297297297297 0.0359375
14 0.16554054054054054 0.946875 0.02702702702702703 0.0140625
14 0.4966216216216216 0.9484375 0.09797297297297297 0.0140625
14 0.831081081081081 0.946875 0.15878378378378377 0.0140625
14 0.05067567567567568 0.7484375 0.02027027027027027 0.0140625
14 0.05405405405405406 0.66875 0.02027027027027027 0.015625
14 0.05405405405405406 0.590625 0.013513513513513514 0.0125
14 0.48986486486486486 0.346875 0.34459459459459457 0.025
14 0.3581081081081081 0.18125 0.28378378378378377 0.1
6 0.06418918918918919 0.0921875 0.02702702702702703 0.0234375