18 0.5 0.0328125 1 0.065625
11 0.3783783783783784 0.1109375 0.6756756756756757 0.04375
2 0.2668918918918919 0.1859375 0.44594594594594594 0.0703125
2 0.7331081081081081 0.184375 0.44932432432432434 0.0703125
2 0.2668918918918919 0.2640625 0.44932432432432434 0.0671875
2 0.7331081081081081 0.2640625 0.4391891891891892 0.0671875
2 0.2702702702702703 0.3421875 0.44256756756756754 0.0703125
2 0.7364864864864865 0.34375 0.44256756756756754 0.0671875
2 0.2702702702702703 0.41875 0.44594594594594594 0.06875
2 0.7364864864864865 0.4203125 0.44932432432432434 0.071875
2 0.5 0.6625 0.9054054054054054 0.175
1 0.5 0.9453125 1 0.1078125
15 0.08783783783783784 0.109375 0.09121621621621621 0.0421875
15 0.23648648648648649 0.1109375 0.14527027027027026 0.040625
15 0.40202702702702703 0.109375 0.14527027027027026 0.0390625
15 0.597972972972973 0.1109375 0.20945945945945946 0.0359375
14 0.08445945945945946 0.1109375 0.030405405405405407 0.0171875
14 0.23310810810810811 0.109375 0.057432432432432436 0.0125
14 0.39864864864864863 0.109375 0.05405405405405406 0.0140625
14 0.597972972972973 0.1109375 0.12162162162162163 0.015625
14 0.2195945945945946 0.1859375 0.013513513513513514 0.0171875
14 0.22297297297297297 0.2640625 0.02027027027027027 0.0140625
14 0.33783783783783783 0.3421875 0.24324324324324326 0.0359375
14 0.34121621621621623 0.421875 0.25 0.034375
14 0.8040540540540541 0.184375 0.23648648648648649 0.0171875
14 0.8074324324324325 0.2640625 0.24324324324324326 0.0140625
14 0.7398648648648649 0.3421875 0.11824324324324324 0.0125
14 0.7972972972972973 0.421875 0.23648648648648649 0.0125
7 0.625 0.628125 0.3141891891891892 0.05625
14 0.24324324324324326 0.8046875 0.3952702702702703 0.028125
14 0.27364864864864863 0.84375 0.19256756756756757 0.0140625
14 0.2972972972972973 0.865625 0.23648648648648649 0.015625
16 0.16891891891891891 0.93125 0.057432432432432436 0.0515625
16 0.4966216216216216 0.9296875 0.10135135135135136 0.05
16 0.831081081081081 0.928125 0.1554054054054054 0.0515625
7 0.11824324324324324 0.184375 0.14864864864864866 0.0703125
7 0.5878378378378378 0.184375 0.14864864864864866 0.0703125
7 0.11824324324324324 0.2640625 0.14864864864864866 0.06875
7 0.5878378378378378 0.2640625 0.14864864864864866 0.06875
7 0.11824324324324324 0.3421875 0.14527027027027026 0.06875
7 0.5878378378378378 0.3421875 0.14864864864864866 0.0671875
7 0.11824324324324324 0.4203125 0.14189189189189189 0.0703125
7 0.5878378378378378 0.41875 0.14864864864864866 0.071875
7 0.10810810810810811 0.525 0.13175675675675674 0.059375
7 0.23648648648648649 0.6609375 0.375 0.178125
7 0.10135135135135136 0.853125 0.10472972972972973 0.05
7 0.40202702702702703 0.5234375 0.3918918918918919 0.0484375
8 0.8716216216216216 0.709375 0.08108108108108109 0.040625
14 0.16554054054054054 0.9484375 0.02364864864864865 0.015625
14 0.5 0.95 0.10135135135135136 0.0140625
14 0.8344594594594594 0.9484375 0.1554054054054054 0.0140625
6 0.16554054054054054 0.91875 0.057432432432432436 0.0296875
6 0.5 0.9203125 0.06418918918918919 0.028125
6 0.831081081081081 0.91875 0.057432432432432436 0.0265625
6 0.7837837837837838 0.8546875 0.07094594594594594 0.028125
6 0.9121621621621622 0.853125 0.037162162162162164 0.021875
6 0.4966216216216216 0.709375 0.060810810810810814 0.028125
6 0.4527027027027027 0.1890625 0.030405405405405407 0.00625