15 0.14189189189189189 0.3046875 0.1891891891891892 0.0390625
15 0.3344594594594595 0.3046875 0.17567567567567569 0.0390625
15 0.5202702702702703 0.3046875 0.17567567567567569 0.0421875
7 0.2195945945945946 0.7859375 0.3716216216216216 0.20625
7 0.2195945945945946 0.5390625 0.3716216216216216 0.20625
16 0.9155405405405406 0.409375 0.0945945945945946 0.0171875
18 0.5 0.0328125 1 0.0640625
17 0.5 0.0921875 0.9966216216216216 0.0578125
5 0.44256756756756754 0.090625 0.581081081081081 0.0453125
16 0.27364864864864863 0.1484375 0.43243243243243246 0.0421875
16 0.7297297297297297 0.1484375 0.43243243243243246 0.0421875
11 0.5 0.196875 1 0.0390625
11 0.5 0.253125 1 0.04375
9 0.5 0.6921875 1 0.615625
6 0.08445945945945946 0.090625 0.030405405405405407 0.0265625
6 0.6722972972972973 0.090625 0.04391891891891892 0.01875
6 0.7972972972972973 0.090625 0.0472972972972973 0.0265625
6 0.9121621621621622 0.0921875 0.05405405405405406 0.0234375
6 0.0945945945945946 0.1484375 0.033783783783783786 0.015625
6 0.5540540540540541 0.146875 0.033783783783783786 0.0171875
6 0.8074324324324325 0.3046875 0.0472972972972973 0.0203125
6 0.9358108108108109 0.3046875 0.05067567567567568 0.0234375
6 0.9425675675675675 0.359375 0.02027027027027027 0.00625
6 0.9425675675675675 0.4109375 0.02027027027027027 0.009375
6 0.4527027027027027 0.471875 0.02364864864864865 0.0125
6 0.4560810810810811 0.7421875 0.02364864864864865 0.0125
6 0.05405405405405406 0.878125 0.02364864864864865 0.0140625
6 0.05067567567567568 0.6328125 0.02364864864864865 0.0125
14 0.7837837837837838 0.8484375 0.375 0.015625
14 0.8412162162162162 0.8765625 0.2533783783783784 0.01875
14 0.6554054054054054 0.875 0.06418918918918919 0.0109375
14 0.6486486486486487 0.965625 0.4222972972972973 0.01875
14 0.5067567567567568 0.9390625 0.11148648648648649 0.0125
14 0.4797297297297297 0.7890625 0.060810810810810814 0.0109375
14 0.6317567567567568 0.790625 0.1858108108108108 0.009375
14 0.46621621621621623 0.765625 0.05405405405405406 0.0140625
14 0.6621621621621622 0.7078125 0.44594594594594594 0.04375
14 0.543918918918919 0.74375 0.13851351351351351 0.0125
14 0.777027027027027 0.603125 0.38513513513513514 0.0140625
14 0.8513513513513513 0.63125 0.23310810810810811 0.021875
14 0.4797297297297297 0.5203125 0.060810810810810814 0.0109375
14 0.6216216216216216 0.51875 0.15878378378378377 0.0109375
14 0.46621621621621623 0.496875 0.0472972972972973 0.0125
14 0.5709459459459459 0.446875 0.26013513513513514 0.0171875
14 0.543918918918919 0.4734375 0.13851351351351351 0.0140625
14 0.20270270270270271 0.63125 0.2533783783783784 0.0125
14 0.20270270270270271 0.878125 0.25 0.0109375
14 0.13851351351351351 0.30625 0.125 0.0140625
14 0.3344594594594595 0.3046875 0.10810810810810811 0.015625
14 0.5168918918918919 0.3046875 0.10810810810810811 0.0125
14 0.6790540540540541 0.3046875 0.05405405405405406 0.0109375
14 0.831081081081081 0.359375 0.17229729729729729 0.0125
14 0.18243243243243243 0.3609375 0.2533783783783784 0.0109375
14 0.14527027027027026 0.409375 0.22972972972972974 0.015625
14 0.0945945945945946 0.25625 0.05067567567567568 0.0140625
14 0.22635135135135134 0.25625 0.05067567567567568 0.0125
14 0.3952702702702703 0.25625 0.14527027027027026 0.0140625
14 0.597972972972973 0.2578125 0.14527027027027026 0.0140625
14 0.8074324324324325 0.25625 0.16216216216216217 0.0140625
14 0.12162162162162163 0.19375 0.13175675675675674 0.0125
14 0.32094594594594594 0.196875 0.14527027027027026 0.0125
14 0.5202702702702703 0.1953125 0.14189189189189189 0.0140625
14 0.668918918918919 0.1953125 0.05067567567567568 0.0125
14 0.777027027027027 0.1953125 0.0472972972972973 0.0125
14 0.9054054054054054 0.1953125 0.10810810810810811 0.0140625
14 0.2635135135135135 0.1484375 0.27702702702702703 0.015625
14 0.6722972972972973 0.146875 0.17905405405405406 0.0171875
14 0.21283783783783783 0.090625 0.060810810810810814 0.015625
14 0.902027027027027 0.409375 0.04391891891891892 0.0109375