18 0.5 0.0359375 1 0.071875
1 0.5 0.925 1 0.06875
16 0.10135135135135136 0.9296875 0.10472972972972973 0.0484375
16 0.2972972972972973 0.93125 0.09121621621621621 0.046875
16 0.5 0.9296875 0.08108108108108109 0.0453125
16 0.6993243243243243 0.928125 0.06418918918918919 0.0515625
16 0.8986486486486487 0.9296875 0.057432432432432436 0.0484375
2 0.38513513513513514 0.478125 0.6621621621621622 0.4109375
7 0.10810810810810811 0.8546875 0.10472972972972973 0.0515625
7 0.8986486486486487 0.1453125 0.09797297297297297 0.0453125
7 0.38513513513513514 0.425 0.6621621621621622 0.30625
14 0.2195945945945946 0.1453125 0.32432432432432434 0.040625
14 0.1858108108108108 0.2140625 0.25675675675675674 0.025
14 0.1858108108108108 0.2453125 0.26013513513513514 0.0171875
14 0.8209459459459459 0.24375 0.14189189189189189 0.0171875
14 0.24324324324324326 0.74375 0.36824324324324326 0.0296875
14 0.42905405405405406 0.8578125 0.48986486486486486 0.01875
14 0.10135135135135136 0.9484375 0.10472972972972973 0.015625
14 0.30067567567567566 0.9484375 0.08783783783783784 0.0109375
14 0.5 0.946875 0.06418918918918919 0.0109375
14 0.6993243243243243 0.9484375 0.060810810810810814 0.009375
14 0.902027027027027 0.9484375 0.04391891891891892 0.0125
14 0.38513513513513514 0.6296875 0.28040540540540543 0.015625
6 0.46621621621621623 0.74375 0.02027027027027027 0.01875
6 0.75 0.85625 0.05067567567567568 0.0265625
6 0.8851351351351351 0.85625 0.08108108108108109 0.025
6 0.10135135135135136 0.9203125 0.06418918918918919 0.0296875
6 0.2972972972972973 0.921875 0.060810810810810814 0.0265625
6 0.5 0.9203125 0.08108108108108109 0.028125
6 0.6993243243243243 0.9203125 0.06418918918918919 0.0375
6 0.8986486486486487 0.9203125 0.057432432432432436 0.028125