11 0.5 0.090625 0.28378378378378377 0.0484375
0 0.5 0.45 1 0.9
18 0.5 0.028125 1 0.0546875
17 0.5 0.0859375 1 0.0640625
14 0.43243243243243246 0.0890625 0.11148648648648649 0.01875
14 0.5878378378378378 0.0859375 0.0777027027027027 0.0203125
14 0.46621621621621623 0.2078125 0.7297297297297297 0.1078125
14 0.17229729729729729 0.8109375 0.28378378378378377 0.01875
14 0.3783783783783784 0.8578125 0.6891891891891891 0.040625
1 0.5 0.95 1 0.0984375
8 0.9155405405405406 0.446875 0.12837837837837837 0.0671875
8 0.9256756756756757 0.85625 0.10472972972972973 0.0546875
16 0.10135135135135136 0.928125 0.060810810810810814 0.04375
16 0.30067567567567566 0.928125 0.06418918918918919 0.0453125
16 0.7027027027027027 0.9296875 0.05405405405405406 0.0421875
16 0.8986486486486487 0.928125 0.06418918918918919 0.0453125
8 0.5 0.925 0.11486486486486487 0.0359375
6 0.9155405405405406 0.76875 0.08108108108108109 0.0359375
6 0.918918918918919 0.6875 0.060810810810810814 0.0296875
6 0.918918918918919 0.60625 0.08108108108108109 0.0359375
6 0.9222972972972973 0.5265625 0.08108108108108109 0.034375
6 0.9290540540540541 0.090625 0.06418918918918919 0.0296875
14 0.918918918918919 0.55625 0.07094594594594594 0.0109375
14 0.9222972972972973 0.6359375 0.057432432432432436 0.0125
14 0.9155405405405406 0.715625 0.07094594594594594 0.0140625
14 0.918918918918919 0.7953125 0.07432432432432433 0.0140625
14 0.8986486486486487 0.9453125 0.057432432432432436 0.0125
14 0.6993243243243243 0.94375 0.04054054054054054 0.0125
14 0.30067567567567566 0.94375 0.04054054054054054 0.0125
14 0.10135135135135136 0.94375 0.016891891891891893 0.0109375
6 0.10135135135135136 0.9203125 0.06418918918918919 0.0265625
6 0.30067567567567566 0.9203125 0.06418918918918919 0.03125
6 0.6993243243243243 0.9203125 0.057432432432432436 0.03125
6 0.8986486486486487 0.9203125 0.060810810810810814 0.0265625