18 0.5 0.03125 1 0.0578125
15 0.08783783783783784 0.1203125 0.08445945945945946 0.040625
5 0.5 0.1875 0.9155405405405406 0.0515625
7 0.1858108108108108 0.421875 0.2702702702702703 0.225
7 0.5033783783783784 0.425 0.27364864864864863 0.225
7 0.8175675675675675 0.421875 0.27702702702702703 0.2171875
7 0.26013513513513514 0.675 0.43243243243243246 0.1140625
7 0.7398648648648649 0.678125 0.43243243243243246 0.1140625
7 0.26013513513513514 0.7859375 0.43243243243243246 0.06875
7 0.7398648648648649 0.784375 0.4358108108108108 0.0640625
7 0.09797297297297297 0.853125 0.10810810810810811 0.05
1 0.5 0.9234375 1 0.0703125
16 0.16554054054054054 0.9296875 0.057432432432432436 0.0484375
16 0.5 0.9296875 0.10135135135135136 0.0515625
16 0.831081081081081 0.9296875 0.15878378378378377 0.05
14 0.16891891891891891 0.9484375 0.02364864864864865 0.0140625
14 0.5 0.9484375 0.0945945945945946 0.0140625
14 0.8344594594594594 0.9484375 0.1554054054054054 0.0140625
14 0.3547297297297297 0.8546875 0.3581081081081081 0.0375
14 0.1891891891891892 0.775 0.22972972972972974 0.01875
14 0.6621621621621622 0.7890625 0.22297297297297297 0.0453125
14 0.625 0.64375 0.14864864864864866 0.0171875
14 0.11148648648648649 0.64375 0.07432432432432433 0.0203125
14 0.15878378378378377 0.5765625 0.22297297297297297 0.01875
14 0.10135135135135136 0.5078125 0.05405405405405406 0.015625
14 0.44932432432432434 0.509375 0.11148648648648649 0.0140625
14 0.8074324324324325 0.509375 0.1858108108108108 0.0125
14 0.19932432432432431 0.26875 0.30067567567567566 0.0171875
14 0.38175675675675674 0.1875 0.4222972972972973 0.01875
14 0.20608108108108109 0.121875 0.10472972972972973 0.028125
6 0.9222972972972973 0.1203125 0.060810810810810814 0.0265625
6 0.11486486486486487 0.1875 0.060810810810810814 0.0265625
6 0.7804054054054054 0.853125 0.06418918918918919 0.0265625
6 0.9121621621621622 0.8515625 0.04391891891891892 0.0234375
6 0.16216216216216217 0.91875 0.057432432432432436 0.0265625
6 0.4966216216216216 0.91875 0.060810810810810814 0.0265625
6 0.831081081081081 0.9203125 0.060810810810810814 0.0296875