18 0.5 0.0296875 1 0.0578125
17 0.5 0.0953125 1 0.0734375
11 0.5 0.1625 1 0.0578125
9 0.5 0.584375 1 0.4703125
1 0.5 0.9234375 1 0.0640625
16 0.10135135135135136 0.925 0.05067567567567568 0.0453125
16 0.30067567567567566 0.925 0.060810810810810814 0.0453125
16 0.5 0.925 0.057432432432432436 0.046875
16 0.6993243243243243 0.9265625 0.060810810810810814 0.04375
16 0.8986486486486487 0.928125 0.08108108108108109 0.0421875
7 0.11824324324324324 0.396875 0.12837837837837837 0.059375
7 0.11824324324324324 0.475 0.12837837837837837 0.0578125
7 0.11824324324324324 0.5546875 0.125 0.059375
7 0.11824324324324324 0.6328125 0.125 0.059375
7 0.11824324324324324 0.7109375 0.12837837837837837 0.059375
7 0.11824324324324324 0.790625 0.125 0.059375
6 0.10135135135135136 0.915625 0.05067567567567568 0.0234375
6 0.30067567567567566 0.915625 0.05405405405405406 0.025
6 0.5 0.915625 0.057432432432432436 0.025
6 0.6993243243243243 0.915625 0.05405405405405406 0.0203125
6 0.8986486486486487 0.915625 0.05067567567567568 0.0171875
6 0.6148648648648649 0.85625 0.037162162162162164 0.0171875
6 0.7195945945945946 0.85625 0.0472972972972973 0.0265625
6 0.8243243243243243 0.85625 0.037162162162162164 0.0171875
6 0.9324324324324325 0.85625 0.04391891891891892 0.0171875
6 0.8547297297297297 0.790625 0.037162162162162164 0.01875
6 0.9391891891891891 0.790625 0.013513513513513514 0.01875
6 0.8547297297297297 0.7125 0.033783783783783786 0.01875
6 0.9391891891891891 0.7125 0.013513513513513514 0.0203125
6 0.8547297297297297 0.634375 0.04054054054054054 0.0203125
6 0.9391891891891891 0.6328125 0.013513513513513514 0.01875
6 0.8547297297297297 0.5546875 0.033783783783783786 0.01875
6 0.9391891891891891 0.5546875 0.016891891891891893 0.0203125
6 0.8547297297297297 0.475 0.037162162162162164 0.01875
6 0.9391891891891891 0.475 0.010135135135135136 0.01875
6 0.8547297297297297 0.396875 0.037162162162162164 0.0203125
6 0.9358108108108109 0.396875 0.013513513513513514 0.01875
6 0.2905405405405405 0.3328125 0.02027027027027027 0.0171875
6 0.08783783783783784 0.096875 0.033783783783783786 0.025
5 0.4358108108108108 0.0953125 0.6081081081081081 0.053125
8 0.6790540540540541 0.0953125 0.04054054054054054 0.0203125
6 0.8074324324324325 0.096875 0.04054054054054054 0.025
6 0.9155405405405406 0.096875 0.04054054054054054 0.0234375
14 0.22635135135135134 0.096875 0.10135135135135136 0.015625
14 0.12162162162162163 0.1609375 0.13851351351351351 0.0171875
14 0.2635135135135135 0.1609375 0.033783783783783786 0.015625
14 0.36824324324324326 0.1609375 0.06756756756756757 0.0171875
14 0.527027027027027 0.1609375 0.13513513513513514 0.015625
14 0.6993243243243243 0.1609375 0.09797297297297297 0.0171875
14 0.902027027027027 0.1609375 0.19256756756756757 0.0171875
7 0.11824324324324324 0.24375 0.12837837837837837 0.059375
14 0.3141891891891892 0.2453125 0.1858108108108108 0.040625
14 0.15202702702702703 0.334375 0.19256756756756757 0.0234375
14 0.33783783783783783 0.3984375 0.22635135135135134 0.040625
14 0.2972972972972973 0.4765625 0.14527027027027026 0.0421875
14 0.30405405405405406 0.5546875 0.1554054054054054 0.0390625
14 0.30743243243243246 0.634375 0.16216216216216217 0.0390625
14 0.3108108108108108 0.7125 0.16554054054054054 0.0390625
14 0.32094594594594594 0.7921875 0.19256756756756757 0.040625
14 0.125 0.8578125 0.14527027027027026 0.040625
14 0.10135135135135136 0.94375 0.02027027027027027 0.009375
14 0.30067567567567566 0.94375 0.060810810810810814 0.009375
14 0.5 0.94375 0.037162162162162164 0.0109375
14 0.6993243243243243 0.94375 0.060810810810810814 0.009375
14 0.8986486486486487 0.94375 0.08108108108108109 0.0109375
6 0.6790540540540541 0.0953125 0.02027027027027027 0.009375