17 0.5 0.0703125 1 0.06875
14 0.23896103896103896 0.0734375 0.24155844155844156 0.0265625
6 0.9402597402597402 0.0703125 0.046753246753246755 0.028125
14 0.8337662337662337 0.140625 0.11688311688311688 0.0125
10 0.4987012987012987 0.5515625 0.7532467532467533 0.6203125
14 0.4987012987012987 0.140625 0.12467532467532468 0.0125
14 0.16883116883116883 0.140625 0.18701298701298702 0.0125
14 0.5012987012987012 0.828125 0.21818181818181817 0.015625
15 0.5012987012987012 0.64375 0.4987012987012987 0.0796875
14 0.4987012987012987 0.559375 0.2571428571428571 0.028125
14 0.4987012987012987 0.4609375 0.45454545454545453 0.084375
14 0.4987012987012987 0.3859375 0.44155844155844154 0.025
14 0.4987012987012987 0.321875 0.4961038961038961 0.028125
15 0.5012987012987012 0.7453125 0.4987012987012987 0.08125
18 0.5 0.0171875 1 0.034375
14 0.5012987012987012 0.646875 0.37662337662337664 0.0265625
14 0.5012987012987012 0.746875 0.22337662337662337 0.0203125