15 0.7506493506493507 0.9640625 0.4987012987012987 0.06875
15 0.24935064935064935 0.9640625 0.4987012987012987 0.06875
14 0.5012987012987012 0.8859375 0.38961038961038963 0.0171875
12 0.5012987012987012 0.8484375 0.11428571428571428 0.0203125
14 0.5012987012987012 0.2078125 0.4675324675324675 0.028125
14 0.5012987012987012 0.290625 0.8649350649350649 0.046875
7 0.4987012987012987 0.1328125 0.43896103896103894 0.04375
7 0.4961038961038961 0.578125 0.9090909090909091 0.453125
18 0.4987012987012987 0.0171875 0.9974025974025974 0.034375
14 0.24935064935064935 0.965625 0.14805194805194805 0.025
14 0.7506493506493507 0.9671875 0.11168831168831168 0.0234375