17 0.5 0.0765625 1 0.08125
6 0.4987012987012987 0.0765625 0.046753246753246755 0.0328125
6 0.06753246753246753 0.0765625 0.04155844155844156 0.025
14 0.34285714285714286 0.16875 0.6077922077922078 0.01875
9 0.5038961038961038 0.4421875 0.9662337662337662 0.478125
14 0.1038961038961039 0.2484375 0.13246753246753246 0.0171875
14 0.16623376623376623 0.3453125 0.24675324675324675 0.021875
14 0.15584415584415584 0.4375 0.23376623376623376 0.01875
14 0.24675324675324675 0.53125 0.4103896103896104 0.01875
3 0.4935064935064935 0.6234375 0.9064935064935065 0.0296875
14 0.23116883116883116 0.6265625 0.38441558441558443 0.021875
14 0.3090909090909091 0.721875 0.5428571428571428 0.01875
3 0.4935064935064935 0.8015625 0.9064935064935065 0.0296875
14 0.2519480519480519 0.8046875 0.42597402597402595 0.021875
3 0.4935064935064935 0.8953125 0.9064935064935065 0.0296875
14 0.23116883116883116 0.896875 0.38441558441558443 0.021875
14 0.38961038961038963 0.9921875 0.7038961038961039 0.0140625
18 0.5 0.0171875 1 0.034375