5 0.4987012987012987 0.3828125 0.8051948051948052 0.0453125
5 0.4987012987012987 0.2890625 0.8051948051948052 0.053125
14 0.2753246753246753 0.36875 0.15844155844155844 0.0171875
14 0.2519480519480519 0.278125 0.10909090909090909 0.01875
6 0.13506493506493505 0.36875 0.04935064935064935 0.0171875
6 0.13506493506493505 0.2765625 0.046753246753246755 0.028125
15 0.4987012987012987 0.9578125 0.9974025974025974 0.084375
15 0.4987012987012987 0.871875 0.9974025974025974 0.084375
14 0.4987012987012987 0.79375 0.2701298701298701 0.01875
14 0.5012987012987012 0.7484375 0.3090909090909091 0.0234375
14 0.5012987012987012 0.1890625 0.4649350649350649 0.0171875
14 0.4987012987012987 0.14375 0.16103896103896104 0.021875
17 0.5 0.0765625 1 0.084375
6 0.9428571428571428 0.0765625 0.01038961038961039 0.025
6 0.06753246753246753 0.0765625 0.03896103896103896 0.0234375
18 0.4987012987012987 0.0171875 0.9974025974025974 0.034375
14 0.5012987012987012 0.8734375 0.14025974025974025 0.0171875
14 0.5012987012987012 0.959375 0.21558441558441557 0.01875