14 0.4987012987012987 0.6765625 0.7610389610389611 0.021875
15 0.23636363636363636 0.740625 0.3948051948051948 0.0703125
15 0.5012987012987012 0.5765625 0.9246753246753247 0.0578125
14 0.15584415584415584 0.640625 0.23896103896103896 0.0203125
14 0.8415584415584415 0.640625 0.24155844155844156 0.0171875
5 0.4987012987012987 0.51875 0.9116883116883117 0.0296875
14 0.14545454545454545 0.5140625 0.18701298701298702 0.0203125
5 0.5012987012987012 0.4671875 0.9116883116883117 0.0296875
14 0.1038961038961039 0.4625 0.1012987012987013 0.021875
14 0.4857142857142857 0.390625 0.8987012987012987 0.0875
17 0.5 0.07578125 1 0.0796875
6 0.9402597402597402 0.0765625 0.06233766233766234 0.0421875
14 0.509090909090909 0.0796875 0.1012987012987013 0.021875
6 0.06753246753246753 0.0765625 0.05714285714285714 0.025
18 0.5 0.0171875 1 0.034375
14 0.4987012987012987 0.5765625 0.10649350649350649 0.0171875
14 0.23636363636363636 0.7421875 0.37142857142857144 0.0203125