10 0.5012987012987012 0.5171875 0.8727272727272727 0.73125
9 0.5012987012987012 0.5078125 0.8675324675324675 0.5640625
14 0.812987012987013 0.84375 0.12987012987012986 0.0171875
7 0.14545454545454545 0.74375 0.09350649350649351 0.0578125
7 0.14805194805194805 0.6484375 0.08831168831168831 0.065625
7 0.14805194805194805 0.5546875 0.1038961038961039 0.065625
7 0.14545454545454545 0.459375 0.10909090909090909 0.0625
7 0.14545454545454545 0.36875 0.11428571428571428 0.0625
7 0.14805194805194805 0.275 0.11948051948051948 0.071875
14 0.34805194805194806 0.74375 0.22857142857142856 0.0265625
14 0.535064935064935 0.65 0.6337662337662338 0.0265625
14 0.3948051948051948 0.55625 0.33506493506493507 0.0265625
14 0.2961038961038961 0.4625 0.12727272727272726 0.0265625
14 0.36103896103896105 0.3734375 0.2571428571428571 0.0328125
14 0.34545454545454546 0.2765625 0.22337662337662337 0.0265625
14 0.2571428571428571 0.2 0.2675324675324675 0.0296875
18 0.4987012987012987 0.0171875 0.9974025974025974 0.034375