0 0.4987012987012987 0.5171875 0.9974025974025974 0.9640625
15 0.4987012987012987 0.80625 0.6571428571428571 0.06875
15 0.4987012987012987 0.725 0.6545454545454545 0.0640625
14 0.6103896103896104 0.940625 0.43116883116883115 0.01875
6 0.6077922077922078 0.8875 0.033766233766233764 0.0296875
14 0.7090909090909091 0.8875 0.09610389610389611 0.015625
14 0.37922077922077924 0.8875 0.09350649350649351 0.015625
7 0.4987012987012987 0.628125 0.5688311688311688 0.053125
14 0.8805194805194805 0.0453125 0.07272727272727272 0.0171875
18 0.4987012987012987 0.0171875 0.9974025974025974 0.034375
6 0.9428571428571428 0.0453125 0.015584415584415584 0.0171875
6 0.3116883116883117 0.725 0.02857142857142857 0.0328125
6 0.3116883116883117 0.80625 0.04935064935064935 0.0296875
14 0.548051948051948 0.7296875 0.33506493506493507 0.021875
14 0.5376623376623376 0.809375 0.3116883116883117 0.021875