4 0.38961038961038963 0.5171875 0.7766233766233767 0.9625
9 0.38961038961038963 0.528125 0.7766233766233767 0.5171875
6 0.38961038961038963 0.2078125 0.13246753246753246 0.0578125
14 0.38701298701298703 0.1375 0.4701298701298701 0.0328125
14 0.2545454545454545 0.315625 0.16103896103896104 0.0171875
14 0.3064935064935065 0.3875 0.2597402597402597 0.0203125
14 0.24675324675324675 0.45625 0.13766233766233765 0.0171875
14 0.2597402597402597 0.5265625 0.16883116883116883 0.0171875
14 0.2805194805194805 0.5984375 0.21038961038961038 0.0203125
14 0.24675324675324675 0.6671875 0.14285714285714285 0.0171875
14 0.2987012987012987 0.7390625 0.24415584415584415 0.021875
14 0.23896103896103896 0.8296875 0.12467532467532468 0.0203125
14 0.22077922077922077 0.8890625 0.09090909090909091 0.0171875
6 0.06753246753246753 0.8890625 0.03636363636363636 0.021875
6 0.06753246753246753 0.828125 0.03636363636363636 0.021875
6 0.06753246753246753 0.7375 0.04155844155844156 0.0328125
6 0.06753246753246753 0.6671875 0.04415584415584416 0.028125
6 0.06753246753246753 0.596875 0.05974025974025974 0.025
6 0.07012987012987013 0.525 0.05194805194805195 0.0328125
6 0.06753246753246753 0.45625 0.04935064935064935 0.028125
6 0.06753246753246753 0.3859375 0.04415584415584416 0.03125
6 0.06753246753246753 0.315625 0.04155844155844156 0.0296875
18 0.4987012987012987 0.0171875 0.9974025974025974 0.034375