9 0.5 0.66796875 1 0.2484375
9 0.5 0.28671875 1 0.3390625
3 0.4935064935064935 0.159375 0.9038961038961039 0.028125
14 0.16103896103896104 0.1625 0.24155844155844156 0.0234375
3 0.4909090909090909 0.2421875 0.9038961038961039 0.028125
14 0.12207792207792208 0.24375 0.16623376623376623 0.021875
3 0.4935064935064935 0.3234375 0.9038961038961039 0.0265625
14 0.2025974025974026 0.3234375 0.3246753246753247 0.01875
3 0.4935064935064935 0.40625 0.9038961038961039 0.028125
14 0.18181818181818182 0.4078125 0.2831168831168831 0.0234375
14 0.13246753246753246 0.4828125 0.18441558441558442 0.021875
14 0.08311688311688312 0.5171875 0.08571428571428572 0.0140625
3 0.4909090909090909 0.5890625 0.9038961038961039 0.028125
14 0.2051948051948052 0.590625 0.33246753246753247 0.0234375
3 0.4909090909090909 0.6703125 0.9038961038961039 0.0265625
14 0.2649350649350649 0.6703125 0.45194805194805193 0.01875
3 0.4935064935064935 0.7515625 0.9038961038961039 0.028125
14 0.33246753246753247 0.7546875 0.5818181818181818 0.0234375
14 0.07532467532467532 0.8296875 0.07012987012987013 0.0125
14 0.2753246753246753 0.9 0.4701298701298701 0.0234375
14 0.18701298701298702 0.978125 0.2935064935064935 0.0234375
17 0.5012987012987012 0.075 0.9974025974025974 0.0796875
14 0.2597402597402597 0.0796875 0.16883116883116883 0.028125
6 0.06753246753246753 0.0765625 0.04155844155844156 0.025
18 0.4987012987012987 0.0171875 0.9974025974025974 0.034375