12 0.4909090909090909 0.7765625 0.12207792207792208 0.0125
14 0.4987012987012987 0.5203125 0.2623376623376623 0.0296875
14 0.4987012987012987 0.60625 0.8285714285714286 0.1125
7 0.4961038961038961 0.3515625 0.6753246753246753 0.2359375
16 0.7402597402597403 0.8515625 0.44415584415584414 0.06875
16 0.2597402597402597 0.8515625 0.44415584415584414 0.06875
15 0.4987012987012987 0.9421875 0.9246753246753247 0.0671875
14 0.8831168831168831 0.071875 0.11428571428571428 0.01875
18 0.4987012987012987 0.0171875 0.9974025974025974 0.034375
14 0.24415584415584415 0.8515625 0.17402597402597403 0.015625
14 0.7246753246753247 0.8515625 0.17402597402597403 0.0171875
14 0.5012987012987012 0.9421875 0.3220779220779221 0.01875
7 0.41818181818181815 0.8515625 0.05714285714285714 0.034375
6 0.8987012987012987 0.8515625 0.03116883116883117 0.0359375