8 0.8854166666666666 0.94375 0.1171875 0.0703125
5 0.5 0.8203125 0.8854166666666666 0.0296875
14 0.1484375 0.8140625 0.18229166666666666 0.0171875
5 0.5 0.6890625 0.8854166666666666 0.0296875
14 0.20833333333333334 0.6828125 0.296875 0.0171875
5 0.5 0.5546875 0.8880208333333334 0.034375
14 0.171875 0.546875 0.21614583333333334 0.0171875
5 0.5 0.4234375 0.8854166666666666 0.0328125
14 0.171875 0.4140625 0.22395833333333334 0.0171875
14 0.453125 0.240625 0.7838541666666666 0.0625
14 0.2734375 0.153125 0.4166666666666667 0.04375
6 0.08333333333333333 0.0765625 0.0390625 0.0234375
18 0.5 0.0171875 1 0.034375