1 0.5 0.95703125 1 0.0828125
16 0.1012987012987013 0.959375 0.1012987012987013 0.05
16 0.3012987012987013 0.9609375 0.07532467532467532 0.0484375
16 0.5012987012987012 0.959375 0.06493506493506493 0.0515625
16 0.7012987012987013 0.959375 0.07272727272727272 0.05
16 0.8987012987012987 0.959375 0.09610389610389611 0.0515625
9 0.5 0.53984375 1 0.5421875
14 0.7012987012987013 0.9796875 0.07272727272727272 0.009375
14 0.5012987012987012 0.9796875 0.06493506493506493 0.009375
14 0.3012987012987013 0.9796875 0.07532467532467532 0.009375
14 0.8987012987012987 0.9796875 0.09610389610389611 0.009375
14 0.1012987012987013 0.9796875 0.1012987012987013 0.009375
6 0.8987012987012987 0.95 0.05974025974025974 0.034375
6 0.6987012987012987 0.95 0.05194805194805195 0.03125
6 0.4987012987012987 0.95 0.05194805194805195 0.0328125
6 0.3012987012987013 0.95 0.05974025974025974 0.0296875
6 0.1012987012987013 0.95 0.04935064935064935 0.0328125
6 0.9116883116883117 0.753125 0.05454545454545454 0.0328125
14 0.24155844155844156 0.7546875 0.36103896103896105 0.021875
6 0.9116883116883117 0.646875 0.05454545454545454 0.0328125
14 0.10909090909090909 0.65 0.09350649350649351 0.0265625
6 0.9116883116883117 0.5390625 0.05454545454545454 0.0328125
14 0.14285714285714285 0.5421875 0.16623376623376623 0.0265625
6 0.9116883116883117 0.43125 0.05974025974025974 0.0359375
14 0.21818181818181817 0.434375 0.3090909090909091 0.0265625
6 0.9116883116883117 0.3234375 0.05454545454545454 0.0328125
14 0.19480519480519481 0.325 0.2701298701298701 0.021875
14 0.2519480519480519 0.221875 0.38701298701298703 0.025
6 0.8623376623376623 0.171875 0.15844155844155844 0.0828125
14 0.14545454545454545 0.1625 0.17402597402597403 0.0359375
18 0.4987012987012987 0.0171875 0.9974025974025974 0.034375