14 0.2025974025974026 0.58125 0.18441558441558442 0.0234375
6 0.922077922077922 0.0890625 0.01038961038961039 0.021875
6 0.825974025974026 0.0890625 0.03636363636363636 0.021875
6 0.7142857142857143 0.0890625 0.03636363636363636 0.021875
6 0.6051948051948052 0.0890625 0.04155844155844156 0.021875
6 0.4961038961038961 0.0890625 0.03896103896103896 0.025
6 0.38441558441558443 0.0875 0.03636363636363636 0.0234375
6 0.08831168831168831 0.090625 0.04415584415584416 0.0265625
14 0.4935064935064935 0.3234375 0.8571428571428571 0.3390625
14 0.45194805194805193 0.53125 0.7688311688311689 0.0546875
10 0.5 0.87421875 1 0.2453125
16 0.12727272727272726 0.9015625 0.12727272727272726 0.09375
16 0.37662337662337664 0.8984375 0.23896103896103896 0.1
16 0.625974025974026 0.9 0.16883116883116883 0.103125
16 0.8753246753246753 0.9015625 0.14025974025974025 0.1
14 0.10909090909090909 0.79375 0.09610389610389611 0.0203125
14 0.8753246753246753 0.94375 0.14025974025974025 0.0171875
14 0.6233766233766234 0.94375 0.16883116883116883 0.0171875
14 0.37662337662337664 0.940625 0.23896103896103896 0.0125
14 0.12727272727272726 0.940625 0.12727272727272726 0.0140625
7 0.8753246753246753 0.8828125 0.11428571428571428 0.0625
7 0.625974025974026 0.88125 0.10909090909090909 0.065625
7 0.38181818181818183 0.8828125 0.1012987012987013 0.06875
7 0.12467532467532468 0.8828125 0.09350649350649351 0.05625
18 0.4987012987012987 0.0171875 0.9974025974025974 0.034375