15 0.4987012987012987 0.540625 0.9038961038961039 0.0765625
5 0.4987012987012987 0.4609375 0.9038961038961039 0.0296875
14 0.3064935064935065 0.4546875 0.5116883116883116 0.01875
14 0.4987012987012987 0.859375 0.17402597402597403 0.0140625
16 0.7402597402597403 0.934375 0.42337662337662335 0.071875
16 0.2597402597402597 0.934375 0.42337662337662335 0.071875
12 0.4987012987012987 0.340625 0.07792207792207792 0.0109375
14 0.5038961038961038 0.2734375 0.3090909090909091 0.025
14 0.4987012987012987 0.3078125 0.587012987012987 0.01875
7 0.4987012987012987 0.1984375 0.33246753246753247 0.059375
14 0.935064935064935 0.0765625 0.07272727272727272 0.0171875
14 0.21298701298701297 0.0796875 0.34545454545454546 0.0296875
18 0.4987012987012987 0.0171875 0.9974025974025974 0.034375
14 0.5012987012987012 0.540625 0.15324675324675324 0.01875
7 0.12467532467532468 0.9359375 0.04415584415584416 0.0265625
7 0.6051948051948052 0.9359375 0.04415584415584416 0.0265625
14 0.7688311688311689 0.9359375 0.12727272727272726 0.0140625
14 0.2935064935064935 0.9359375 0.16623376623376623 0.0140625