9 0.5 0.25078125 1 0.2234375
9 0.5 0.65625 1 0.353125
6 0.06233766233766234 0.325 0.06493506493506493 0.0359375
14 0.23896103896103896 0.796875 0.23116883116883116 0.021875
6 0.05974025974025974 0.7953125 0.06233766233766234 0.0375
6 0.9402597402597402 0.796875 0.02077922077922078 0.01875
14 0.2987012987012987 0.728125 0.35064935064935066 0.0265625
6 0.06233766233766234 0.725 0.05454545454545454 0.0359375
6 0.9402597402597402 0.725 0.02077922077922078 0.01875
14 0.8025974025974026 0.6546875 0.17142857142857143 0.0171875
14 0.2831168831168831 0.6578125 0.3168831168831169 0.0265625
6 0.05974025974025974 0.6546875 0.05974025974025974 0.0375
6 0.9402597402597402 0.65625 0.02077922077922078 0.01875
14 0.8337662337662337 0.584375 0.11428571428571428 0.01875
14 0.3142857142857143 0.5875 0.38181818181818183 0.0265625
6 0.05974025974025974 0.584375 0.06233766233766234 0.0328125
6 0.9402597402597402 0.584375 0.02077922077922078 0.01875
14 0.8311688311688312 0.5171875 0.11428571428571428 0.0234375
14 0.21818181818181817 0.5171875 0.18701298701298702 0.025
6 0.05974025974025974 0.5140625 0.06233766233766234 0.0375
6 0.9402597402597402 0.5140625 0.02077922077922078 0.01875
14 0.2649350649350649 0.4203125 0.2831168831168831 0.021875
6 0.05974025974025974 0.4203125 0.05974025974025974 0.0359375
6 0.9428571428571428 0.4203125 0.02077922077922078 0.01875
14 0.18961038961038962 0.3265625 0.13766233766233765 0.021875
14 0.18181818181818182 0.2515625 0.11948051948051948 0.021875
6 0.05974025974025974 0.2515625 0.05974025974025974 0.034375
14 0.2701298701298701 0.18125 0.2935064935064935 0.025
6 0.06233766233766234 0.1765625 0.05714285714285714 0.0375
17 0.5 0.0765625 1 0.08125
14 0.4987012987012987 0.0796875 0.17662337662337663 0.028125
6 0.06753246753246753 0.0765625 0.02857142857142857 0.028125
18 0.5 0.0171875 1 0.034375
13 0.8701298701298701 0.1765625 0.13766233766233765 0.05
13 0.8701298701298701 0.2515625 0.13506493506493505 0.05
13 0.8701298701298701 0.3265625 0.13506493506493505 0.05