4 0.34025974025974026 0.5171875 0.6779220779220779 0.9640625
9 0.34025974025974026 0.39375 0.6805194805194805 0.3046875
14 0.43896103896103894 0.1234375 0.2883116883116883 0.0203125
14 0.24415584415584415 0.290625 0.13766233766233765 0.021875
14 0.2623376623376623 0.3609375 0.17402597402597403 0.0203125
14 0.2649350649350649 0.4296875 0.17922077922077922 0.0171875
14 0.3220779220779221 0.5015625 0.2909090909090909 0.021875
14 0.07532467532467532 0.596875 0.06753246753246753 0.0203125
14 0.12207792207792208 0.6640625 0.16623376623376623 0.0171875
14 0.13506493506493505 0.734375 0.18961038961038962 0.0171875
14 0.6051948051948052 0.971875 0.11428571428571428 0.01875
6 0.06753246753246753 0.4984375 0.05974025974025974 0.0296875
6 0.06753246753246753 0.428125 0.05714285714285714 0.034375
6 0.06753246753246753 0.3578125 0.05714285714285714 0.034375
6 0.06753246753246753 0.2875 0.05974025974025974 0.0296875
7 0.13506493506493505 0.1234375 0.18701298701298702 0.1109375
18 0.4987012987012987 0.0171875 0.9974025974025974 0.034375