0 0.4987012987012987 0.5171875 0.9974025974025974 0.9640625
15 0.4987012987012987 0.6328125 0.9272727272727272 0.0671875
5 0.4987012987012987 0.5421875 0.9272727272727272 0.084375
14 0.1974025974025974 0.534375 0.21558441558441557 0.0234375
5 0.4987012987012987 0.4578125 0.9272727272727272 0.084375
14 0.2519480519480519 0.465625 0.3220779220779221 0.0234375
14 0.8779220779220779 0.3921875 0.16883116883116883 0.0296875
14 0.2987012987012987 0.3921875 0.5168831168831168 0.0296875
7 0.4987012987012987 0.265625 0.38441558441558443 0.0921875
18 0.4987012987012987 0.0171875 0.9974025974025974 0.034375
14 0.5012987012987012 0.6375 0.13246753246753246 0.028125