17 0.5 0.07734375 1 0.0828125
7 0.5012987012987012 0.375 0.6103896103896104 0.3671875
12 0.4987012987012987 0.859375 0.05974025974025974 0.0109375
15 0.5012987012987012 0.93125 0.9012987012987013 0.0734375
14 0.5012987012987012 0.7078125 0.8051948051948052 0.0609375
6 0.935064935064935 0.1453125 0.033766233766233764 0.0203125
18 0.4987012987012987 0.0171875 0.9974025974025974 0.034375
5 0.5558441558441558 0.0765625 0.812987012987013 0.059375
6 0.1974025974025974 0.0765625 0.046753246753246755 0.028125
14 0.4701298701298701 0.078125 0.44675324675324674 0.0203125
6 0.06753246753246753 0.075 0.04415584415584416 0.01875
14 0.5012987012987012 0.9296875 0.1974025974025974 0.021875