10 0.4987012987012987 0.790625 0.9974025974025974 0.4171875
16 0.15584415584415584 0.721875 0.10909090909090909 0.1046875
16 0.38441558441558443 0.721875 0.16103896103896104 0.103125
16 0.6155844155844156 0.7203125 0.11688311688311688 0.10625
16 0.8467532467532467 0.7296875 0.2077922077922078 0.1265625
16 0.15324675324675324 0.9015625 0.12467532467532468 0.10625
14 0.15324675324675324 0.946875 0.12467532467532468 0.0171875
14 0.8467532467532467 0.7765625 0.2077922077922078 0.034375
14 0.6155844155844156 0.7671875 0.10649350649350649 0.0140625
14 0.38441558441558443 0.765625 0.16103896103896104 0.0140625
14 0.15324675324675324 0.7671875 0.06233766233766234 0.0140625
7 0.15324675324675324 0.8796875 0.11168831168831168 0.0640625
7 0.8545454545454545 0.703125 0.0987012987012987 0.071875
7 0.6155844155844156 0.703125 0.11688311688311688 0.0703125
7 0.38441558441558443 0.7015625 0.1012987012987013 0.0640625
7 0.15584415584415584 0.7015625 0.10909090909090909 0.0625
14 0.10909090909090909 0.6140625 0.13766233766233765 0.0171875
18 0.4987012987012987 0.0171875 0.9974025974025974 0.034375