4 0.44155844155844154 0.5171875 0.8805194805194805 0.9625
9 0.43896103896103894 0.503125 0.8779220779220779 0.66875
6 0.9558441558441558 0.08125 0.04155844155844156 0.0203125
7 0.44155844155844154 0.1109375 0.11688311688311688 0.065625
6 0.08831168831168831 0.2046875 0.05454545454545454 0.0328125
14 0.18441558441558442 0.2078125 0.07272727272727272 0.021875
6 0.08831168831168831 0.2640625 0.05194805194805195 0.021875
14 0.18961038961038962 0.2640625 0.08311688311688312 0.0171875
6 0.08571428571428572 0.321875 0.05714285714285714 0.025
3 0.44155844155844154 0.415625 0.7636363636363637 0.0453125
14 0.24155844155844156 0.321875 0.18701298701298702 0.01875
6 0.08831168831168831 0.415625 0.05454545454545454 0.0265625
14 0.2727272727272727 0.41875 0.2519480519480519 0.0234375
14 0.4675324675324675 0.4734375 0.6597402597402597 0.040625
6 0.08831168831168831 0.5328125 0.05454545454545454 0.028125
14 0.2857142857142857 0.534375 0.2727272727272727 0.0234375
6 0.08831168831168831 0.6265625 0.046753246753246755 0.0296875
14 0.21558441558441557 0.6296875 0.13766233766233765 0.0234375
6 0.08831168831168831 0.6859375 0.05454545454545454 0.0296875
14 0.22857142857142856 0.6859375 0.16363636363636364 0.01875
6 0.08831168831168831 0.74375 0.04415584415584416 0.0265625
14 0.19480519480519481 0.74375 0.1012987012987013 0.01875
6 0.08571428571428572 0.8015625 0.046753246753246755 0.0265625
14 0.2025974025974026 0.8046875 0.11168831168831168 0.021875
18 0.5 0.0171875 1 0.034375