14 0.2987012987012987 0.959375 0.1038961038961039 0.0140625
6 0.2051948051948052 0.9578125 0.03896103896103896 0.0203125
14 0.7584415584415585 0.959375 0.07272727272727272 0.0140625
6 0.6831168831168831 0.9578125 0.03636363636363636 0.0234375
15 0.4987012987012987 0.878125 0.922077922077922 0.0671875
6 0.05714285714285714 0.0765625 0.04415584415584416 0.0265625
10 0.4987012987012987 0.51875 0.7766233766233767 0.60625
9 0.4987012987012987 0.5984375 0.7766233766233767 0.2546875
15 0.4987012987012987 0.775 0.7766233766233767 0.0953125
7 0.18701298701298702 0.68125 0.07792207792207792 0.05
7 0.17922077922077922 0.5984375 0.07792207792207792 0.046875
7 0.18701298701298702 0.5140625 0.08571428571428572 0.046875
14 0.4103896103896104 0.684375 0.3012987012987013 0.021875
14 0.35584415584415585 0.5984375 0.2077922077922078 0.0234375
14 0.37922077922077924 0.5171875 0.23116883116883116 0.0296875
14 0.4987012987012987 0.4109375 0.5844155844155844 0.028125
7 0.5012987012987012 0.2921875 0.24935064935064935 0.15
18 0.4987012987012987 0.0171875 0.9974025974025974 0.034375
14 0.5012987012987012 0.8796875 0.17142857142857143 0.01875
14 0.5012987012987012 0.7734375 0.12467532467532468 0.025