14 0.8727272727272727 0.9703125 0.21038961038961038 0.0375
17 0.5 0.0703125 1 0.071875
6 0.7064935064935065 0.0703125 0.046753246753246755 0.01875
6 0.8233766233766234 0.0703125 0.04415584415584416 0.0265625
6 0.9402597402597402 0.0703125 0.04155844155844156 0.0265625
14 0.16363636363636364 0.084375 0.07532467532467532 0.0171875
14 0.24675324675324675 0.059375 0.24415584415584415 0.0203125
6 0.05714285714285714 0.0703125 0.046753246753246755 0.01875
10 0.4987012987012987 0.5171875 0.7012987012987013 0.478125
7 0.5428571428571428 0.384375 0.07792207792207792 0.0484375
7 0.5428571428571428 0.45 0.07792207792207792 0.0484375
7 0.5428571428571428 0.5125 0.08051948051948052 0.046875
7 0.5428571428571428 0.578125 0.07272727272727272 0.04375
7 0.21558441558441557 0.6421875 0.07272727272727272 0.0453125
7 0.21558441558441557 0.578125 0.07272727272727272 0.04375
7 0.21558441558441557 0.5125 0.08051948051948052 0.0484375
7 0.21558441558441557 0.4484375 0.07792207792207792 0.046875
7 0.21818181818181817 0.384375 0.07532467532467532 0.0453125
14 0.35584415584415585 0.4515625 0.15584415584415584 0.025
14 0.36363636363636365 0.5140625 0.17402597402597403 0.0203125
14 0.3220779220779221 0.6421875 0.09610389610389611 0.0203125
14 0.32987012987012987 0.578125 0.1038961038961039 0.01875
14 0.6831168831168831 0.5765625 0.16623376623376623 0.0203125
14 0.6493506493506493 0.515625 0.09090909090909091 0.0234375
14 0.7116883116883117 0.4484375 0.21558441558441557 0.0203125
14 0.6363636363636364 0.384375 0.06493506493506493 0.01875
14 0.37402597402597404 0.3875 0.19220779220779222 0.025
14 0.7038961038961039 0.715625 0.17402597402597403 0.015625
14 0.4935064935064935 0.715625 0.12987012987012986 0.015625
14 0.35064935064935066 0.3234375 0.2831168831168831 0.021875
18 0.4987012987012987 0.0171875 0.9974025974025974 0.034375