10 0.4987012987012987 0.5 0.8727272727272727 0.6578125
9 0.42337662337662335 0.5359375 0.6051948051948052 0.5328125
7 0.16103896103896104 0.2203125 0.07792207792207792 0.046875
14 0.2805194805194805 0.2203125 0.11948051948051948 0.021875
3 0.2597402597402597 0.290625 0.2675324675324675 0.03125
14 0.3168831168831169 0.29375 0.15324675324675324 0.025
3 0.2779220779220779 0.3609375 0.3038961038961039 0.03125
14 0.33506493506493507 0.3625 0.18961038961038962 0.0265625
3 0.2623376623376623 0.43125 0.2727272727272727 0.03125
14 0.3194805194805195 0.434375 0.15844155844155844 0.025
3 0.22597402597402597 0.5015625 0.2 0.0296875
14 0.2857142857142857 0.503125 0.08571428571428572 0.0265625
3 0.3116883116883117 0.571875 0.36883116883116884 0.0296875
14 0.36623376623376624 0.571875 0.2571428571428571 0.021875
3 0.2675324675324675 0.6421875 0.2857142857142857 0.03125
14 0.3246753246753247 0.6453125 0.17142857142857143 0.025
3 0.22077922077922077 0.7125 0.19220779220779222 0.0296875
14 0.2779220779220779 0.7140625 0.07792207792207792 0.0234375
3 0.24675324675324675 0.7828125 0.24415584415584415 0.0296875
14 0.3038961038961039 0.78125 0.12987012987012986 0.021875