14 0.5012987012987012 0.859375 0.7142857142857143 0.046875
16 0.5012987012987012 0.76875 0.7766233766233767 0.075
14 0.5012987012987012 0.69375 0.03636363636363636 0.0140625
16 0.5012987012987012 0.6140625 0.7766233766233767 0.0765625
16 0.4987012987012987 0.5171875 0.7766233766233767 0.075
16 0.5012987012987012 0.421875 0.7766233766233767 0.075
7 0.5012987012987012 0.2671875 0.4857142857142857 0.0640625
17 0.4987012987012987 0.0765625 0.9974025974025974 0.08125
14 0.825974025974026 0.0765625 0.2883116883116883 0.015625
14 0.14545454545454545 0.0765625 0.2077922077922078 0.021875
18 0.4987012987012987 0.0171875 0.9974025974025974 0.034375
14 0.4857142857142857 0.425 0.33246753246753247 0.0234375
14 0.509090909090909 0.5203125 0.37922077922077924 0.0234375
14 0.4857142857142857 0.6171875 0.33246753246753247 0.0234375
14 0.4701298701298701 0.771875 0.3012987012987013 0.0234375
6 0.19220779220779222 0.7671875 0.06233766233766234 0.040625
6 0.19220779220779222 0.6140625 0.07792207792207792 0.0453125
6 0.19480519480519481 0.51875 0.04155844155844156 0.046875
6 0.19480519480519481 0.421875 0.08051948051948052 0.040625