9 0.4909090909090909 0.58125 0.8883116883116883 0.6046875
12 0.4987012987012987 0.9578125 0.21818181818181817 0.015625
14 0.11688311688311688 0.290625 0.13506493506493505 0.0171875
3 0.4935064935064935 0.3484375 0.8857142857142857 0.0296875
14 0.2545454545454545 0.3515625 0.4077922077922078 0.0234375
14 0.10649350649350649 0.4390625 0.11428571428571428 0.01875
3 0.4909090909090909 0.496875 0.8857142857142857 0.028125
14 0.13246753246753246 0.496875 0.17402597402597403 0.0203125
14 0.11948051948051948 0.5875 0.14285714285714285 0.01875
3 0.4909090909090909 0.64375 0.8857142857142857 0.028125
14 0.21298701298701297 0.64375 0.32987012987012987 0.0203125
14 0.12207792207792208 0.734375 0.14545454545454545 0.01875
3 0.4909090909090909 0.7921875 0.8883116883116883 0.028125
14 0.2519480519480519 0.7921875 0.412987012987013 0.0234375
3 0.4909090909090909 0.865625 0.8883116883116883 0.028125
14 0.18181818181818182 0.8671875 0.2675324675324675 0.0203125
14 0.8935064935064935 0.959375 0.09610389610389611 0.0203125
5 0.4987012987012987 0.1765625 0.9064935064935065 0.0765625
14 0.22857142857142856 0.175 0.08311688311688312 0.01875
6 0.12727272727272726 0.175 0.04415584415584416 0.0265625
11 0.5 0.07109375 1 0.0671875
14 0.24935064935064935 0.071875 0.3038961038961039 0.0171875
14 0.7506493506493507 0.0703125 0.2935064935064935 0.0171875
18 0.4987012987012987 0.0171875 0.9974025974025974 0.034375