0 0.5 0.51640625 1 0.9640625
14 0.7298701298701299 0.959375 0.2649350649350649 0.0140625
14 0.2675324675324675 0.9609375 0.18181818181818182 0.0203125
16 0.4987012987012987 0.8828125 0.922077922077922 0.071875
16 0.4987012987012987 0.7984375 0.922077922077922 0.0703125
7 0.4987012987012987 0.3984375 0.34025974025974026 0.0828125
14 0.24935064935064935 0.0734375 0.14545454545454545 0.028125
6 0.06753246753246753 0.0703125 0.03896103896103896 0.0234375
18 0.4987012987012987 0.0171875 0.9974025974025974 0.034375
14 0.535064935064935 0.8015625 0.37922077922077924 0.021875
14 0.535064935064935 0.8859375 0.33246753246753247 0.0234375
7 0.2987012987012987 0.7984375 0.04415584415584416 0.0265625
6 0.3194805194805195 0.884375 0.04155844155844156 0.0234375