7 0.8051948051948052 0.5140625 0.07012987012987013 0.065625
7 0.6519480519480519 0.5203125 0.11428571428571428 0.0453125
7 0.5012987012987012 0.5140625 0.07012987012987013 0.0578125
7 0.34805194805194806 0.5171875 0.09610389610389611 0.0515625
7 0.19480519480519481 0.51875 0.10649350649350649 0.0484375
14 0.33766233766233766 0.4359375 0.5142857142857142 0.0453125
15 0.4987012987012987 0.771875 0.8441558441558441 0.0703125
14 0.5012987012987012 0.890625 0.8311688311688312 0.071875
7 0.17402597402597403 0.159375 0.19480519480519481 0.1078125
12 0.5012987012987012 0.96875 0.04935064935064935 0.015625
18 0.4987012987012987 0.0171875 0.9974025974025974 0.034375
14 0.4987012987012987 0.771875 0.09610389610389611 0.0296875