4 0.34025974025974026 0.5171875 0.6779220779220779 0.9625
9 0.34025974025974026 0.5828125 0.6805194805194805 0.834375
14 0.15324675324675324 0.2 0.07532467532467532 0.0140625
14 0.14285714285714285 0.9703125 0.05454545454545454 0.0140625
6 0.05714285714285714 0.9703125 0.05714285714285714 0.034375
14 0.19480519480519481 0.9 0.16103896103896104 0.0140625
6 0.05714285714285714 0.9 0.05194805194805195 0.034375
14 0.2857142857142857 0.83125 0.33766233766233766 0.0140625
6 0.05974025974025974 0.83125 0.05714285714285714 0.03125
14 0.2935064935064935 0.7609375 0.35584415584415585 0.01875
6 0.05714285714285714 0.7609375 0.05714285714285714 0.025
14 0.2935064935064935 0.690625 0.35844155844155845 0.0140625
6 0.05714285714285714 0.690625 0.05974025974025974 0.0265625
14 0.3168831168831169 0.6203125 0.4025974025974026 0.0171875
6 0.05714285714285714 0.6203125 0.05714285714285714 0.0265625
14 0.2571428571428571 0.55 0.2831168831168831 0.01875
6 0.05974025974025974 0.55 0.05714285714285714 0.034375
14 0.16363636363636364 0.48125 0.0987012987012987 0.0140625
6 0.05714285714285714 0.4796875 0.05974025974025974 0.03125
14 0.14285714285714285 0.409375 0.05714285714285714 0.0140625
6 0.05714285714285714 0.409375 0.05714285714285714 0.034375
14 0.3090909090909091 0.340625 0.38701298701298703 0.01875
6 0.05714285714285714 0.3390625 0.05974025974025974 0.034375
14 0.2077922077922078 0.26875 0.18441558441558442 0.015625
6 0.05974025974025974 0.2703125 0.05714285714285714 0.034375
6 0.05714285714285714 0.1984375 0.04935064935064935 0.0265625
14 0.3012987012987013 0.1 0.17402597402597403 0.01875
6 0.10649350649350649 0.0984375 0.13246753246753246 0.078125
18 0.4987012987012987 0.0171875 0.9974025974025974 0.034375