7 0.1012987012987013 0.496875 0.07792207792207792 0.046875
14 0.37142857142857144 0.490625 0.37662337662337664 0.025
14 0.5454545454545454 0.55 0.7220779220779221 0.0734375
14 0.5246753246753246 0.6296875 0.5584415584415584 0.0203125
14 0.2779220779220779 0.134375 0.45454545454545453 0.0265625
14 0.44155844155844154 0.2046875 0.5168831168831168 0.025
14 0.5558441558441558 0.3 0.7454545454545455 0.1546875
7 0.1012987012987013 0.209375 0.08051948051948052 0.046875
15 0.5064935064935064 0.421875 0.8831168831168831 0.0734375
7 0.2051948051948052 0.6265625 0.04415584415584416 0.0265625
12 0.4987012987012987 0.984375 0.09350649350649351 0.015625
17 0.4987012987012987 0.0703125 0.9974025974025974 0.06875
14 0.9142857142857143 0.0703125 0.08571428571428572 0.015625
14 0.7428571428571429 0.0703125 0.07272727272727272 0.015625
7 0.11948051948051948 0.0671875 0.16883116883116883 0.053125
18 0.4987012987012987 0.0171875 0.9974025974025974 0.034375
14 0.5064935064935064 0.425 0.4857142857142857 0.025