14 0.5012987012987012 0.684375 0.43636363636363634 0.01875
12 0.4961038961038961 0.7078125 0.06233766233766234 0.0109375
16 0.4987012987012987 0.7765625 0.8623376623376623 0.05
16 0.4987012987012987 0.8375 0.8649350649350649 0.05
16 0.4987012987012987 0.8984375 0.8623376623376623 0.05
14 0.4987012987012987 0.9609375 0.22597402597402597 0.0125
7 0.4987012987012987 0.3484375 0.9948051948051948 0.625
18 0.4987012987012987 0.0171875 0.9974025974025974 0.034375
14 0.5428571428571428 0.7765625 0.38181818181818183 0.0140625
14 0.5428571428571428 0.8375 0.35324675324675325 0.0125
14 0.5428571428571428 0.9 0.2727272727272727 0.0125
6 0.11428571428571428 0.7765625 0.025974025974025976 0.028125
6 0.11428571428571428 0.8375 0.03896103896103896 0.021875
6 0.11428571428571428 0.8984375 0.04155844155844156 0.015625