10 0.4987012987012987 0.5171875 0.7402597402597403 0.465625
16 0.5012987012987012 0.6796875 0.6415584415584416 0.0578125
15 0.6649350649350649 0.5875 0.3116883116883117 0.0578125
15 0.33506493506493507 0.5875 0.3116883116883117 0.059375
5 0.5012987012987012 0.5140625 0.6441558441558441 0.034375
14 0.2961038961038961 0.5078125 0.18701298701298702 0.0203125
5 0.4987012987012987 0.4421875 0.6441558441558441 0.034375
14 0.2519480519480519 0.4359375 0.1012987012987013 0.0203125
14 0.23636363636363636 0.334375 0.12467532467532468 0.0296875
18 0.4987012987012987 0.0171875 0.9974025974025974 0.034375
14 0.6649350649350649 0.5890625 0.1012987012987013 0.0234375
14 0.33766233766233766 0.590625 0.15324675324675324 0.0234375
14 0.548051948051948 0.6828125 0.1012987012987013 0.01875
7 0.22857142857142856 0.6796875 0.09090909090909091 0.0546875