2 0.2571428571428571 0.5625 0.4623376623376623 0.4
2 0.7428571428571429 0.5625 0.4623376623376623 0.4
14 0.4987012987012987 0.3109375 0.32987012987012987 0.01875
14 0.4987012987012987 0.2171875 0.6 0.0234375
7 0.7428571428571429 0.8984375 0.4623376623376623 0.2015625
7 0.2571428571428571 0.8875 0.2623376623376623 0.221875
15 0.7428571428571429 0.7234375 0.412987012987013 0.0484375
15 0.2545454545454545 0.7234375 0.412987012987013 0.0484375
14 0.6987012987012987 0.6703125 0.033766233766233764 0.0171875
14 0.21038961038961038 0.6703125 0.033766233766233764 0.0171875
14 0.7714285714285715 0.6703125 0.06493506493506493 0.015625
14 0.2857142857142857 0.6703125 0.06493506493506493 0.015625
7 0.7428571428571429 0.5 0.4623376623376623 0.2765625
7 0.2571428571428571 0.5 0.4623376623376623 0.2765625
14 0.4987012987012987 0.1484375 0.8077922077922078 0.0375
14 0.9064935064935065 0.0625 0.13766233766233765 0.0140625
18 0.4987012987012987 0.0171875 0.9974025974025974 0.034375
14 0.2571428571428571 0.725 0.17922077922077922 0.0140625
14 0.7428571428571429 0.7234375 0.17662337662337663 0.0140625