10 0.4987012987012987 0.5171875 0.8727272727272727 0.69375
9 0.4779220779220779 0.515625 0.7922077922077922 0.646875
14 0.36363636363636365 0.80625 0.2701298701298701 0.025
14 0.4155844155844156 0.6140625 0.37402597402597404 0.025
6 0.14025974025974025 0.421875 0.11688311688311688 0.0703125
7 0.14025974025974025 0.8046875 0.10909090909090909 0.065625
14 0.4727272727272727 0.709375 0.4831168831168831 0.065625
7 0.14805194805194805 0.7078125 0.1012987012987013 0.071875
7 0.14025974025974025 0.6125 0.1038961038961039 0.0640625
14 0.37142857142857144 0.521875 0.2805194805194805 0.0296875
7 0.14025974025974025 0.5171875 0.11168831168831168 0.0640625
14 0.36883116883116884 0.4234375 0.2831168831168831 0.025
14 0.35584415584415585 0.328125 0.24935064935064935 0.0234375
7 0.14025974025974025 0.3265625 0.09350649350649351 0.05625
14 0.36103896103896105 0.23125 0.2597402597402597 0.0234375
7 0.14025974025974025 0.2296875 0.11688311688311688 0.0703125
18 0.4987012987012987 0.0171875 0.9974025974025974 0.034375