9 0.4987012987012987 0.55 0.9532467532467532 0.8984375
14 0.17402597402597403 0.96875 0.06233766233766234 0.0171875
14 0.18441558441558442 0.9046875 0.08311688311688312 0.0171875
14 0.24415584415584415 0.8421875 0.2051948051948052 0.0203125
14 0.2025974025974026 0.775 0.11688311688311688 0.015625
14 0.22337662337662337 0.7140625 0.16363636363636364 0.0203125
14 0.23896103896103896 0.646875 0.1974025974025974 0.0171875
14 0.22597402597402597 0.5828125 0.16883116883116883 0.015625
14 0.23376623376623376 0.5203125 0.18441558441558442 0.0203125
14 0.18181818181818182 0.4546875 0.08051948051948052 0.015625
14 0.17662337662337663 0.3890625 0.07012987012987013 0.015625
14 0.2051948051948052 0.328125 0.12727272727272726 0.021875
14 0.2 0.2609375 0.11428571428571428 0.015625
14 0.19480519480519481 0.196875 0.10909090909090909 0.015625
14 0.1974025974025974 0.1328125 0.10909090909090909 0.0171875
7 0.08051948051948052 0.325 0.07792207792207792 0.0453125
14 0.4987012987012987 0.06875 0.4961038961038961 0.021875
6 0.05454545454545454 0.0671875 0.04155844155844156 0.025
6 0.9272727272727272 0.96875 0.03636363636363636 0.0203125
6 0.9246753246753247 0.9046875 0.03636363636363636 0.0203125
6 0.9272727272727272 0.840625 0.03636363636363636 0.0203125
6 0.9272727272727272 0.7765625 0.033766233766233764 0.01875
6 0.9246753246753247 0.7125 0.03636363636363636 0.0203125
6 0.9246753246753247 0.646875 0.03636363636363636 0.0203125
6 0.9272727272727272 0.5828125 0.03636363636363636 0.0203125
6 0.9272727272727272 0.5171875 0.03636363636363636 0.0203125
6 0.9272727272727272 0.453125 0.03636363636363636 0.0203125
6 0.9246753246753247 0.3890625 0.03636363636363636 0.0203125
6 0.9272727272727272 0.325 0.03636363636363636 0.01875
6 0.9246753246753247 0.2609375 0.03636363636363636 0.0203125
6 0.9272727272727272 0.196875 0.03636363636363636 0.01875
6 0.9272727272727272 0.1328125 0.03636363636363636 0.0203125
7 0.08051948051948052 0.2609375 0.04935064935064935 0.046875
7 0.08051948051948052 0.1328125 0.07792207792207792 0.05
7 0.07792207792207792 0.96875 0.06753246753246753 0.046875
7 0.07792207792207792 0.903125 0.07792207792207792 0.046875
7 0.07792207792207792 0.8390625 0.07792207792207792 0.0484375
7 0.08051948051948052 0.775 0.05454545454545454 0.0484375
7 0.08051948051948052 0.7109375 0.07792207792207792 0.046875
7 0.07792207792207792 0.6453125 0.05714285714285714 0.046875
7 0.07792207792207792 0.5828125 0.07792207792207792 0.046875
7 0.07792207792207792 0.5171875 0.07532467532467532 0.0484375
7 0.07792207792207792 0.453125 0.07532467532467532 0.0484375
7 0.08051948051948052 0.3890625 0.07012987012987013 0.0484375
7 0.08051948051948052 0.1953125 0.06233766233766234 0.046875
18 0.4987012987012987 0.015625 0.9974025974025974 0.03125