4 0.42077922077922075 0.5171875 0.8415584415584415 0.9625
9 0.42337662337662335 0.5 0.8441558441558441 0.45
6 0.12727272727272726 0.1109375 0.17662337662337663 0.1078125
14 0.7038961038961039 0.215625 0.2 0.021875
14 0.14545454545454545 0.2046875 0.21298701298701297 0.021875
14 0.15844155844155844 0.2375 0.24155844155844156 0.01875
14 0.22337662337662337 0.3171875 0.09090909090909091 0.0171875
14 0.2987012987012987 0.38125 0.24415584415584415 0.01875
14 0.3168831168831169 0.44375 0.2779220779220779 0.021875
14 0.34545454545454546 0.50625 0.33506493506493507 0.021875
14 0.34805194805194806 0.56875 0.34805194805194806 0.021875
14 0.36623376623376624 0.628125 0.37662337662337664 0.01875
14 0.2727272727272727 0.6921875 0.19220779220779222 0.021875
14 0.08571428571428572 0.746875 0.09350649350649351 0.01875
14 0.24935064935064935 0.8 0.14805194805194805 0.01875
14 0.2545454545454545 0.8640625 0.15324675324675324 0.021875
6 0.06753246753246753 0.8625 0.046753246753246755 0.0296875
6 0.06753246753246753 0.8 0.04935064935064935 0.0265625
6 0.06753246753246753 0.6890625 0.04935064935064935 0.028125
6 0.06753246753246753 0.6265625 0.04935064935064935 0.028125
6 0.06753246753246753 0.565625 0.04935064935064935 0.0296875
6 0.06753246753246753 0.503125 0.05194805194805195 0.0296875
6 0.06753246753246753 0.4421875 0.04935064935064935 0.0265625
6 0.06493506493506493 0.3796875 0.04415584415584416 0.0296875
6 0.06753246753246753 0.31875 0.04935064935064935 0.025
15 0.42077922077922075 0.9625 0.8415584415584415 0.071875
18 0.4987012987012987 0.0171875 0.9974025974025974 0.034375
14 0.42337662337662335 0.9640625 0.3038961038961039 0.0171875