10 0.4987012987012987 0.5171875 0.7012987012987013 0.9171875
6 0.36103896103896105 0.2046875 0.07012987012987013 0.03125
6 0.4805194805194805 0.2046875 0.08051948051948052 0.0359375
6 0.5948051948051948 0.2046875 0.06233766233766234 0.034375
6 0.7064935064935065 0.2046875 0.07012987012987013 0.025
6 0.23896103896103896 0.2046875 0.08051948051948052 0.04375
14 0.7428571428571429 0.9421875 0.14805194805194805 0.01875
14 0.4779220779220779 0.815625 0.5402597402597402 0.1609375
14 0.3948051948051948 0.6375 0.37142857142857144 0.0765625
14 0.4077922077922078 0.4203125 0.3922077922077922 0.24375
14 0.2597402597402597 0.7046875 0.09610389610389611 0.015625
14 0.2519480519480519 0.5703125 0.08311688311688312 0.01875
14 0.2649350649350649 0.26875 0.11168831168831168 0.015625
14 0.36103896103896105 0.0984375 0.36103896103896105 0.0265625
18 0.4987012987012987 0.0171875 0.9974025974025974 0.034375