14 0.16363636363636364 0.3984375 0.2779220779220779 0.01875
14 0.15844155844155844 0.1546875 0.2649350649350649 0.01875
7 0.19480519480519481 0.2765625 0.32987012987012987 0.175
7 0.535064935064935 0.2765625 0.33246753246753247 0.1765625
7 0.8441558441558441 0.2765625 0.2623376623376623 0.1765625
17 0.5 0.0765625 1 0.08125
6 0.9376623376623376 0.075 0.06493506493506493 0.0421875
14 0.32727272727272727 0.0921875 0.2987012987012987 0.0140625
14 0.42077922077922075 0.0640625 0.4883116883116883 0.01875
6 0.06753246753246753 0.0765625 0.03636363636363636 0.0234375
10 0.4987012987012987 0.8 0.9974025974025974 0.3984375
9 0.5 0.89375 1 0.2125
14 0.2545454545454545 0.990625 0.15584415584415584 0.015625
7 0.08831168831168831 0.9890625 0.04935064935064935 0.0203125
14 0.3116883116883117 0.9140625 0.2675324675324675 0.0265625
7 0.08831168831168831 0.9109375 0.05454545454545454 0.0296875
14 0.22337662337662337 0.8328125 0.36623376623376624 0.0265625
14 0.8753246753246753 0.740625 0.13246753246753246 0.0171875
14 0.6597402597402597 0.740625 0.18181818181818182 0.01875
7 0.06753246753246753 0.646875 0.04935064935064935 0.0296875
14 0.37662337662337664 0.646875 0.4051948051948052 0.021875
18 0.5 0.0171875 1 0.034375