10 0.4987012987012987 0.5171875 0.9246753246753247 0.9171875
14 0.14025974025974025 0.0875 0.15064935064935064 0.0171875
14 0.8935064935064935 0.0875 0.08571428571428572 0.0171875
9 0.4987012987012987 0.5109375 0.9194805194805195 0.7875
3 0.16883116883116883 0.153125 0.17922077922077922 0.028125
14 0.2 0.1546875 0.11428571428571428 0.0171875
3 0.16363636363636364 0.2 0.16883116883116883 0.028125
14 0.19480519480519481 0.2015625 0.1038961038961039 0.0171875
3 0.2077922077922078 0.246875 0.2571428571428571 0.028125
14 0.23896103896103896 0.2484375 0.19220779220779222 0.01875
3 0.2077922077922078 0.29375 0.2597402597402597 0.0265625
14 0.24155844155844156 0.29375 0.19480519480519481 0.0171875
3 0.2597402597402597 0.340625 0.36103896103896105 0.028125
14 0.2909090909090909 0.3421875 0.2987012987012987 0.01875
3 0.17922077922077922 0.3875 0.2 0.0265625
14 0.21038961038961038 0.3875 0.13766233766233765 0.0171875
3 0.16103896103896104 0.434375 0.16623376623376623 0.0265625
14 0.19480519480519481 0.434375 0.1038961038961039 0.0171875
3 0.15584415584415584 0.48125 0.15324675324675324 0.0265625
14 0.18701298701298702 0.4828125 0.08831168831168831 0.01875
3 0.15844155844155844 0.528125 0.16103896103896104 0.0265625
14 0.18961038961038962 0.53125 0.09610389610389611 0.021875
3 0.23376623376623376 0.575 0.3090909090909091 0.0265625
14 0.2649350649350649 0.5765625 0.24415584415584415 0.021875
3 0.18441558441558442 0.621875 0.21038961038961038 0.0265625
14 0.21558441558441557 0.6234375 0.14805194805194805 0.0203125
3 0.14805194805194805 0.66875 0.13766233766233765 0.0265625
14 0.17662337662337663 0.6703125 0.07532467532467532 0.0171875
3 0.21818181818181817 0.715625 0.2779220779220779 0.0265625
14 0.24935064935064935 0.7171875 0.21298701298701297 0.0203125
3 0.14545454545454545 0.7609375 0.13506493506493505 0.028125
14 0.17662337662337663 0.7625 0.07012987012987013 0.01875
3 0.15584415584415584 0.8078125 0.15584415584415584 0.028125
14 0.18701298701298702 0.809375 0.09350649350649351 0.0171875
3 0.2077922077922078 0.8546875 0.2571428571428571 0.028125
14 0.23896103896103896 0.85625 0.19220779220779222 0.0171875
14 0.7428571428571429 0.9390625 0.1038961038961039 0.0171875
14 0.8831168831168831 0.940625 0.07792207792207792 0.015625
18 0.4987012987012987 0.0171875 0.9974025974025974 0.034375