14 0.5012987012987012 0.9671875 0.6545454545454545 0.01875
5 0.4987012987012987 0.9078125 0.9532467532467532 0.0703125
14 0.13506493506493505 0.8515625 0.22077922077922077 0.0203125
15 0.4987012987012987 0.7921875 0.9506493506493506 0.0703125
15 0.4987012987012987 0.715625 0.9532467532467532 0.0703125
14 0.13766233766233765 0.659375 0.22597402597402597 0.021875
14 0.5012987012987012 0.0734375 0.5116883116883116 0.028125
18 0.4987012987012987 0.0171875 0.9974025974025974 0.034375
14 0.09350649350649351 0.909375 0.08571428571428572 0.01875
14 0.5012987012987012 0.715625 0.22597402597402597 0.025
14 0.4987012987012987 0.79375 0.18701298701298702 0.025