10 0.4987012987012987 0.5171875 0.8727272727272727 0.9171875
9 0.4987012987012987 0.5453125 0.8701298701298701 0.7203125
7 0.16623376623376623 0.1203125 0.08831168831168831 0.053125
14 0.561038961038961 0.125 0.625974025974026 0.0515625
3 0.4935064935064935 0.2296875 0.7402597402597403 0.0296875
14 0.19480519480519481 0.2296875 0.14025974025974025 0.01875
3 0.4935064935064935 0.3015625 0.7402597402597403 0.0296875
14 0.19220779220779222 0.3 0.14025974025974025 0.0171875
3 0.4935064935064935 0.371875 0.7376623376623377 0.0296875
14 0.2051948051948052 0.371875 0.16103896103896104 0.01875
3 0.4935064935064935 0.44375 0.7376623376623377 0.0296875
14 0.2051948051948052 0.4421875 0.16103896103896104 0.01875
3 0.4935064935064935 0.5140625 0.7376623376623377 0.0296875
14 0.2051948051948052 0.5140625 0.16103896103896104 0.01875
3 0.4935064935064935 0.584375 0.7376623376623377 0.0296875
14 0.19480519480519481 0.584375 0.13766233766233765 0.0171875
3 0.4935064935064935 0.65625 0.7402597402597403 0.0296875
14 0.19220779220779222 0.65625 0.14025974025974025 0.01875
3 0.4935064935064935 0.728125 0.7402597402597403 0.0296875
14 0.19220779220779222 0.7265625 0.14025974025974025 0.01875
3 0.4935064935064935 0.7984375 0.7402597402597403 0.0296875
14 0.19220779220779222 0.7984375 0.14025974025974025 0.0171875
3 0.4935064935064935 0.86875 0.7376623376623377 0.0296875
14 0.19480519480519481 0.8703125 0.13766233766233765 0.01875
14 0.8389610389610389 0.9421875 0.08831168831168831 0.015625
18 0.4987012987012987 0.0171875 0.9974025974025974 0.034375