6 0.9402597402597402 0.3203125 0.04155844155844156 0.0265625
14 0.08311688311688312 0.325 0.08831168831168831 0.025
14 0.08311688311688312 0.2921875 0.07532467532467532 0.015625
14 0.4987012987012987 0.196875 0.7506493506493507 0.0203125
14 0.9272727272727272 0.0703125 0.10649350649350649 0.0140625
14 0.4077922077922078 0.0734375 0.4155844155844156 0.0265625
6 0.01818181818181818 0.0703125 0.015584415584415584 0.021875
7 0.1038961038961039 0.0703125 0.14545454545454545 0.0390625
10 0.4987012987012987 0.5171875 0.7402597402597403 0.5859375
14 0.5012987012987012 0.7546875 0.34025974025974026 0.025
14 0.5012987012987012 0.66875 0.35064935064935066 0.0234375
14 0.5012987012987012 0.58125 0.13246753246753246 0.0234375
14 0.5012987012987012 0.496875 0.2519480519480519 0.025
14 0.4987012987012987 0.3546875 0.6545454545454545 0.1015625
14 0.4987012987012987 0.2640625 0.2025974025974026 0.0203125
18 0.4987012987012987 0.0171875 0.9974025974025974 0.034375