8 0.561038961038961 0.93125 0.08831168831168831 0.053125
8 0.44415584415584414 0.93125 0.08831168831168831 0.053125
14 0.4987012987012987 0.8609375 0.24155844155844156 0.0171875
15 0.4987012987012987 0.534375 0.922077922077922 0.0578125
14 0.5012987012987012 0.6203125 0.2727272727272727 0.0203125
5 0.5376623376623376 0.378125 0.8311688311688312 0.025
14 0.23116883116883116 0.371875 0.16883116883116883 0.0140625
5 0.5376623376623376 0.4453125 0.825974025974026 0.028125
14 0.22077922077922077 0.4390625 0.14545454545454545 0.015625
6 0.07792207792207792 0.446875 0.046753246753246755 0.034375
6 0.07792207792207792 0.3765625 0.04935064935064935 0.0359375
11 0.5012987012987012 0.2921875 0.9974025974025974 0.0578125
14 0.7532467532467533 0.2921875 0.14285714285714285 0.0234375
14 0.24675324675324675 0.2921875 0.11688311688311688 0.0234375
7 0.4987012987012987 0.159375 0.21818181818181817 0.13125