7 0.4987012987012987 0.8625 0.9194805194805195 0.275
16 0.2701298701298701 0.6625 0.18701298701298702 0.059375
16 0.7298701298701299 0.6625 0.13766233766233765 0.0578125
6 0.7298701298701299 0.6484375 0.046753246753246755 0.0296875
14 0.7298701298701299 0.684375 0.13766233766233765 0.015625
14 0.2701298701298701 0.684375 0.18701298701298702 0.015625
6 0.2701298701298701 0.6484375 0.04935064935064935 0.0296875
6 0.1974025974025974 0.4375 0.18701298701298702 0.01875
14 0.4987012987012987 0.5421875 0.9194805194805195 0.0796875
14 0.4077922077922078 0.4375 0.2 0.0171875
14 0.06233766233766234 0.4375 0.046753246753246755 0.0171875
14 0.3142857142857143 0.3859375 0.5428571428571428 0.0265625
6 0.9324675324675324 0.384375 0.04935064935064935 0.028125
7 0.4987012987012987 0.1875 0.9974025974025974 0.303125
6 0.935064935064935 0.0765625 0.015584415584415584 0.0265625
6 0.06753246753246753 0.0765625 0.04155844155844156 0.025
12 0.4987012987012987 0.3046875 0.14805194805194805 0.0109375
18 0.4987012987012987 0.0171875 0.9974025974025974 0.034375