17 0.5 0.078125 1 0.08125
6 0.06753246753246753 0.0765625 0.03896103896103896 0.0234375
14 0.412987012987013 0.0765625 0.4779220779220779 0.025
10 0.4987012987012987 0.5171875 0.9246753246753247 0.6625
9 0.32987012987012987 0.509375 0.45454545454545453 0.45625
14 0.17662337662337663 0.2359375 0.15324675324675324 0.028125
3 0.2935064935064935 0.3 0.38441558441558443 0.0296875
14 0.35064935064935066 0.3015625 0.2701298701298701 0.0265625
3 0.2987012987012987 0.3703125 0.38961038961038963 0.0296875
14 0.35324675324675325 0.3703125 0.2779220779220779 0.0265625
3 0.32727272727272727 0.4390625 0.45194805194805193 0.0296875
14 0.38441558441558443 0.440625 0.34025974025974026 0.0265625
3 0.3064935064935065 0.509375 0.4077922077922078 0.0296875
14 0.36363636363636365 0.5109375 0.2961038961038961 0.0265625
3 0.2753246753246753 0.5796875 0.34545454545454546 0.0296875
14 0.33246753246753247 0.58125 0.23116883116883116 0.0265625
3 0.3012987012987013 0.65 0.3974025974025974 0.0296875
14 0.35584415584415585 0.6515625 0.2857142857142857 0.0265625
3 0.2883116883116883 0.7203125 0.36883116883116884 0.0296875
14 0.34285714285714286 0.721875 0.2571428571428571 0.0265625
14 0.6831168831168831 0.8078125 0.13246753246753246 0.01875
14 0.8545454545454545 0.8078125 0.04935064935064935 0.01875
18 0.4987012987012987 0.0171875 0.9974025974025974 0.034375