10 0.4987012987012987 0.5171875 0.7402597402597403 0.553125
14 0.4987012987012987 0.7609375 0.08311688311688312 0.0265625
14 0.4987012987012987 0.675 0.2 0.021875
14 0.4987012987012987 0.61875 0.36103896103896105 0.0265625
14 0.4987012987012987 0.54375 0.3194805194805195 0.0234375
6 0.5116883116883116 0.5078125 0.05194805194805195 0.025
16 0.5012987012987012 0.4078125 0.42597402597402595 0.04375
14 0.5012987012987012 0.3078125 0.6519480519480519 0.0578125
18 0.4987012987012987 0.0171875 0.9974025974025974 0.034375
7 0.3246753246753247 0.4078125 0.03636363636363636 0.0203125
14 0.5246753246753246 0.4109375 0.3220779220779221 0.01875