0 0.4987012987012987 0.5171875 0.9974025974025974 0.9640625
7 0.4987012987012987 0.184375 0.8519480519480519 0.19375
5 0.4987012987012987 0.3875 0.8857142857142857 0.065625
14 0.17922077922077922 0.3859375 0.15324675324675324 0.015625
5 0.4987012987012987 0.46875 0.8831168831168831 0.065625
14 0.17662337662337663 0.4671875 0.14805194805194805 0.0171875
3 0.812987012987013 0.5359375 0.24935064935064935 0.0265625
14 0.7818181818181819 0.5359375 0.18701298701298702 0.0140625
14 0.14025974025974025 0.5375 0.16363636363636364 0.0140625
15 0.4987012987012987 0.6328125 0.8831168831168831 0.053125
14 0.4987012987012987 0.8703125 0.6051948051948052 0.015625
18 0.4987012987012987 0.0171875 0.9974025974025974 0.034375
14 0.5012987012987012 0.634375 0.1038961038961039 0.015625