14 0.24935064935064935 0.4578125 0.24675324675324675 0.0578125
14 0.7454545454545455 0.4578125 0.3194805194805195 0.0578125
14 0.24935064935064935 0.76875 0.22597402597402597 0.0625
14 0.7454545454545455 0.7671875 0.2727272727272727 0.0578125
7 0.24935064935064935 0.64375 0.21558441558441557 0.1296875
7 0.7480519480519481 0.64375 0.21558441558441557 0.1296875
7 0.24935064935064935 0.334375 0.21818181818181817 0.13125
7 0.7480519480519481 0.334375 0.21818181818181817 0.1296875
14 0.3948051948051948 0.1046875 0.3168831168831169 0.034375
14 0.4987012987012987 0.1734375 0.35064935064935066 0.0453125
12 0.4831168831168831 0.940625 0.38181818181818183 0.0265625
18 0.4987012987012987 0.0171875 0.9974025974025974 0.034375