4 0.34025974025974026 0.5171875 0.6779220779220779 0.9625
9 0.34025974025974026 0.61875 0.6779220779220779 0.7625
7 0.34025974025974026 0.134375 0.6779220779220779 0.1984375
7 0.34025974025974026 0.1359375 0.6779220779220779 0.1984375
7 0.0987012987012987 0.096875 0.12207792207792208 0.0734375
14 0.12987012987012986 0.16875 0.18181818181818182 0.0171875
14 0.23376623376623376 0.1984375 0.38701298701298703 0.021875
14 0.21298701298701297 0.28125 0.08051948051948052 0.021875
14 0.28168932467532465 0.340022296875 0.1742026077922078 0.34113712343749997 0.1742026077922078 0.3600891859375 0.28168932467532465 0.358974359375 0.28168932467532465 0.340022296875
14 0.2649350649350649 0.4203125 0.17922077922077922 0.01875
14 0.2727272727272727 0.4921875 0.18961038961038962 0.0171875
14 0.32987012987012987 0.5625 0.3090909090909091 0.0171875
14 0.22077922077922077 0.65625 0.08831168831168831 0.0171875
14 0.2545454545454545 0.728125 0.15584415584415584 0.01875
14 0.24155844155844156 0.796875 0.13506493506493505 0.0171875
14 0.2519480519480519 0.8703125 0.15324675324675324 0.021875
14 0.21818181818181817 0.9375 0.08311688311688312 0.0171875
6 0.06753246753246753 0.9359375 0.046753246753246755 0.0296875
6 0.06753246753246753 0.8671875 0.04935064935064935 0.021875
6 0.06753246753246753 0.796875 0.04935064935064935 0.03125
6 0.06753246753246753 0.7265625 0.03636363636363636 0.0265625
6 0.06753246753246753 0.65625 0.05194805194805195 0.03125
6 0.06753246753246753 0.5609375 0.046753246753246755 0.0265625
6 0.06753246753246753 0.490625 0.05194805194805195 0.0296875
6 0.06753246753246753 0.4203125 0.04415584415584416 0.03125
6 0.06753246753246753 0.35 0.04415584415584416 0.0265625
6 0.06753246753246753 0.28125 0.046753246753246755 0.0296875
18 0.4987012987012987 0.0171875 0.9974025974025974 0.034375