0 0.4987012987012987 0.5578125 0.9974025974025974 0.88125
5 0.4987012987012987 0.3234375 0.9012987012987013 0.06875
5 0.5012987012987012 0.2296875 0.9038961038961039 0.06875
14 0.17142857142857143 0.325 0.18701298701298702 0.0203125
14 0.13506493506493505 0.23125 0.11428571428571428 0.0203125
16 0.4987012987012987 0.709375 0.9038961038961039 0.059375
16 0.4987012987012987 0.6265625 0.9064935064935065 0.065625
14 0.5012987012987012 0.565625 0.03896103896103896 0.015625
14 0.14285714285714285 0.49375 0.13246753246753246 0.0265625
14 0.7376623376623377 0.4921875 0.3922077922077922 0.0265625
15 0.4987012987012987 0.4140625 0.922077922077922 0.0703125
14 0.4987012987012987 0.1609375 0.2987012987012987 0.0265625
17 0.4987012987012987 0.0765625 0.9974025974025974 0.08125
14 0.23636363636363636 0.0796875 0.11688311688311688 0.0296875
6 0.06753246753246753 0.0765625 0.04155844155844156 0.025
18 0.4987012987012987 0.0171875 0.9974025974025974 0.034375
14 0.5012987012987012 0.415625 0.09090909090909091 0.0140625
14 0.5168831168831168 0.6296875 0.3116883116883117 0.0203125
14 0.548051948051948 0.7125 0.2675324675324675 0.021875
7 0.09610389610389611 0.6265625 0.033766233766233764 0.0203125
7 0.09610389610389611 0.7109375 0.04155844155844156 0.0265625