4 0.38701298701298703 0.5171875 0.7740259740259741 0.9625
9 0.38961038961038963 0.4390625 0.7766233766233767 0.5953125
14 0.2623376623376623 0.0765625 0.09610389610389611 0.021875
6 0.10649350649350649 0.0875 0.13766233766233765 0.084375
14 0.23896103896103896 0.1859375 0.12727272727272726 0.021875
14 0.2961038961038961 0.2453125 0.24155844155844156 0.01875
14 0.2519480519480519 0.309375 0.15584415584415584 0.021875
14 0.2597402597402597 0.36875 0.16623376623376623 0.01875
14 0.34545454545454546 0.43125 0.34285714285714286 0.021875
14 0.2623376623376623 0.490625 0.17402597402597403 0.01875
14 0.2623376623376623 0.553125 0.16883116883116883 0.01875
14 0.23636363636363636 0.640625 0.12727272727272726 0.021875
14 0.2545454545454545 0.7015625 0.16103896103896104 0.021875
6 0.06233766233766234 0.7 0.03116883116883117 0.0265625
6 0.06233766233766234 0.6390625 0.04415584415584416 0.0265625
6 0.06233766233766234 0.553125 0.04415584415584416 0.025
6 0.06233766233766234 0.490625 0.04415584415584416 0.025
6 0.06233766233766234 0.4296875 0.04415584415584416 0.0234375
6 0.06233766233766234 0.36875 0.04415584415584416 0.021875
6 0.06233766233766234 0.30625 0.03896103896103896 0.0265625
6 0.06233766233766234 0.2453125 0.04415584415584416 0.0203125
6 0.06233766233766234 0.184375 0.04415584415584416 0.0265625
18 0.4987012987012987 0.0171875 0.9974025974025974 0.034375