12 0.4987012987012987 0.6984375 0.21818181818181817 0.021875
14 0.23896103896103896 0.1890625 0.3090909090909091 0.021875
14 0.4987012987012987 0.55625 0.8051948051948052 0.04375
7 0.4987012987012987 0.3609375 0.8727272727272727 0.29375
16 0.4987012987012987 0.784375 0.9116883116883117 0.071875
14 0.5038961038961038 0.8515625 0.34025974025974026 0.015625
15 0.2623376623376623 0.9171875 0.43896103896103894 0.06875
15 0.7376623376623377 0.9171875 0.43896103896103894 0.06875
18 0.4987012987012987 0.0171875 0.9974025974025974 0.034375
6 0.0987012987012987 0.7859375 0.03636363636363636 0.0421875
14 0.37922077922077924 0.7875 0.4051948051948052 0.025
14 0.2623376623376623 0.921875 0.13246753246753246 0.025
14 0.7376623376623377 0.91875 0.12467532467532468 0.0203125