12 0.5012987012987012 0.6984375 0.21818181818181817 0.021875
14 0.2545454545454545 0.1875 0.34025974025974026 0.01875
14 0.4987012987012987 0.55625 0.7818181818181819 0.04375
14 0.5012987012987012 0.8515625 0.33246753246753247 0.015625
7 0.4987012987012987 0.3625 0.8727272727272727 0.2953125
16 0.4987012987012987 0.784375 0.9116883116883117 0.071875
15 0.7376623376623377 0.9171875 0.43896103896103894 0.0703125
15 0.2623376623376623 0.9171875 0.43896103896103894 0.0703125
18 0.4987012987012987 0.0171875 0.9974025974025974 0.034375
6 0.0987012987012987 0.7859375 0.033766233766233764 0.0421875
14 0.37922077922077924 0.7875 0.4051948051948052 0.0265625
14 0.7376623376623377 0.91875 0.12467532467532468 0.01875
14 0.2623376623376623 0.9203125 0.13246753246753246 0.025