14 0.5012987012987012 0.2875 0.22337662337662337 0.0234375
7 0.5246753246753246 0.128125 0.21298701298701297 0.0859375
14 0.5038961038961038 0.2171875 0.5246753246753246 0.0515625
7 0.4987012987012987 0.509375 0.4883116883116883 0.290625
14 0.5012987012987012 0.725 0.5168831168831168 0.028125
14 0.4987012987012987 0.7828125 0.5194805194805194 0.0265625
16 0.4987012987012987 0.878125 0.9272727272727272 0.0921875
12 0.4961038961038961 0.9734375 0.12727272727272726 0.0109375
18 0.4987012987012987 0.0171875 0.9974025974025974 0.034375
14 0.5012987012987012 0.8765625 0.44155844155844154 0.0171875
6 0.10909090909090909 0.8734375 0.046753246753246755 0.021875