4 0.36623376623376624 0.5578125 0.7298701298701299 0.88125
9 0.36363636363636365 0.365625 0.7272727272727273 0.4953125
14 0.2727272727272727 0.58125 0.3090909090909091 0.025
6 0.05714285714285714 0.578125 0.05194805194805195 0.03125
14 0.19220779220779222 0.509375 0.15064935064935064 0.025
6 0.05714285714285714 0.50625 0.05454545454545454 0.03125
14 0.18961038961038962 0.453125 0.15064935064935064 0.0125
14 0.2701298701298701 0.428125 0.3090909090909091 0.025
6 0.05714285714285714 0.434375 0.05714285714285714 0.034375
14 0.2 0.365625 0.16623376623376623 0.01875
6 0.05454545454545454 0.3640625 0.05714285714285714 0.0328125
14 0.15844155844155844 0.2953125 0.08571428571428572 0.01875
6 0.05714285714285714 0.29375 0.05974025974025974 0.028125
14 0.15844155844155844 0.2234375 0.08571428571428572 0.01875
6 0.05714285714285714 0.2203125 0.04155844155844156 0.0359375
14 0.16883116883116883 0.1515625 0.10909090909090909 0.01875
6 0.05714285714285714 0.15 0.05454545454545454 0.0328125
17 0.4987012987012987 0.0765625 0.9974025974025974 0.0796875
14 0.21038961038961038 0.0796875 0.12467532467532468 0.028125
6 0.9402597402597402 0.0765625 0.04415584415584416 0.0265625
6 0.06753246753246753 0.0765625 0.046753246753246755 0.028125
18 0.4987012987012987 0.0171875 0.9974025974025974 0.034375