14 0.8675324675324675 0.6078125 0.1038961038961039 0.01875
14 0.8675324675324675 0.69375 0.1038961038961039 0.01875
14 0.8675324675324675 0.7796875 0.10649350649350649 0.01875
14 0.8675324675324675 0.865625 0.1038961038961039 0.01875
14 0.8181818181818182 0.9609375 0.24415584415584415 0.01875
14 0.2675324675324675 0.86875 0.37662337662337664 0.03125
14 0.15064935064935064 0.7796875 0.13766233766233765 0.0234375
14 0.22337662337662337 0.696875 0.2909090909090909 0.0296875
14 0.21038961038961038 0.6078125 0.2545454545454545 0.021875
10 0.4987012987012987 0.284375 0.9246753246753247 0.3359375
9 0.4987012987012987 0.284375 0.922077922077922 0.3328125
14 0.34025974025974026 0.4125 0.34545454545454546 0.0265625
14 0.43116883116883115 0.3265625 0.5298701298701298 0.021875
14 0.3090909090909091 0.2453125 0.2831168831168831 0.0265625
14 0.3064935064935065 0.1578125 0.2753246753246753 0.021875
6 0.9116883116883117 0.409375 0.025974025974025976 0.0265625
6 0.9116883116883117 0.2421875 0.025974025974025976 0.025
6 0.9116883116883117 0.1578125 0.023376623376623377 0.025
6 0.1012987012987013 0.409375 0.04415584415584416 0.015625
6 0.9090909090909091 0.3265625 0.025974025974025976 0.025
6 0.1012987012987013 0.3234375 0.04415584415584416 0.0234375
6 0.1012987012987013 0.240625 0.04415584415584416 0.0234375
6 0.1012987012987013 0.1578125 0.04415584415584416 0.0203125
18 0.4987012987012987 0.0171875 0.9974025974025974 0.034375