10 0.4987012987012987 0.5171875 0.8727272727272727 0.9171875
14 0.38441558441558443 0.2046875 0.5194805194805194 0.021875
14 0.5766233766233766 0.9328125 0.08311688311688312 0.0171875
14 0.7896103896103897 0.9328125 0.11168831168831168 0.015625
14 0.4857142857142857 0.3625 0.7246753246753247 0.0578125
6 0.15064935064935064 0.275 0.05974025974025974 0.0359375
14 0.4753246753246753 0.2734375 0.5272727272727272 0.021875
14 0.42077922077922075 0.121875 0.3220779220779221 0.0203125
14 0.36363636363636365 0.09375 0.21038961038961038 0.025
6 0.17142857142857143 0.1046875 0.0987012987012987 0.059375
18 0.4987012987012987 0.0171875 0.9974025974025974 0.034375