4 0.34025974025974026 0.5171875 0.6779220779220779 0.9640625
9 0.34025974025974026 0.5453125 0.6779220779220779 0.3
7 0.34025974025974026 0.1015625 0.5064935064935064 0.0828125
14 0.1038961038961039 0.2140625 0.12727272727272726 0.015625
14 0.3012987012987013 0.2875 0.2519480519480519 0.0203125
14 0.09090909090909091 0.36875 0.10649350649350649 0.0171875
14 0.2935064935064935 0.4375 0.23636363636363636 0.01875
14 0.2909090909090909 0.509375 0.23116883116883116 0.0171875
14 0.24675324675324675 0.578125 0.13766233766233765 0.0171875
14 0.2779220779220779 0.6484375 0.2051948051948052 0.0171875
14 0.07792207792207792 0.7328125 0.07792207792207792 0.015625
14 0.23896103896103896 0.8046875 0.12467532467532468 0.0203125
6 0.06753246753246753 0.803125 0.03636363636363636 0.025
6 0.06753246753246753 0.284375 0.02077922077922078 0.0265625
6 0.06753246753246753 0.4375 0.046753246753246755 0.028125
6 0.06753246753246753 0.5078125 0.04415584415584416 0.0265625
6 0.06753246753246753 0.578125 0.046753246753246755 0.028125
6 0.06753246753246753 0.6484375 0.046753246753246755 0.0265625
18 0.4987012987012987 0.0171875 0.9974025974025974 0.034375