5 0.4987012987012987 0.4296875 0.9038961038961039 0.0390625
5 0.4987012987012987 0.3421875 0.9038961038961039 0.0359375
5 0.4987012987012987 0.2546875 0.9038961038961039 0.034375
5 0.4987012987012987 0.165625 0.9038961038961039 0.034375
14 0.23116883116883116 0.4265625 0.2051948051948052 0.0203125
14 0.22597402597402597 0.3390625 0.19220779220779222 0.0203125
14 0.17922077922077922 0.25 0.1012987012987013 0.0203125
14 0.22597402597402597 0.1609375 0.19220779220779222 0.0203125
6 0.922077922077922 0.4265625 0.05454545454545454 0.021875
6 0.07792207792207792 0.4265625 0.03896103896103896 0.0296875
6 0.07792207792207792 0.3375 0.03896103896103896 0.0265625
6 0.07792207792207792 0.25 0.04935064935064935 0.0234375
6 0.07792207792207792 0.1609375 0.03896103896103896 0.0234375
8 0.2701298701298701 0.5890625 0.44155844155844154 0.0515625
8 0.7298701298701299 0.5890625 0.44155844155844154 0.053125
15 0.5012987012987012 0.51875 0.9038961038961039 0.053125
14 0.4987012987012987 0.65 0.7974025974025974 0.01875
17 0.4987012987012987 0.0765625 0.9974025974025974 0.08125
14 0.2597402597402597 0.0796875 0.16623376623376623 0.028125
6 0.06753246753246753 0.0765625 0.04155844155844156 0.025
18 0.4987012987012987 0.0171875 0.9974025974025974 0.034375
14 0.5012987012987012 0.51875 0.12727272727272726 0.015625
7 0.2701298701298701 0.5890625 0.046753246753246755 0.028125
6 0.7298701298701299 0.5890625 0.04935064935064935 0.025