17 0.5 0.0765625 1 0.078125
6 0.06753246753246753 0.0765625 0.03896103896103896 0.0234375
14 0.36623376623376624 0.0796875 0.43636363636363634 0.028125
14 0.1012987012987013 0.15625 0.12467532467532468 0.0203125
14 0.15324675324675324 0.209375 0.22077922077922077 0.0171875
10 0.4987012987012987 0.5171875 0.8727272727272727 0.590625
9 0.4987012987012987 0.5078125 0.7480519480519481 0.38125
14 0.2675324675324675 0.26875 0.2805194805194805 0.021875
3 0.2753246753246753 0.334375 0.2987012987012987 0.0296875
14 0.33246753246753247 0.334375 0.18181818181818182 0.01875
3 0.23896103896103896 0.403125 0.22597402597402597 0.0296875
14 0.2961038961038961 0.4046875 0.10909090909090909 0.01875
3 0.22337662337662337 0.4734375 0.19220779220779222 0.028125
14 0.2805194805194805 0.4734375 0.07532467532467532 0.0203125
3 0.3090909090909091 0.54375 0.36363636363636365 0.0296875
14 0.36623376623376624 0.5453125 0.24935064935064935 0.0203125
3 0.22597402597402597 0.6140625 0.19480519480519481 0.0296875
14 0.2805194805194805 0.6140625 0.08311688311688312 0.0203125
3 0.22597402597402597 0.684375 0.2 0.0296875
14 0.2831168831168831 0.6859375 0.08311688311688312 0.01875
14 0.812987012987013 0.7734375 0.12727272727272726 0.0140625
18 0.4987012987012987 0.0171875 0.9974025974025974 0.034375