0 0.4987012987012987 0.5171875 0.9974025974025974 0.9640625
16 0.4987012987012987 0.4765625 0.961038961038961 0.09375
16 0.4987012987012987 0.5875 0.961038961038961 0.0921875
15 0.4987012987012987 0.7 0.9584415584415584 0.0890625
15 0.4987012987012987 0.815625 0.9636363636363636 0.0921875
15 0.4987012987012987 0.9328125 0.961038961038961 0.090625
18 0.4987012987012987 0.0171875 0.9974025974025974 0.034375
14 0.5012987012987012 0.9359375 0.3922077922077922 0.0140625
14 0.5012987012987012 0.81875 0.11428571428571428 0.015625
14 0.5012987012987012 0.7015625 0.15324675324675324 0.015625
14 0.5012987012987012 0.590625 0.3220779220779221 0.0203125
14 0.5012987012987012 0.478125 0.34805194805194806 0.0140625
6 0.06753246753246753 0.4765625 0.04155844155844156 0.0265625
7 0.05714285714285714 0.5875 0.033766233766233764 0.0203125