9 0.5 0.559375 1 0.88125
14 0.2597402597402597 0.9921875 0.10909090909090909 0.0140625
14 0.1038961038961039 0.9921875 0.13246753246753246 0.0125
14 0.43636363636363634 0.9265625 0.10909090909090909 0.025
14 0.19480519480519481 0.925 0.3090909090909091 0.021875
14 0.43116883116883115 0.85625 0.10909090909090909 0.025
14 0.18961038961038962 0.8546875 0.3012987012987013 0.0203125
14 0.2779220779220779 0.7859375 0.08831168831168831 0.025
14 0.12207792207792208 0.7859375 0.16363636363636364 0.0203125
14 0.3194805194805195 0.7171875 0.08831168831168831 0.025
14 0.14025974025974025 0.715625 0.2025974025974026 0.0203125
14 0.35064935064935066 0.646875 0.08831168831168831 0.025
14 0.15844155844155844 0.646875 0.23636363636363636 0.0265625
14 0.2883116883116883 0.5765625 0.10909090909090909 0.025
14 0.11948051948051948 0.575 0.16103896103896104 0.0203125
14 0.34285714285714286 0.50625 0.10909090909090909 0.025
14 0.14805194805194805 0.5046875 0.21558441558441557 0.021875
14 0.2883116883116883 0.4359375 0.10909090909090909 0.025
14 0.12207792207792208 0.4375 0.16103896103896104 0.0265625
14 0.37402597402597404 0.365625 0.06753246753246753 0.025
14 0.17402597402597403 0.3640625 0.2675324675324675 0.021875
14 0.43116883116883115 0.2953125 0.08831168831168831 0.025
14 0.1974025974025974 0.2953125 0.3116883116883117 0.0265625
14 0.5428571428571428 0.225 0.10909090909090909 0.025
14 0.24935064935064935 0.2234375 0.412987012987013 0.021875
14 0.2753246753246753 0.1546875 0.10909090909090909 0.025
14 0.11428571428571428 0.153125 0.14545454545454545 0.0203125
17 0.5012987012987012 0.0765625 0.9974025974025974 0.08125
14 0.4051948051948052 0.0796875 0.4805194805194805 0.034375
6 0.07532467532467532 0.0765625 0.04935064935064935 0.0296875
18 0.4987012987012987 0.0171875 0.9974025974025974 0.034375