7 0.5 0.2078125 1 0.34375
14 0.10649350649350649 0.4125 0.13506493506493505 0.025
7 0.1974025974025974 0.546875 0.34025974025974026 0.2046875
7 0.5558441558441558 0.546875 0.34025974025974026 0.2046875
7 0.8701298701298701 0.546875 0.2571428571428571 0.2046875
14 0.8779220779220779 0.40625 0.16103896103896104 0.015625
6 0.9298701298701298 0.0765625 0.05714285714285714 0.0296875
6 0.7948051948051948 0.0765625 0.05974025974025974 0.0359375
14 0.2623376623376623 0.078125 0.23116883116883116 0.021875
6 0.06753246753246753 0.0765625 0.03636363636363636 0.0234375
10 0.4987012987012987 0.8296875 0.9974025974025974 0.3375
14 0.8753246753246753 0.953125 0.12987012987012986 0.0171875
14 0.6623376623376623 0.953125 0.17922077922077922 0.0171875
7 0.08571428571428572 0.8640625 0.05194805194805195 0.03125
7 0.08831168831168831 0.7828125 0.05714285714285714 0.034375
14 0.2987012987012987 0.8671875 0.24415584415584415 0.0265625
14 0.2545454545454545 0.7828125 0.15324675324675324 0.0203125
14 0.15584415584415584 0.703125 0.19220779220779222 0.0265625
18 0.4987012987012987 0.0171875 0.9974025974025974 0.034375