9 0.5 0.59296875 1 0.8109375
14 0.10909090909090909 0.934375 0.13766233766233765 0.021875
14 0.10649350649350649 0.8640625 0.13246753246753246 0.021875
14 0.13766233766233765 0.7921875 0.1974025974025974 0.021875
14 0.1038961038961039 0.7203125 0.13506493506493505 0.021875
14 0.11688311688311688 0.6515625 0.15064935064935064 0.0265625
14 0.11168831168831168 0.5765625 0.14025974025974025 0.021875
14 0.17142857142857143 0.50625 0.2571428571428571 0.0265625
14 0.07792207792207792 0.43125 0.08051948051948052 0.021875
14 0.13766233766233765 0.3609375 0.1974025974025974 0.021875
14 0.0987012987012987 0.2890625 0.11428571428571428 0.021875
14 0.13246753246753246 0.2171875 0.17922077922077922 0.021875
11 0.5 0.153125 1 0.06875
14 0.7506493506493507 0.1515625 0.1038961038961039 0.01875
14 0.24935064935064935 0.153125 0.16623376623376623 0.0171875
17 0.5 0.0765625 1 0.08125
14 0.22077922077922077 0.0765625 0.15064935064935064 0.0265625
6 0.9402597402597402 0.075 0.04415584415584416 0.0265625
6 0.06753246753246753 0.0765625 0.04155844155844156 0.025
18 0.4987012987012987 0.0171875 0.9974025974025974 0.034375