9 0.5 0.48046875 1 0.8890625
2 0.4987012987012987 0.7171875 0.9454545454545454 0.1484375
2 0.5012987012987012 0.559375 0.9506493506493506 0.15
2 0.4987012987012987 0.4 0.9532467532467532 0.15
2 0.4987012987012987 0.865625 0.9454545454545454 0.1203125
14 0.37402597402597404 0.896875 0.638961038961039 0.05625
14 0.2025974025974026 0.8328125 0.15324675324675324 0.0171875
7 0.8493506493506493 0.871875 0.19220779220779222 0.1078125
7 0.07792207792207792 0.834375 0.04935064935064935 0.0296875
14 0.3194805194805195 0.7234375 0.5298701298701298 0.028125
14 0.15844155844155844 0.6765625 0.06493506493506493 0.021875
7 0.8493506493506493 0.7171875 0.19220779220779222 0.1171875
7 0.07792207792207792 0.675 0.04935064935064935 0.03125
14 0.35844155844155845 0.5765625 0.6103896103896104 0.0515625
14 0.2025974025974026 0.515625 0.15324675324675324 0.01875
7 0.8493506493506493 0.5578125 0.19220779220779222 0.115625
7 0.07792207792207792 0.515625 0.04935064935064935 0.0296875
14 0.34805194805194806 0.41875 0.5922077922077922 0.05
14 0.15844155844155844 0.359375 0.06493506493506493 0.0203125
7 0.8493506493506493 0.4 0.19220779220779222 0.115625
7 0.07792207792207792 0.3578125 0.04935064935064935 0.03125
7 0.4987012987012987 0.2 0.9428571428571428 0.225
14 0.7480519480519481 0.0625 0.4051948051948052 0.0203125
14 0.24155844155844156 0.0609375 0.23896103896103896 0.021875
7 0.07532467532467532 0.059375 0.04935064935064935 0.03125
8 0.9012987012987013 0.271875 0.09610389610389611 0.0578125
18 0.4987012987012987 0.0171875 0.9974025974025974 0.034375