9 0.5 0.56328125 1 0.8703125
7 0.4987012987012987 0.6765625 0.9974025974025974 0.21875
7 0.4987012987012987 0.8921875 0.9974025974025974 0.2125
7 0.4987012987012987 0.45625 0.9974025974025974 0.21875
7 0.4987012987012987 0.2375 0.9974025974025974 0.2171875
14 0.8545454545454545 0.2609375 0.09350649350649351 0.0109375
14 0.8571428571428571 0.2296875 0.03636363636363636 0.03125
14 0.15324675324675324 0.2375 0.22857142857142856 0.0296875
14 0.8623376623376623 0.48125 0.08051948051948052 0.0125
14 0.12207792207792208 0.4578125 0.15844155844155844 0.028125
14 0.8545454545454545 0.66875 0.03636363636363636 0.03125
14 0.8545454545454545 0.7 0.09350649350649351 0.0125
14 0.11168831168831168 0.6765625 0.14285714285714285 0.0265625
14 0.8545454545454545 0.8875 0.03636363636363636 0.03125
14 0.17922077922077922 0.8953125 0.2701298701298701 0.0296875
14 0.8571428571428571 0.9203125 0.08831168831168831 0.0125
14 0.8571428571428571 0.4515625 0.023376623376623377 0.034375
17 0.4987012987012987 0.08125 0.9974025974025974 0.0921875
14 0.2779220779220779 0.084375 0.22337662337662337 0.0328125
8 0.08831168831168831 0.08125 0.0987012987012987 0.0578125
6 0.9376623376623376 0.08125 0.04415584415584416 0.0265625
6 0.8181818181818182 0.08125 0.05194805194805195 0.03125
18 0.4987012987012987 0.0171875 0.9974025974025974 0.034375