15 0.8883116883116883 0.653125 0.14805194805194805 0.0296875
14 0.23636363636363636 0.6515625 0.3922077922077922 0.0171875
14 0.2883116883116883 0.559375 0.4961038961038961 0.021875
14 0.2727272727272727 0.465625 0.4649350649350649 0.021875
6 0.15064935064935064 0.3359375 0.22597402597402597 0.1359375
16 0.4805194805194805 0.3609375 0.33766233766233766 0.03125
14 0.45194805194805193 0.315625 0.2831168831168831 0.0296875
7 0.5 0.1453125 1 0.21875
14 0.2025974025974026 0.19375 0.3168831168831169 0.034375
6 0.07272727272727272 0.084375 0.04415584415584416 0.0421875
18 0.4987012987012987 0.0171875 0.9974025974025974 0.034375
6 0.34025974025974026 0.3609375 0.033766233766233764 0.01875
14 0.509090909090909 0.3609375 0.18441558441558442 0.0140625
14 0.8883116883116883 0.653125 0.02857142857142857 0.0125
13 0.9142857142857143 0.5625 0.08051948051948052 0.0328125
13 0.9116883116883117 0.46875 0.08051948051948052 0.03125