4 0.34025974025974026 0.5578125 0.6779220779220779 0.88125
9 0.34025974025974026 0.6 0.6779220779220779 0.3921875
6 0.34025974025974026 0.1875 0.16103896103896104 0.096875
16 0.34025974025974026 0.2828125 0.4987012987012987 0.0578125
6 0.5116883116883116 0.3671875 0.09090909090909091 0.0453125
6 0.17662337662337663 0.3625 0.10649350649350649 0.0515625
14 0.21558441558441557 0.4359375 0.08311688311688312 0.01875
14 0.21818181818181817 0.4984375 0.08051948051948052 0.01875
14 0.23896103896103896 0.5671875 0.12207792207792208 0.0234375
14 0.24935064935064935 0.628125 0.14545454545454545 0.01875
14 0.24675324675324675 0.696875 0.14025974025974025 0.021875
14 0.33766233766233766 0.7609375 0.32727272727272727 0.0140625
6 0.06493506493506493 0.7609375 0.04155844155844156 0.0234375
6 0.06233766233766234 0.69375 0.04935064935064935 0.0328125
6 0.06233766233766234 0.628125 0.04935064935064935 0.0265625
6 0.06233766233766234 0.5625 0.04935064935064935 0.0296875
6 0.06233766233766234 0.4984375 0.04935064935064935 0.0296875
6 0.06233766233766234 0.434375 0.04935064935064935 0.025
17 0.4987012987012987 0.0765625 0.9974025974025974 0.08125
6 0.06753246753246753 0.075 0.04155844155844156 0.025
14 0.36363636363636365 0.0765625 0.43896103896103894 0.0234375
18 0.4987012987012987 0.0171875 0.9974025974025974 0.034375
6 0.12987012987012986 0.2828125 0.02857142857142857 0.0328125
14 0.35064935064935066 0.2828125 0.11428571428571428 0.0140625