11 0.5 0.15078125 1 0.0703125
14 0.7506493506493507 0.153125 0.08051948051948052 0.015625
14 0.24935064935064935 0.153125 0.1038961038961039 0.015625
17 0.5 0.0765625 1 0.08125
14 0.34805194805194806 0.0796875 0.4051948051948052 0.0296875
6 0.06753246753246753 0.075 0.046753246753246755 0.0203125
10 0.5012987012987012 0.5171875 0.7974025974025974 0.6296875
14 0.4779220779220779 0.621875 0.24155844155844156 0.0203125
14 0.5194805194805194 0.5875 0.3194805194805195 0.0203125
14 0.5012987012987012 0.775 0.0987012987012987 0.015625
15 0.4987012987012987 0.7109375 0.6519480519480519 0.053125
14 0.5428571428571428 0.553125 0.36883116883116884 0.021875
14 0.5038961038961038 0.4625 0.6545454545454545 0.0546875
7 0.4987012987012987 0.3140625 0.2675324675324675 0.1625
18 0.4987012987012987 0.0171875 0.9974025974025974 0.034375
14 0.5012987012987012 0.7109375 0.18701298701298702 0.0140625