6 0.922077922077922 0.0875 0.05454545454545454 0.0265625
14 0.7818181818181819 0.0875 0.1038961038961039 0.015625
14 0.21298701298701297 0.090625 0.19220779220779222 0.021875
6 0.06753246753246753 0.0875 0.04155844155844156 0.0265625
10 0.4987012987012987 0.5 0.8727272727272727 0.715625
15 0.4987012987012987 0.7875 0.6649350649350649 0.075
15 0.5012987012987012 0.7046875 0.6649350649350649 0.0734375
14 0.4987012987012987 0.5953125 0.7610389610389611 0.0640625
7 0.4987012987012987 0.390625 0.6207792207792208 0.225
14 0.5012987012987012 0.175 0.42337662337662335 0.028125
18 0.4987012987012987 0.0171875 0.9974025974025974 0.034375
14 0.5012987012987012 0.70625 0.13506493506493505 0.01875
14 0.5012987012987012 0.7875 0.14025974025974025 0.0171875