14 0.23896103896103896 0.4375 0.14025974025974025 0.0234375
14 0.37142857142857144 0.33125 0.3948051948051948 0.0203125
14 0.35844155844155845 0.225 0.37662337662337664 0.046875
6 0.08311688311688312 0.4359375 0.04935064935064935 0.03125
6 0.08311688311688312 0.328125 0.08831168831168831 0.053125
6 0.08311688311688312 0.221875 0.08831168831168831 0.053125
14 0.8 0.14375 0.14545454545454545 0.01875
14 0.3012987012987013 0.14375 0.3922077922077922 0.01875
11 0.4987012987012987 0.071875 0.9948051948051948 0.0703125
6 0.8311688311688312 0.0703125 0.06233766233766234 0.0296875
6 0.5012987012987012 0.0703125 0.04415584415584416 0.03125
6 0.16623376623376623 0.0703125 0.04415584415584416 0.0265625
18 0.4987012987012987 0.0171875 0.9974025974025974 0.034375