10 0.4987012987012987 0.5171875 0.7012987012987013 0.7
9 0.5012987012987012 0.578125 0.6987012987012987 0.5796875
14 0.4987012987012987 0.94375 0.7012987012987013 0.028125
14 0.5974025974025974 0.81875 0.4155844155844156 0.0421875
14 0.4649350649350649 0.7703125 0.15324675324675324 0.0171875
6 0.2675324675324675 0.790625 0.1012987012987013 0.0609375
14 0.5792207792207792 0.6828125 0.38181818181818183 0.0421875
14 0.5038961038961038 0.6375 0.22857142857142856 0.021875
6 0.2649350649350649 0.6546875 0.09610389610389611 0.065625
14 0.5896103896103896 0.5484375 0.4025974025974026 0.0453125
14 0.4883116883116883 0.5 0.1974025974025974 0.021875
6 0.2675324675324675 0.51875 0.1012987012987013 0.059375
14 0.5662337662337662 0.4 0.35584415584415585 0.0671875
14 0.4857142857142857 0.3390625 0.18961038961038962 0.01875
6 0.2675324675324675 0.359375 0.1012987012987013 0.0625
14 0.33506493506493507 0.228125 0.2831168831168831 0.0265625
17 0.5 0.07578125 1 0.0796875
6 0.9402597402597402 0.0765625 0.06233766233766234 0.0390625
14 0.2805194805194805 0.078125 0.21558441558441557 0.021875
6 0.06753246753246753 0.0765625 0.04415584415584416 0.01875
18 0.5 0.0171875 1 0.034375