14 0.36623376623376624 0.7703125 0.6207792207792208 0.0203125
16 0.4987012987012987 0.69375 0.8909090909090909 0.06875
14 0.3948051948051948 0.628125 0.6831168831168831 0.01875
16 0.4987012987012987 0.571875 0.8883116883116883 0.0671875
16 0.4987012987012987 0.4921875 0.8883116883116883 0.06875
14 0.33766233766233766 0.415625 0.5688311688311688 0.028125
7 0.4987012987012987 0.2015625 0.9974025974025974 0.334375
18 0.4987012987012987 0.0171875 0.9974025974025974 0.034375
6 0.10909090909090909 0.49375 0.03896103896103896 0.025
6 0.10649350649350649 0.571875 0.02077922077922078 0.025
6 0.1038961038961039 0.69375 0.046753246753246755 0.03125
14 0.34025974025974026 0.6953125 0.32987012987012987 0.0140625
14 0.38961038961038963 0.571875 0.42597402597402595 0.015625
14 0.36883116883116884 0.49375 0.38701298701298703 0.015625