2 0.4987012987012987 0.81875 0.9662337662337662 0.2015625
2 0.4987012987012987 0.54375 0.9662337662337662 0.3296875
2 0.5012987012987012 0.2796875 0.9636363636363636 0.184375
14 0.12467532467532468 0.875 0.12727272727272726 0.0171875
14 0.18701298701298702 0.8109375 0.2545454545454545 0.01875
14 0.14025974025974025 0.7515625 0.16103896103896104 0.0203125
6 0.9272727272727272 0.809375 0.02857142857142857 0.0265625
6 0.9272727272727272 0.875 0.02857142857142857 0.0265625
14 0.16883116883116883 0.6 0.21558441558441557 0.01875
14 0.13506493506493505 0.5359375 0.14545454545454545 0.0171875
14 0.08571428571428572 0.471875 0.04935064935064935 0.0171875
14 0.11948051948051948 0.4125 0.12207792207792208 0.0203125
6 0.9272727272727272 0.6640625 0.02857142857142857 0.0265625
6 0.9272727272727272 0.6 0.02857142857142857 0.0265625
8 0.9012987012987013 0.3234375 0.07792207792207792 0.046875
8 0.8 0.3234375 0.07792207792207792 0.046875
8 0.9012987012987013 0.259375 0.07792207792207792 0.046875
8 0.8 0.259375 0.07792207792207792 0.046875
14 0.4987012987012987 0.0796875 0.42077922077922075 0.0296875
14 0.21038961038961038 0.6671875 0.2987012987012987 0.0234375
6 0.9272727272727272 0.534375 0.02857142857142857 0.0265625
14 0.17402597402597403 0.2640625 0.22597402597402597 0.021875
14 0.6883116883116883 0.3265625 0.04155844155844156 0.01875
14 0.16363636363636364 0.328125 0.2077922077922078 0.0234375
14 0.6883116883116883 0.2609375 0.02077922077922078 0.0171875
14 0.17662337662337663 0.2 0.23116883116883116 0.0171875
11 0.5 0.15234375 1 0.0671875
6 0.8753246753246753 0.1515625 0.04935064935064935 0.0296875
6 0.6233766233766234 0.1515625 0.05454545454545454 0.01875
6 0.37402597402597404 0.1515625 0.04155844155844156 0.021875
6 0.12467532467532468 0.15 0.04415584415584416 0.0296875
13 0.8753246753246753 0.471875 0.08311688311688312 0.0296875
18 0.4987012987012987 0.0171875 0.9974025974025974 0.034375