15 0.4987012987012987 0.9671875 0.9974025974025974 0.0640625
10 0.4987012987012987 0.5171875 0.9116883116883117 0.79375
6 0.9168831168831169 0.0765625 0.05714285714285714 0.0375
6 0.8103896103896104 0.075 0.05714285714285714 0.028125
14 0.3038961038961039 0.0765625 0.3116883116883117 0.0359375
6 0.06753246753246753 0.0765625 0.046753246753246755 0.01875
5 0.6155844155844156 0.7453125 0.561038961038961 0.08125
15 0.4987012987012987 0.8359375 0.7896103896103897 0.0703125
16 0.21818181818181817 0.7453125 0.22857142857142856 0.08125
14 0.36103896103896105 0.6796875 0.509090909090909 0.01875
5 0.4987012987012987 0.6109375 0.7896103896103897 0.0734375
14 0.17142857142857143 0.6125 0.07792207792207792 0.0140625
14 0.4597402597402597 0.7453125 0.2051948051948052 0.0140625
14 0.2857142857142857 0.5484375 0.35584415584415585 0.0203125
14 0.4987012987012987 0.446875 0.34285714285714286 0.0140625
14 0.4987012987012987 0.4078125 0.37922077922077924 0.0203125
7 0.5012987012987012 0.2890625 0.5558441558441558 0.1640625
6 0.0987012987012987 0.153125 0.04935064935064935 0.0296875
14 0.8831168831168831 0.1609375 0.07012987012987013 0.021875
18 0.4987012987012987 0.0171875 0.9974025974025974 0.034375
14 0.19480519480519481 0.7453125 0.04935064935064935 0.015625
6 0.3064935064935065 0.7453125 0.025974025974025976 0.0078125
14 0.4935064935064935 0.8359375 0.06753246753246753 0.015625
14 0.4987012987012987 0.96875 0.4961038961038961 0.01875