16 0.4987012987012987 0.9125 0.6077922077922078 0.0578125
16 0.4987012987012987 0.83125 0.6077922077922078 0.0578125
16 0.4987012987012987 0.75 0.6077922077922078 0.0578125
15 0.4987012987012987 0.646875 0.6077922077922078 0.0578125
14 0.4987012987012987 0.5609375 0.24155844155844156 0.01875
15 0.4987012987012987 0.496875 0.6077922077922078 0.0578125
5 0.4987012987012987 0.409375 0.6077922077922078 0.0734375
5 0.4987012987012987 0.3140625 0.6077922077922078 0.0734375
14 0.3012987012987013 0.4078125 0.15324675324675324 0.0171875
14 0.2675324675324675 0.315625 0.08571428571428572 0.0171875
7 0.4909090909090909 0.1828125 0.34285714285714286 0.1125
15 0.7428571428571429 0.0703125 0.509090909090909 0.06875
14 0.24415584415584415 0.071875 0.14285714285714285 0.028125
18 0.4987012987012987 0.0171875 0.9974025974025974 0.034375
14 0.7454545454545455 0.071875 0.16623376623376623 0.028125
14 0.4987012987012987 0.4984375 0.12727272727272726 0.025
14 0.4987012987012987 0.646875 0.38441558441558443 0.0203125
14 0.5272727272727272 0.834375 0.37142857142857144 0.025
14 0.5506493506493506 0.753125 0.412987012987013 0.025
14 0.535064935064935 0.9125 0.38701298701298703 0.025
6 0.24935064935064935 0.83125 0.03636363636363636 0.03125
6 0.24415584415584415 0.7515625 0.03116883116883117 0.034375
6 0.24935064935064935 0.9140625 0.06493506493506493 0.0375