4 0.38961038961038963 0.5171875 0.7766233766233767 0.9640625
9 0.38961038961038963 0.4796875 0.7766233766233767 0.4
9 0.38701298701298703 0.840625 0.7740259740259741 0.3171875
7 0.38701298701298703 0.15625 0.7740259740259741 0.2421875
7 0.1012987012987013 0.14375 0.11948051948051948 0.071875
14 0.10909090909090909 0.2546875 0.11428571428571428 0.021875
14 0.24415584415584415 0.325 0.09090909090909091 0.01875
14 0.07532467532467532 0.325 0.04935064935064935 0.0234375
14 0.24155844155844156 0.4046875 0.08571428571428572 0.01875
14 0.2623376623376623 0.4828125 0.12727272727272726 0.01875
14 0.2597402597402597 0.5609375 0.12467532467532468 0.01875
14 0.2727272727272727 0.6390625 0.15064935064935064 0.01875
14 0.08831168831168831 0.715625 0.11168831168831168 0.0140625
14 0.11428571428571428 0.7875 0.16363636363636364 0.01875
14 0.10909090909090909 0.8578125 0.15064935064935064 0.01875
14 0.11688311688311688 0.928125 0.17142857142857143 0.01875
14 0.09350649350649351 0.9953125 0.12207792207792208 0.0078125
6 0.07532467532467532 0.6390625 0.04935064935064935 0.0296875
6 0.07532467532467532 0.5609375 0.03896103896103896 0.0296875
6 0.07532467532467532 0.48125 0.04935064935064935 0.0265625
6 0.07532467532467532 0.403125 0.046753246753246755 0.025
18 0.4987012987012987 0.0171875 0.9974025974025974 0.034375