10 0.4987012987012987 0.5171875 0.8727272727272727 0.8109375
15 0.44675324675324674 0.875 0.6233766233766234 0.0578125
9 0.4987012987012987 0.5171875 0.8675324675324675 0.6421875
14 0.3168831168831169 0.1609375 0.38441558441558443 0.028125
3 0.2519480519480519 0.2125 0.2727272727272727 0.0296875
14 0.3038961038961039 0.215625 0.17142857142857143 0.01875
3 0.21558441558441557 0.284375 0.2 0.0296875
14 0.2649350649350649 0.284375 0.09610389610389611 0.0140625
3 0.22597402597402597 0.35625 0.21818181818181817 0.028125
14 0.2753246753246753 0.35625 0.11688311688311688 0.015625
3 0.1974025974025974 0.428125 0.16623376623376623 0.028125
14 0.24935064935064935 0.43125 0.06233766233766234 0.01875
3 0.22857142857142856 0.5 0.22337662337662337 0.0296875
14 0.2779220779220779 0.503125 0.12207792207792208 0.01875
3 0.2025974025974026 0.571875 0.17142857142857143 0.028125
14 0.2519480519480519 0.571875 0.07272727272727272 0.015625
3 0.23116883116883116 0.64375 0.23116883116883116 0.028125
14 0.2831168831168831 0.64375 0.12987012987012986 0.015625
3 0.23376623376623376 0.715625 0.23896103896103896 0.0296875
14 0.2857142857142857 0.715625 0.13766233766233765 0.0140625
3 0.22857142857142856 0.7875 0.22597402597402597 0.0296875
14 0.2805194805194805 0.7875 0.12467532467532468 0.0140625
18 0.4987012987012987 0.0171875 0.9974025974025974 0.034375
14 0.44675324675324674 0.875 0.12727272727272726 0.0140625