10 0.4987012987012987 0.5171875 0.6779220779220779 0.56875
7 0.4987012987012987 0.3796875 0.33246753246753247 0.1203125
14 0.44675324675324674 0.5421875 0.5116883116883116 0.0453125
14 0.4987012987012987 0.6140625 0.612987012987013 0.040625
14 0.23116883116883116 0.6671875 0.08311688311688312 0.0140625
3 0.33246753246753247 0.703125 0.2779220779220779 0.01875
14 0.35324675324675325 0.703125 0.23376623376623376 0.0140625
15 0.6649350649350649 0.7609375 0.2909090909090909 0.0453125
14 0.2623376623376623 0.7609375 0.09610389610389611 0.01875
18 0.4987012987012987 0.0171875 0.9974025974025974 0.034375
14 0.6649350649350649 0.7609375 0.24155844155844156 0.0171875