0 0.4987012987012987 0.5171875 0.9974025974025974 0.9640625
6 0.5792207792207792 0.9546875 0.01038961038961039 0.0109375
14 0.4987012987012987 0.9578125 0.07272727272727272 0.021875
15 0.4987012987012987 0.8671875 0.9376623376623376 0.0640625
16 0.5012987012987012 0.778125 0.9376623376623376 0.0640625
16 0.4987012987012987 0.6875 0.9402597402597402 0.0640625
7 0.4987012987012987 0.1796875 0.5636363636363636 0.1171875
18 0.4987012987012987 0.0171875 0.9974025974025974 0.034375
14 0.5012987012987012 0.690625 0.35844155844155845 0.021875
14 0.5012987012987012 0.78125 0.2753246753246753 0.021875
14 0.5012987012987012 0.8703125 0.13246753246753246 0.0234375
6 0.08311688311688312 0.6890625 0.023376623376623377 0.03125
6 0.08571428571428572 0.778125 0.05194805194805195 0.021875