4 0.34025974025974026 0.5171875 0.6779220779220779 0.9640625
9 0.34025974025974026 0.5703125 0.6779220779220779 0.725
7 0.22857142857142856 0.1 0.05714285714285714 0.0234375
14 0.2675324675324675 0.171875 0.43896103896103894 0.0375
14 0.2805194805194805 0.25625 0.21298701298701297 0.0203125
14 0.24675324675324675 0.325 0.14025974025974025 0.01875
14 0.23896103896103896 0.3984375 0.12467532467532468 0.0234375
14 0.2779220779220779 0.465625 0.2 0.01875
14 0.3090909090909091 0.5359375 0.2675324675324675 0.01875
14 0.2623376623376623 0.609375 0.17402597402597403 0.0234375
14 0.2857142857142857 0.6796875 0.21558441558441557 0.0234375
14 0.2857142857142857 0.746875 0.21558441558441557 0.01875
14 0.2987012987012987 0.81875 0.24155844155844156 0.0234375
14 0.2077922077922078 0.8875 0.06233766233766234 0.01875
6 0.06753246753246753 0.8859375 0.04415584415584416 0.0265625
6 0.06753246753246753 0.815625 0.04155844155844156 0.03125
6 0.06753246753246753 0.746875 0.04935064935064935 0.0234375
6 0.06753246753246753 0.675 0.05454545454545454 0.0296875
6 0.06753246753246753 0.60625 0.04415584415584416 0.0296875
6 0.06753246753246753 0.5359375 0.04935064935064935 0.0296875
6 0.06753246753246753 0.465625 0.046753246753246755 0.0296875
6 0.06753246753246753 0.3953125 0.05194805194805195 0.0265625
6 0.06753246753246753 0.3234375 0.03896103896103896 0.021875
6 0.06753246753246753 0.2546875 0.04935064935064935 0.0296875
18 0.4987012987012987 0.0171875 0.9974025974025974 0.034375