8 0.2649350649350649 0.790625 0.43116883116883115 0.078125
8 0.7350649350649351 0.790625 0.43116883116883115 0.078125
12 0.4987012987012987 0.7328125 0.08051948051948052 0.009375
15 0.4987012987012987 0.8828125 0.9012987012987013 0.0765625
14 0.6571428571428571 0.94375 0.574025974025974 0.0140625
14 0.4987012987012987 0.1359375 0.6597402597402597 0.0640625
7 0.5012987012987012 0.490625 0.6415584415584416 0.51875
18 0.4987012987012987 0.0171875 0.9974025974025974 0.034375
6 0.2649350649350649 0.790625 0.03636363636363636 0.0421875
6 0.7350649350649351 0.790625 0.10909090909090909 0.0421875
14 0.5012987012987012 0.884375 0.4675324675324675 0.021875