18 0.4987012987012987 0.0171875 0.9974025974025974 0.034375
5 0.2571428571428571 0.1953125 0.43636363636363634 0.0734375
5 0.7428571428571429 0.1953125 0.43636363636363634 0.0734375
5 0.4987012987012987 0.3 0.922077922077922 0.075
5 0.4987012987012987 0.3734375 0.922077922077922 0.0765625
5 0.4987012987012987 0.4484375 0.9194805194805195 0.075
5 0.5012987012987012 0.521875 0.922077922077922 0.075
14 0.5012987012987012 0.109375 0.36363636363636365 0.025
14 0.18701298701298702 0.196875 0.21558441558441557 0.0203125
14 0.6701298701298701 0.196875 0.21038961038961038 0.01875
14 0.18181818181818182 0.3 0.2051948051948052 0.0203125
14 0.13246753246753246 0.3734375 0.1038961038961039 0.0203125
14 0.17402597402597403 0.4484375 0.18961038961038962 0.0203125
14 0.2623376623376623 0.5234375 0.36883116883116884 0.0203125
15 0.5012987012987012 0.646875 0.922077922077922 0.0703125
3 0.509090909090909 0.7203125 0.7584415584415585 0.028125
14 0.5428571428571428 0.7234375 0.6935064935064935 0.021875
14 0.5012987012987012 0.6484375 0.12727272727272726 0.015625