6 0.9428571428571428 0.0765625 0.012987012987012988 0.0265625
15 0.612987012987013 0.0765625 0.21818181818181817 0.0453125
15 0.38961038961038963 0.0765625 0.22337662337662337 0.0453125
6 0.07272727272727272 0.0765625 0.04155844155844156 0.0234375
10 0.4987012987012987 0.5171875 0.6987012987012987 0.6234375
15 0.6675324675324675 0.7796875 0.3116883116883117 0.06875
15 0.33246753246753247 0.7796875 0.3116883116883117 0.06875
14 0.4987012987012987 0.6640625 0.612987012987013 0.0734375
14 0.5012987012987012 0.6 0.6181818181818182 0.025
7 0.4987012987012987 0.4078125 0.35844155844155845 0.284375
6 0.787012987012987 0.2359375 0.02857142857142857 0.015625
18 0.4987012987012987 0.0171875 0.9974025974025974 0.034375
14 0.33246753246753247 0.7796875 0.16103896103896104 0.0109375
14 0.6701298701298701 0.7796875 0.17402597402597403 0.0125
14 0.38961038961038963 0.075 0.15324675324675324 0.0125
14 0.6103896103896104 0.075 0.15844155844155844 0.0125