4 0.4 0.5171875 0.7974025974025974 0.9625
9 0.4 0.4484375 0.7974025974025974 0.45625
15 0.6493506493506493 0.0921875 0.23116883116883116 0.0296875
14 0.16103896103896104 0.0671875 0.23896103896103896 0.01875
14 0.23896103896103896 0.096875 0.4 0.0203125
14 0.18701298701298702 0.13125 0.2935064935064935 0.021875
14 0.6701298701298701 0.1828125 0.19480519480519481 0.0203125
14 0.18441558441558442 0.18125 0.15064935064935064 0.01875
14 0.18961038961038962 0.2578125 0.10909090909090909 0.021875
14 0.2519480519480519 0.3328125 0.23376623376623376 0.021875
14 0.23636363636363636 0.4109375 0.2051948051948052 0.0265625
14 0.34025974025974026 0.484375 0.3948051948051948 0.021875
14 0.23636363636363636 0.5609375 0.19220779220779222 0.021875
14 0.18181818181818182 0.6390625 0.08831168831168831 0.025
6 0.06753246753246753 0.6359375 0.04935064935064935 0.0265625
6 0.07012987012987013 0.5609375 0.046753246753246755 0.0296875
6 0.07012987012987013 0.484375 0.046753246753246755 0.01875
6 0.06753246753246753 0.4109375 0.05714285714285714 0.0265625
6 0.06753246753246753 0.33125 0.03636363636363636 0.03125
6 0.06493506493506493 0.25625 0.05714285714285714 0.03125
6 0.5324675324675324 0.18125 0.04415584415584416 0.0265625
6 0.06753246753246753 0.18125 0.04415584415584416 0.0265625
18 0.5 0.0171875 1 0.034375
14 0.6519480519480519 0.0953125 0.17142857142857143 0.015625