0 0.4987012987012987 0.403125 0.9974025974025974 0.734375
12 0.4909090909090909 0.634375 0.15844155844155844 0.01875
15 0.5012987012987012 0.734375 0.7324675324675325 0.01875
14 0.4987012987012987 0.3671875 0.8285714285714286 0.121875
7 0.2831168831168831 0.075 0.4909090909090909 0.0453125
14 0.9116883116883117 0.0796875 0.1012987012987013 0.021875
15 0.4987012987012987 0.809375 0.9974025974025974 0.0765625
15 0.4987012987012987 0.8859375 0.9974025974025974 0.075
15 0.4987012987012987 0.9625 0.9974025974025974 0.075
18 0.4987012987012987 0.0171875 0.9974025974025974 0.034375
14 0.5012987012987012 0.8109375 0.34545454545454546 0.025
14 0.5012987012987012 0.8890625 0.32727272727272727 0.025
14 0.5012987012987012 0.9640625 0.37662337662337664 0.025