5 0.4987012987012987 0.4109375 0.7480519480519481 0.0359375
5 0.4987012987012987 0.2671875 0.7480519480519481 0.0359375
14 0.22077922077922077 0.403125 0.18701298701298702 0.0203125
14 0.17922077922077922 0.2609375 0.0987012987012987 0.0203125
15 0.4987012987012987 0.5109375 0.7662337662337663 0.0703125
14 0.5012987012987012 0.5828125 0.34805194805194806 0.021875
7 0.3974025974025974 0.1640625 0.11688311688311688 0.0703125
8 0.09610389610389611 0.0703125 0.11428571428571428 0.06875
6 0.0987012987012987 0.0703125 0.03896103896103896 0.0234375
14 0.574025974025974 0.165625 0.17402597402597403 0.028125
18 0.4987012987012987 0.0171875 0.9974025974025974 0.034375
14 0.5012987012987012 0.5109375 0.12467532467532468 0.015625