0 0.4987012987012987 0.5171875 0.9974025974025974 0.9640625
7 0.2701298701298701 0.5171875 0.06493506493506493 0.0375
14 0.5012987012987012 0.6 0.561038961038961 0.0578125
12 0.4961038961038961 0.6546875 0.07792207792207792 0.0140625
14 0.5376623376623376 0.51875 0.44675324675324674 0.040625
16 0.4987012987012987 0.7578125 0.5246753246753246 0.05625
16 0.4987012987012987 0.828125 0.5246753246753246 0.05625
15 0.4987012987012987 0.8984375 0.5246753246753246 0.0546875
14 0.5012987012987012 0.965625 0.3064935064935065 0.015625
18 0.4987012987012987 0.0171875 0.9974025974025974 0.034375
14 0.5012987012987012 0.9015625 0.32987012987012987 0.0140625
14 0.5298701298701298 0.8296875 0.16363636363636364 0.015625
14 0.5298701298701298 0.759375 0.16103896103896104 0.015625
7 0.4077922077922078 0.7609375 0.033766233766233764 0.0203125
7 0.4077922077922078 0.8296875 0.033766233766233764 0.0203125