4 0.34025974025974026 0.5171875 0.6779220779220779 0.9640625
9 0.34025974025974026 0.8 0.6779220779220779 0.3984375
16 0.17142857142857143 0.3171875 0.34025974025974026 0.096875
16 0.5116883116883116 0.3171875 0.33766233766233766 0.096875
6 0.34025974025974026 0.109375 0.16883116883116883 0.1
14 0.34025974025974026 0.184375 0.2701298701298701 0.021875
14 0.16883116883116883 0.3328125 0.07272727272727272 0.0203125
14 0.509090909090909 0.334375 0.13246753246753246 0.01875
6 0.509090909090909 0.3 0.05194805194805195 0.021875
6 0.17142857142857143 0.2984375 0.033766233766233764 0.03125
14 0.2623376623376623 0.4125 0.17142857142857143 0.0171875
14 0.2753246753246753 0.4828125 0.1974025974025974 0.0171875
14 0.2701298701298701 0.553125 0.18701298701298702 0.0171875
14 0.14285714285714285 0.6375 0.2077922077922078 0.0171875
14 0.22077922077922077 0.70625 0.08831168831168831 0.0171875
14 0.2909090909090909 0.7765625 0.23116883116883116 0.0171875
14 0.2077922077922078 0.8484375 0.05974025974025974 0.0171875
14 0.3194805194805195 0.9171875 0.2909090909090909 0.0171875
14 0.24415584415584415 0.9875 0.13766233766233765 0.0171875
6 0.07012987012987013 0.9859375 0.05194805194805195 0.0265625
6 0.06753246753246753 0.9171875 0.04935064935064935 0.0359375
6 0.06753246753246753 0.846875 0.05454545454545454 0.0328125
6 0.06753246753246753 0.7765625 0.05454545454545454 0.028125
6 0.07012987012987013 0.7078125 0.046753246753246755 0.028125
6 0.06753246753246753 0.553125 0.04415584415584416 0.03125
6 0.06753246753246753 0.4828125 0.05454545454545454 0.03125
6 0.06753246753246753 0.4140625 0.05714285714285714 0.01875
18 0.4987012987012987 0.0171875 0.9974025974025974 0.034375