5 0.4987012987012987 0.4375 0.8649350649350649 0.0328125
5 0.4987012987012987 0.3265625 0.8649350649350649 0.0359375
14 0.18961038961038962 0.31875 0.23636363636363636 0.0203125
14 0.13766233766233765 0.428125 0.14025974025974025 0.0125
6 0.9012987012987013 0.31875 0.04935064935064935 0.0140625
14 0.5012987012987012 0.940625 0.07272727272727272 0.0171875
14 0.11948051948051948 0.2828125 0.0987012987012987 0.0171875
14 0.4987012987012987 0.1625 0.7038961038961039 0.0484375
15 0.4987012987012987 0.846875 0.8831168831168831 0.0703125
14 0.4987012987012987 0.23125 0.6935064935064935 0.0265625
18 0.4987012987012987 0.0171875 0.9974025974025974 0.034375
14 0.5012987012987012 0.8484375 0.23116883116883116 0.0203125