4 0.34025974025974026 0.5171875 0.6779220779220779 0.9640625
14 0.21558441558441557 0.09375 0.07272727272727272 0.0171875
6 0.6155844155844156 0.0953125 0.04935064935064935 0.0296875
6 0.09610389610389611 0.09375 0.11168831168831168 0.0671875
16 0.34025974025974026 0.1890625 0.6025974025974026 0.0703125
9 0.34025974025974026 0.4171875 0.6779220779220779 0.35
14 0.23636363636363636 0.2796875 0.1012987012987013 0.01875
14 0.2753246753246753 0.3515625 0.18441558441558442 0.021875
14 0.23376623376623376 0.41875 0.1012987012987013 0.01875
14 0.2675324675324675 0.490625 0.16623376623376623 0.025
14 0.2857142857142857 0.5625 0.2025974025974026 0.0234375
16 0.34025974025974026 0.9640625 0.6779220779220779 0.0703125
6 0.06753246753246753 0.559375 0.046753246753246755 0.028125
6 0.06753246753246753 0.4875 0.046753246753246755 0.028125
6 0.06753246753246753 0.41875 0.046753246753246755 0.0265625
6 0.06753246753246753 0.3484375 0.046753246753246755 0.028125
6 0.06753246753246753 0.278125 0.04935064935064935 0.028125
18 0.4987012987012987 0.0171875 0.9974025974025974 0.034375
6 0.19480519480519481 0.1890625 0.04415584415584416 0.0234375
14 0.37922077922077924 0.1890625 0.2623376623376623 0.01875
14 0.3168831168831169 0.965625 0.24675324675324675 0.0171875
6 0.06753246753246753 0.965625 0.046753246753246755 0.028125