10 0.4987012987012987 0.5171875 0.6623376623376623 0.465625
8 0.8935064935064935 0.9359375 0.13506493506493505 0.0828125
15 0.7142857142857143 0.8421875 0.4649350649350649 0.0625
15 0.4987012987012987 0.234375 0.21298701298701297 0.0421875
14 0.4987012987012987 0.15 0.23636363636363636 0.0203125
14 0.4987012987012987 0.5703125 0.4753246753246753 0.021875
15 0.5012987012987012 0.71875 0.6623376623376623 0.0625
15 0.4987012987012987 0.6546875 0.6623376623376623 0.0640625
14 0.4987012987012987 0.5140625 0.4935064935064935 0.0203125
14 0.5012987012987012 0.453125 0.3012987012987013 0.0203125
7 0.4987012987012987 0.365625 0.15064935064935064 0.090625
18 0.4987012987012987 0.0171875 0.9974025974025974 0.034375
14 0.5012987012987012 0.6546875 0.14545454545454545 0.015625
14 0.5012987012987012 0.7171875 0.18961038961038962 0.015625
14 0.7142857142857143 0.84375 0.37662337662337664 0.0203125
6 0.8935064935064935 0.9359375 0.05454545454545454 0.021875
14 0.5012987012987012 0.2359375 0.13766233766233765 0.0171875