6 0.9506493506493506 0.9640625 0.01818181818181818 0.01875
14 0.4987012987012987 0.0734375 0.6363636363636364 0.034375
14 0.5948051948051948 0.2015625 0.5636363636363636 0.0890625
14 0.6103896103896104 0.403125 0.5974025974025974 0.0546875
14 0.6233766233766234 0.60625 0.625974025974026 0.0609375
14 0.612987012987013 0.8078125 0.6051948051948052 0.0953125
14 0.8831168831168831 0.965625 0.08571428571428572 0.0171875
12 0.5012987012987012 0.9640625 0.0987012987012987 0.0125
7 0.15064935064935064 0.8046875 0.22337662337662337 0.134375
7 0.15064935064935064 0.603125 0.22337662337662337 0.1328125
7 0.14805194805194805 0.4015625 0.22337662337662337 0.1328125
7 0.15064935064935064 0.2 0.22337662337662337 0.134375
18 0.4987012987012987 0.015625 0.9974025974025974 0.03125