10 0.4987012987012987 0.8234375 0.9974025974025974 0.3515625
6 0.9324675324675324 0.0765625 0.012987012987012988 0.0265625
6 0.06753246753246753 0.0765625 0.03896103896103896 0.025
14 0.43636363636363634 0.959375 0.5168831168831168 0.0234375
7 0.09350649350649351 0.9578125 0.04935064935064935 0.0359375
14 0.22337662337662337 0.8796875 0.36363636363636365 0.0265625
14 0.8753246753246753 0.7875 0.12987012987012986 0.015625
14 0.6623376623376623 0.7875 0.18181818181818182 0.0171875
7 0.07012987012987013 0.6921875 0.05454545454545454 0.0328125
14 0.33246753246753247 0.696875 0.3116883116883117 0.0265625
18 0.4987012987012987 0.0171875 0.9974025974025974 0.034375