16 0.4987012987012987 0.7203125 0.4623376623376623 0.0640625
14 0.5012987012987012 0.63125 0.8935064935064935 0.0515625
14 0.4987012987012987 0.5515625 0.17402597402597403 0.021875
14 0.4987012987012987 0.465625 0.17402597402597403 0.0171875
14 0.4987012987012987 0.3890625 0.3194805194805195 0.01875
14 0.5012987012987012 0.353125 0.16623376623376623 0.0171875
6 0.4987012987012987 0.234375 0.2935064935064935 0.1765625
6 0.9402597402597402 0.0765625 0.04415584415584416 0.0265625
6 0.07272727272727272 0.0703125 0.05714285714285714 0.03125
14 0.2051948051948052 0.0765625 0.13506493506493505 0.0234375
18 0.4987012987012987 0.0171875 0.9974025974025974 0.034375
14 0.5376623376623376 0.721875 0.2883116883116883 0.0171875
6 0.34025974025974026 0.7234375 0.046753246753246755 0.028125
15 0.5012987012987012 0.303125 0.08571428571428572 0.0390625
14 0.5012987012987012 0.303125 0.05974025974025974 0.0125