9 0.5 0.54921875 1 0.7234375
6 0.8649350649350649 0.903125 0.19220779220779222 0.0171875
6 0.6831168831168831 0.3640625 0.07272727272727272 0.0125
6 0.6961038961038961 0.3796875 0.04935064935064935 0.0125
6 0.7064935064935065 0.3953125 0.02077922077922078 0.0125
6 0.6701298701298701 0.35 0.09610389610389611 0.0125
6 0.6597402597402597 0.334375 0.12207792207792208 0.0140625
6 0.8649350649350649 0.7359375 0.1974025974025974 0.0234375
6 0.8675324675324675 0.465625 0.19220779220779222 0.0265625
6 0.13506493506493505 0.3390625 0.19480519480519481 0.0234375
11 0.5 0.1515625 1 0.071875
14 0.9662337662337662 0.153125 0.06493506493506493 0.015625
14 0.7012987012987013 0.153125 0.23116883116883116 0.015625
14 0.32727272727272727 0.153125 0.2805194805194805 0.015625
14 0.033766233766233764 0.153125 0.06493506493506493 0.015625
17 0.5 0.075 1 0.078125
6 0.07272727272727272 0.071875 0.05714285714285714 0.0328125
14 0.1974025974025974 0.95625 0.07272727272727272 0.0234375
14 0.08311688311688312 0.95625 0.1012987012987013 0.0359375
15 0.8051948051948052 0.95625 0.34025974025974026 0.0578125
14 0.2831168831168831 0.9046875 0.2 0.015625
7 0.09090909090909091 0.9015625 0.10649350649350649 0.0171875
14 0.5532467532467532 0.8171875 0.7402597402597403 0.04375
14 0.2545454545454545 0.7640625 0.14025974025974025 0.0171875
14 0.33766233766233766 0.7390625 0.3064935064935065 0.0203125
6 0.09090909090909091 0.7515625 0.10909090909090909 0.0578125
7 0.2805194805194805 0.61875 0.19220779220779222 0.1171875
14 0.5376623376623376 0.534375 0.7064935064935065 0.0203125
14 0.2545454545454545 0.49375 0.14025974025974025 0.0171875
14 0.2857142857142857 0.4671875 0.2 0.0203125
7 0.09090909090909091 0.484375 0.10909090909090909 0.065625
14 0.11948051948051948 0.36875 0.16363636363636364 0.01875
14 0.38961038961038963 0.2890625 0.3142857142857143 0.0171875
14 0.38961038961038963 0.2640625 0.3090909090909091 0.0171875
14 0.5844155844155844 0.2296875 0.7038961038961039 0.01875
7 0.11688311688311688 0.25625 0.15844155844155844 0.09375
6 0.9402597402597402 0.075 0.04415584415584416 0.0265625
14 0.21038961038961038 0.0765625 0.14545454545454545 0.0234375
18 0.4987012987012987 0.0171875 0.9974025974025974 0.034375
14 0.8077922077922078 0.959375 0.06233766233766234 0.0203125