5 0.4987012987012987 0.38125 0.9506493506493506 0.0578125
5 0.5012987012987012 0.234375 0.9506493506493506 0.059375
5 0.7428571428571429 0.1609375 0.4623376623376623 0.0578125
5 0.2571428571428571 0.1609375 0.4623376623376623 0.0578125
5 0.4987012987012987 0.3078125 0.9506493506493506 0.0578125
7 0.587012987012987 0.671875 0.09610389610389611 0.0203125
14 0.6025974025974026 0.1609375 0.12987012987012986 0.0125
14 0.12987012987012986 0.3828125 0.15844155844155844 0.0171875
14 0.13246753246753246 0.3078125 0.17402597402597403 0.0125
14 0.13246753246753246 0.2359375 0.17402597402597403 0.0125
14 0.11168831168831168 0.1609375 0.13246753246753246 0.0125
14 0.44675324675324674 0.6734375 0.16103896103896104 0.0171875
17 0.4987012987012987 0.0765625 0.9974025974025974 0.08125
16 0.7428571428571429 0.6 0.4649350649350649 0.0609375
16 0.2545454545454545 0.6 0.4649350649350649 0.0609375
14 0.4987012987012987 0.5296875 0.03636363636363636 0.0140625
15 0.4987012987012987 0.45625 0.9532467532467532 0.0609375
6 0.06753246753246753 0.0765625 0.04415584415584416 0.0265625
14 0.3038961038961039 0.0765625 0.33246753246753247 0.021875
18 0.4987012987012987 0.0171875 0.9974025974025974 0.034375
14 0.5012987012987012 0.45625 0.2883116883116883 0.015625
14 0.2987012987012987 0.6015625 0.16883116883116883 0.015625
14 0.787012987012987 0.6015625 0.12987012987012986 0.015625
7 0.6675324675324675 0.6 0.05974025974025974 0.0359375
7 0.15844155844155844 0.6 0.05974025974025974 0.0359375