17 0.5 0.07578125 1 0.0796875
6 0.9324675324675324 0.075 0.015584415584415584 0.025
2 0.7428571428571429 0.1875 0.4701298701298701 0.109375
2 0.2545454545454545 0.1875 0.4701298701298701 0.109375
2 0.7428571428571429 0.309375 0.4701298701298701 0.1109375
2 0.2545454545454545 0.309375 0.4701298701298701 0.1125
7 0.7428571428571429 0.9703125 0.4675324675324675 0.05625
7 0.2545454545454545 0.9703125 0.4701298701298701 0.05625
7 0.7428571428571429 0.8203125 0.4701298701298701 0.2203125
7 0.2571428571428571 0.81875 0.4701298701298701 0.221875
7 0.574025974025974 0.328125 0.12727272727272726 0.0703125
7 0.5012987012987012 0.5859375 0.9558441558441558 0.221875
7 0.09610389610389611 0.334375 0.14545454545454545 0.0609375
7 0.5844155844155844 0.2015625 0.14805194805194805 0.08125
7 0.06493506493506493 0.2046875 0.08311688311688312 0.0734375
14 0.6103896103896104 0.903125 0.12727272727272726 0.0171875
14 0.6285714285714286 0.8734375 0.16623376623376623 0.01875
14 0.08831168831168831 0.9046875 0.05974025974025974 0.0203125
14 0.12727272727272726 0.8765625 0.14285714285714285 0.0234375
14 0.1012987012987013 0.6703125 0.08831168831168831 0.0203125
14 0.11428571428571428 0.640625 0.10909090909090909 0.0265625
14 0.14285714285714285 0.4328125 0.17922077922077922 0.01875
14 0.8597402597402597 0.3359375 0.19220779220779222 0.021875
14 0.42077922077922075 0.3359375 0.09610389610389611 0.0234375
14 0.8857142857142857 0.2171875 0.13766233766233765 0.0296875
14 0.4025974025974026 0.2140625 0.13506493506493505 0.0234375
14 0.34545454545454546 0.0765625 0.18961038961038962 0.0171875
14 0.11688311688311688 0.0765625 0.08831168831168831 0.0171875
18 0.4987012987012987 0.0171875 0.9974025974025974 0.034375