0 0.4987012987012987 0.5171875 0.9974025974025974 0.9640625
16 0.4987012987012987 0.959375 0.922077922077922 0.0578125
16 0.4987012987012987 0.8890625 0.922077922077922 0.0578125
14 0.5012987012987012 0.796875 0.7844155844155845 0.0515625
14 0.4987012987012987 0.7046875 0.7428571428571429 0.1140625
7 0.4987012987012987 0.5796875 0.22597402597402597 0.053125
18 0.4987012987012987 0.0171875 0.9974025974025974 0.034375
14 0.5012987012987012 0.8890625 0.42597402597402595 0.0171875
14 0.5012987012987012 0.959375 0.4051948051948052 0.015625
6 0.09090909090909091 0.959375 0.05194805194805195 0.021875
6 0.08831168831168831 0.8890625 0.023376623376623377 0.0296875