17 0.4987012987012987 0.0765625 0.9974025974025974 0.08125
14 0.4831168831168831 0.4078125 0.8961038961038961 0.0578125
6 0.9532467532467532 0.8390625 0.023376623376623377 0.021875
14 0.18961038961038962 0.8390625 0.09610389610389611 0.021875
7 0.07012987012987013 0.8390625 0.07792207792207792 0.0296875
6 0.9558441558441558 0.765625 0.023376623376623377 0.021875
14 0.24415584415584415 0.76875 0.2051948051948052 0.0265625
6 0.07532467532467532 0.765625 0.06753246753246753 0.046875
15 0.2571428571428571 0.625 0.45194805194805193 0.0578125
15 0.7428571428571429 0.625 0.45194805194805193 0.0578125
14 0.45454545454545453 0.5109375 0.8415584415584415 0.0828125
14 0.42597402597402595 0.3359375 0.787012987012987 0.0265625
15 0.5272727272727272 0.1953125 0.21298701298701297 0.015625
6 0.38181818181818183 0.1953125 0.033766233766233764 0.0140625
14 0.18181818181818182 0.1375 0.2857142857142857 0.01875
7 0.18961038961038962 0.0765625 0.10909090909090909 0.0421875
6 0.06753246753246753 0.075 0.046753246753246755 0.0203125
18 0.4987012987012987 0.0171875 0.9974025974025974 0.034375
14 0.2571428571428571 0.625 0.3064935064935065 0.0171875
14 0.7428571428571429 0.625 0.12207792207792208 0.01875