4 0.42337662337662335 0.5171875 0.8441558441558441 0.9640625
9 0.4961038961038961 0.2515625 0.6961038961038961 0.4328125
7 0.07272727272727272 0.0703125 0.06233766233766234 0.025
9 0.42077922077922075 0.7203125 0.8415584415584415 0.4953125
6 0.07272727272727272 0.9375 0.05454545454545454 0.0328125
6 0.07272727272727272 0.865625 0.03896103896103896 0.0328125
6 0.07272727272727272 0.7953125 0.05454545454545454 0.0328125
6 0.07272727272727272 0.725 0.04935064935064935 0.0265625
6 0.07272727272727272 0.6546875 0.04935064935064935 0.0328125
6 0.07532467532467532 0.584375 0.046753246753246755 0.0328125
6 0.07272727272727272 0.515625 0.05974025974025974 0.034375
14 0.2701298701298701 0.9359375 0.18701298701298702 0.01875
14 0.2753246753246753 0.865625 0.19480519480519481 0.01875
14 0.24675324675324675 0.7984375 0.14025974025974025 0.0234375
14 0.24935064935064935 0.728125 0.14545454545454545 0.0234375
14 0.2077922077922078 0.6578125 0.06233766233766234 0.021875
14 0.2571428571428571 0.5875 0.15844155844155844 0.0234375
14 0.21558441558441557 0.515625 0.08311688311688312 0.01875
14 0.21038961038961038 0.421875 0.07272727272727272 0.01875
14 0.22857142857142856 0.3515625 0.1012987012987013 0.01875
14 0.21298701298701297 0.28125 0.07012987012987013 0.01875
14 0.21298701298701297 0.2109375 0.07012987012987013 0.01875
14 0.24155844155844156 0.140625 0.12987012987012986 0.01875
14 0.21558441558441557 0.0703125 0.08311688311688312 0.01875
18 0.4987012987012987 0.0171875 0.9974025974025974 0.034375