17 0.4987012987012987 0.0765625 0.9974025974025974 0.0796875
2 0.4987012987012987 0.225 0.9636363636363636 0.19375
2 0.825974025974026 0.8625 0.3090909090909091 0.271875
2 0.4987012987012987 0.8625 0.3116883116883117 0.271875
2 0.17402597402597403 0.5703125 0.3116883116883117 0.290625
2 0.17142857142857143 0.8625 0.3142857142857143 0.271875
2 0.4987012987012987 0.5703125 0.3116883116883117 0.290625
2 0.825974025974026 0.5703125 0.3090909090909091 0.290625
14 0.7454545454545455 0.984375 0.11688311688311688 0.0140625
14 0.7792207792207793 0.95 0.17922077922077922 0.0390625
14 0.412987012987013 0.9859375 0.1012987012987013 0.01875
14 0.4649350649350649 0.95 0.21298701298701297 0.040625
14 0.16363636363636364 0.984375 0.2571428571428571 0.0140625
14 0.09350649350649351 0.95 0.12467532467532468 0.0390625
7 0.825974025974026 0.81875 0.2519480519480519 0.1515625
7 0.5012987012987012 0.81875 0.2805194805194805 0.1671875
7 0.17142857142857143 0.8140625 0.2805194805194805 0.1578125
14 0.9324675324675324 0.6953125 0.06493506493506493 0.0140625
14 0.6051948051948052 0.6953125 0.06493506493506493 0.0140625
14 0.2805194805194805 0.6953125 0.06493506493506493 0.0140625
14 0.7506493506493507 0.659375 0.12727272727272726 0.0140625
14 0.7818181818181819 0.6390625 0.18701298701298702 0.01875
14 0.11688311688311688 0.659375 0.16623376623376623 0.0125
14 0.14545454545454545 0.6359375 0.22597402597402597 0.0171875
14 0.4597402597402597 0.659375 0.19220779220779222 0.0140625
14 0.4727272727272727 0.6359375 0.22337662337662337 0.015625
7 0.825974025974026 0.5171875 0.2779220779220779 0.1671875
7 0.4987012987012987 0.5171875 0.2779220779220779 0.1671875
7 0.17142857142857143 0.5171875 0.2805194805194805 0.1671875
15 0.8935064935064935 0.384375 0.12207792207792208 0.040625
14 0.2753246753246753 0.3875 0.44675324675324674 0.0296875
14 0.09350649350649351 0.290625 0.08831168831168831 0.0140625
14 0.8207792207792208 0.2671875 0.2571428571428571 0.0171875
14 0.2623376623376623 0.2609375 0.42597402597402595 0.021875
7 0.5012987012987012 0.1859375 0.15064935064935064 0.090625
14 0.24675324675324675 0.0796875 0.2 0.0296875
6 0.9376623376623376 0.075 0.05974025974025974 0.0359375
6 0.06753246753246753 0.075 0.04935064935064935 0.021875
18 0.4987012987012987 0.0171875 0.9974025974025974 0.034375
14 0.8935064935064935 0.384375 0.07792207792207792 0.0140625