10 0.4987012987012987 0.5171875 0.922077922077922 0.6703125
6 0.13506493506493505 0.225 0.08051948051948052 0.034375
14 0.4155844155844156 0.228125 0.44415584415584414 0.034375
14 0.33246753246753247 0.3203125 0.4727272727272727 0.0296875
7 0.14545454545454545 0.41875 0.13506493506493505 0.08125
5 0.6 0.44375 0.625974025974026 0.034375
14 0.44675324675324674 0.4375 0.3194805194805195 0.01875
6 0.23636363636363636 0.446875 0.04415584415584416 0.0265625
14 0.8753246753246753 0.484375 0.08831168831168831 0.0171875
14 0.535064935064935 0.5421875 0.7194805194805195 0.0390625
3 0.4935064935064935 0.54375 0.8 0.040625
3 0.37922077922077924 0.61875 0.5714285714285714 0.0265625
14 0.42077922077922075 0.6203125 0.4909090909090909 0.01875
14 0.4883116883116883 0.709375 0.825974025974026 0.0890625
14 0.6597402597402597 0.8046875 0.12727272727272726 0.015625
14 0.8415584415584415 0.8046875 0.11948051948051948 0.015625
18 0.4987012987012987 0.0171875 0.9974025974025974 0.034375