6 0.08831168831168831 0.959375 0.012987012987012988 0.01875
14 0.14285714285714285 0.959375 0.07272727272727272 0.0171875
14 0.8337662337662337 0.9578125 0.2571428571428571 0.0171875
16 0.4987012987012987 0.8890625 0.9246753246753247 0.0578125
16 0.4987012987012987 0.8296875 0.9246753246753247 0.0578125
16 0.4987012987012987 0.6203125 0.9246753246753247 0.0578125
7 0.4987012987012987 0.2140625 0.2909090909090909 0.1125
14 0.5012987012987012 0.421875 0.4831168831168831 0.03125
18 0.4987012987012987 0.0171875 0.9974025974025974 0.034375
14 0.5012987012987012 0.621875 0.41818181818181815 0.025
6 0.9090909090909091 0.6203125 0.02077922077922078 0.0203125
14 0.3090909090909091 0.834375 0.35064935064935066 0.021875
14 0.2883116883116883 0.8890625 0.3038961038961039 0.021875
6 0.09350649350649351 0.8296875 0.023376623376623377 0.0265625
7 0.09350649350649351 0.8890625 0.04155844155844156 0.015625