17 0.4987012987012987 0.0765625 0.9974025974025974 0.0796875
14 0.3038961038961039 0.90625 0.2545454545454545 0.0203125
6 0.06753246753246753 0.9046875 0.04935064935064935 0.0296875
14 0.37922077922077924 0.8390625 0.4051948051948052 0.0203125
14 0.3246753246753247 0.809375 0.2909090909090909 0.0234375
6 0.06753246753246753 0.8046875 0.046753246753246755 0.0328125
14 0.8857142857142857 0.7375 0.15064935064935064 0.0140625
14 0.12207792207792208 0.7390625 0.16103896103896104 0.015625
15 0.4987012987012987 0.6515625 0.9974025974025974 0.075
9 0.5 0.4 1 0.425
14 0.535064935064935 0.5671875 0.7194805194805195 0.046875
6 0.06753246753246753 0.5546875 0.046753246753246755 0.0265625
14 0.5558441558441558 0.4828125 0.7584415584415585 0.0234375
6 0.06753246753246753 0.4828125 0.04415584415584416 0.0265625
14 0.44415584415584414 0.4109375 0.5298701298701298 0.0234375
6 0.06753246753246753 0.4109375 0.04415584415584416 0.0265625
14 0.5532467532467532 0.3125 0.7532467532467533 0.0734375
6 0.06753246753246753 0.2875 0.04415584415584416 0.0265625
14 0.4831168831168831 0.215625 0.6103896103896104 0.0234375
6 0.06753246753246753 0.215625 0.04415584415584416 0.0265625
14 0.22597402597402597 0.0796875 0.09610389610389611 0.028125
6 0.948051948051948 0.0765625 0.01038961038961039 0.025
6 0.8441558441558441 0.075 0.04415584415584416 0.0265625
14 0.0987012987012987 0.15 0.11688311688311688 0.0203125
6 0.06753246753246753 0.0765625 0.03636363636363636 0.0203125
18 0.4987012987012987 0.0171875 0.9974025974025974 0.034375
14 0.22337662337662337 0.6515625 0.36623376623376624 0.015625