0 0.4987012987012987 0.45625 0.9974025974025974 0.840625
14 0.4961038961038961 0.5984375 0.34545454545454546 0.0328125
14 0.4961038961038961 0.7 0.6 0.08125
7 0.4987012987012987 0.340625 0.2987012987012987 0.178125
12 0.4987012987012987 0.83125 0.15584415584415584 0.015625
14 0.4987012987012987 0.9015625 0.7142857142857143 0.0203125
15 0.24935064935064935 0.9640625 0.4987012987012987 0.06875
15 0.7506493506493507 0.9640625 0.4987012987012987 0.06875
18 0.4987012987012987 0.0171875 0.9974025974025974 0.034375
14 0.2519480519480519 0.9640625 0.07532467532467532 0.0234375
14 0.7480519480519481 0.9640625 0.08571428571428572 0.021875