4 0.34025974025974026 0.5171875 0.6805194805194805 0.9640625
9 0.34025974025974026 0.240625 0.6805194805194805 0.4078125
6 0.07272727272727272 0.075 0.06753246753246753 0.0390625
14 0.22597402597402597 0.078125 0.11948051948051948 0.025
14 0.22857142857142856 0.1453125 0.12987012987012986 0.01875
6 0.07272727272727272 0.1578125 0.06493506493506493 0.0390625
14 0.3116883116883117 0.1734375 0.2935064935064935 0.015625
14 0.2675324675324675 0.228125 0.2077922077922078 0.0203125
6 0.07532467532467532 0.2390625 0.07012987012987013 0.03125
14 0.3246753246753247 0.2546875 0.3168831168831169 0.015625
14 0.24155844155844156 0.3125 0.14805194805194805 0.0234375
6 0.08571428571428572 0.31875 0.09610389610389611 0.0375
14 0.37662337662337664 0.3390625 0.42337662337662335 0.01875
14 0.24675324675324675 0.3921875 0.15584415584415584 0.01875
6 0.07532467532467532 0.403125 0.05714285714285714 0.034375
14 0.4025974025974026 0.421875 0.4727272727272727 0.01875
9 0.33766233766233766 0.5953125 0.6753246753246753 0.2953125
6 0.05714285714285714 0.484375 0.03896103896103896 0.021875
14 0.2051948051948052 0.4875 0.1974025974025974 0.025
3 0.19220779220779222 0.56875 0.3090909090909091 0.0265625
14 0.22597402597402597 0.5703125 0.24155844155844156 0.0234375
6 0.05714285714285714 0.64375 0.03636363636363636 0.021875
14 0.2051948051948052 0.6453125 0.2 0.0140625
6 0.05714285714285714 0.7140625 0.03896103896103896 0.021875
14 0.15324675324675324 0.715625 0.09610389610389611 0.0140625
18 0.4987012987012987 0.0171875 0.9974025974025974 0.034375