4 0.42077922077922075 0.5171875 0.8415584415584415 0.9640625
7 0.42077922077922075 0.1578125 0.8415584415584415 0.2453125
14 0.42337662337662335 0.2015625 0.2831168831168831 0.028125
7 0.42077922077922075 0.1109375 0.15324675324675324 0.0921875
14 0.08571428571428572 0.3296875 0.08831168831168831 0.0203125
9 0.42077922077922075 0.66875 0.8415584415584415 0.5828125
14 0.22857142857142856 0.4234375 0.1012987012987013 0.015625
14 0.2753246753246753 0.4953125 0.2 0.0203125
14 0.2623376623376623 0.565625 0.17662337662337663 0.0203125
14 0.24935064935064935 0.634375 0.14285714285714285 0.0171875
14 0.3116883116883117 0.70625 0.2675324675324675 0.0203125
14 0.2883116883116883 0.7765625 0.22597402597402597 0.0203125
14 0.2987012987012987 0.84375 0.24675324675324675 0.0171875
14 0.2883116883116883 0.915625 0.22597402597402597 0.0203125
6 0.06753246753246753 0.9125 0.04935064935064935 0.0265625
15 0.7688311688311689 0.9140625 0.07532467532467532 0.0296875
6 0.06753246753246753 0.84375 0.05974025974025974 0.0265625
6 0.06493506493506493 0.7734375 0.04935064935064935 0.0296875
6 0.06753246753246753 0.703125 0.05194805194805195 0.0265625
6 0.06753246753246753 0.6328125 0.04935064935064935 0.028125
6 0.06753246753246753 0.5625 0.04155844155844156 0.025
6 0.06753246753246753 0.49375 0.05194805194805195 0.034375
6 0.06753246753246753 0.421875 0.04935064935064935 0.0265625
15 0.7688311688311689 0.49375 0.07272727272727272 0.0296875
18 0.4987012987012987 0.0171875 0.9974025974025974 0.034375
14 0.7714285714285715 0.49375 0.05194805194805195 0.0109375
14 0.7688311688311689 0.915625 0.05194805194805195 0.0109375