4 0.34025974025974026 0.5171875 0.6805194805194805 0.9625
14 0.36623376623376624 0.10625 0.22337662337662337 0.021875
14 0.34025974025974026 0.1453125 0.17662337662337663 0.0203125
6 0.11688311688311688 0.121875 0.15584415584415584 0.09375
9 0.34025974025974026 0.4609375 0.6805194805194805 0.4984375
14 0.19480519480519481 0.246875 0.11428571428571428 0.021875
14 0.2649350649350649 0.31875 0.2571428571428571 0.0265625
14 0.2623376623376623 0.3875 0.24675324675324675 0.021875
14 0.2519480519480519 0.459375 0.22597402597402597 0.028125
14 0.21298701298701297 0.528125 0.14805194805194805 0.0203125
14 0.18181818181818182 0.6 0.08571428571428572 0.0265625
14 0.21558441558441557 0.671875 0.15844155844155844 0.0265625
16 0.34025974025974026 0.95625 0.6779220779220779 0.0875
6 0.06753246753246753 0.6671875 0.04935064935064935 0.0296875
6 0.06753246753246753 0.596875 0.04935064935064935 0.0296875
6 0.06753246753246753 0.5265625 0.05194805194805195 0.03125
6 0.06753246753246753 0.4578125 0.05194805194805195 0.0265625
6 0.06753246753246753 0.3875 0.04935064935064935 0.0296875
6 0.06753246753246753 0.3171875 0.05194805194805195 0.0203125
6 0.06753246753246753 0.246875 0.03896103896103896 0.0359375
18 0.5 0.0171875 1 0.034375
8 0.9272727272727272 0.0796875 0.10649350649350649 0.0640625
6 0.9272727272727272 0.0796875 0.046753246753246755 0.0296875
14 0.2779220779220779 0.959375 0.2961038961038961 0.025
6 0.06233766233766234 0.95625 0.04935064935064935 0.0296875