14 0.8103896103896104 0.9671875 0.2571428571428571 0.0359375
14 0.4753246753246753 0.9671875 0.22857142857142856 0.0359375
14 0.12987012987012986 0.9671875 0.18701298701298702 0.0359375
7 0.8207792207792208 0.846875 0.3038961038961039 0.184375
7 0.4987012987012987 0.846875 0.3038961038961039 0.184375
7 0.17922077922077922 0.846875 0.3064935064935065 0.184375
14 0.7766233766233767 0.7125 0.19220779220779222 0.0140625
14 0.45194805194805193 0.6875 0.18441558441558442 0.0109375
14 0.1012987012987013 0.6890625 0.12987012987012986 0.0140625
14 0.7740259740259741 0.6734375 0.18701298701298702 0.0390625
14 0.41818181818181815 0.6625 0.11428571428571428 0.0140625
14 0.14545454545454545 0.6625 0.21558441558441557 0.0140625
7 0.8207792207792208 0.553125 0.3064935064935065 0.184375
7 0.4987012987012987 0.553125 0.3064935064935065 0.184375
7 0.17662337662337663 0.553125 0.3038961038961039 0.1828125
14 0.7766233766233767 0.41875 0.19220779220779222 0.0140625
14 0.45714285714285713 0.39375 0.19220779220779222 0.0140625
14 0.12467532467532468 0.39375 0.16883116883116883 0.0109375
14 0.7922077922077922 0.3796875 0.22337662337662337 0.0375
14 0.4831168831168831 0.36875 0.24935064935064935 0.0140625
14 0.07272727272727272 0.36875 0.07272727272727272 0.0140625
7 0.8207792207792208 0.259375 0.3038961038961039 0.1828125
7 0.4987012987012987 0.2578125 0.3064935064935065 0.1828125
7 0.17662337662337663 0.259375 0.3064935064935065 0.184375
11 0.5 0.1234375 1 0.059375
14 0.8987012987012987 0.125 0.13766233766233765 0.021875
14 0.6701298701298701 0.1234375 0.2051948051948052 0.01875
14 0.4155844155844156 0.1265625 0.18181818181818182 0.021875
14 0.12987012987012986 0.1234375 0.2571428571428571 0.01875
17 0.5 0.0640625 1 0.05625
6 0.8753246753246753 0.0640625 0.06233766233766234 0.0375
6 0.625974025974026 0.0640625 0.06493506493506493 0.0390625
6 0.37402597402597404 0.0640625 0.06493506493506493 0.0390625
6 0.12467532467532468 0.0640625 0.06233766233766234 0.0375
18 0.4987012987012987 0.0171875 0.9974025974025974 0.034375