0 0.4987012987012987 0.5 0.9974025974025974 0.9984375
7 0.4987012987012987 0.1 0.34805194805194806 0.0671875
14 0.5012987012987012 0.196875 0.4779220779220779 0.0453125
14 0.34805194805194806 0.9546875 0.19480519480519481 0.025
14 0.6441558441558441 0.953125 0.21818181818181817 0.0234375
16 0.5012987012987012 0.73125 0.8 0.0671875
16 0.4987012987012987 0.828125 0.8 0.0671875
14 0.5558441558441558 0.7328125 0.43376623376623374 0.0171875
14 0.5558441558441558 0.83125 0.33246753246753247 0.0234375
6 0.2753246753246753 0.73125 0.05974025974025974 0.0359375
6 0.32727272727272727 0.828125 0.05974025974025974 0.021875