5 0.4987012987012987 0.4078125 0.7480519480519481 0.0265625
5 0.4987012987012987 0.4859375 0.7480519480519481 0.0265625
14 0.2025974025974026 0.48125 0.14545454545454545 0.015625
14 0.17402597402597403 0.4015625 0.08831168831168831 0.015625
6 0.8441558441558441 0.4859375 0.05454545454545454 0.021875
7 0.4987012987012987 0.2078125 0.7220779220779221 0.0671875
14 0.5012987012987012 0.64375 0.2727272727272727 0.01875
15 0.4987012987012987 0.5703125 0.7376623376623377 0.053125
14 0.5012987012987012 0.953125 0.34545454545454546 0.0140625
16 0.4987012987012987 0.8 0.7376623376623377 0.0515625
16 0.4987012987012987 0.865625 0.7376623376623377 0.0515625
18 0.4987012987012987 0.0171875 0.9974025974025974 0.034375
14 0.4987012987012987 0.571875 0.10909090909090909 0.0140625
14 0.5324675324675324 0.8015625 0.36363636363636365 0.0140625
14 0.5324675324675324 0.865625 0.32727272727272727 0.0140625
7 0.18701298701298702 0.8 0.04415584415584416 0.0265625
6 0.18701298701298702 0.865625 0.05974025974025974 0.021875