0 0.4987012987012987 0.5171875 0.9974025974025974 0.9640625
5 0.5688311688311688 0.321875 0.787012987012987 0.0421875
5 0.5688311688311688 0.428125 0.787012987012987 0.0375
14 0.2571428571428571 0.41875 0.15844155844155844 0.0171875
14 0.2623376623376623 0.315625 0.16883116883116883 0.0171875
7 0.4987012987012987 0.1734375 0.4779220779220779 0.1140625
6 0.06753246753246753 0.315625 0.05974025974025974 0.0359375
6 0.06753246753246753 0.41875 0.046753246753246755 0.0359375
14 0.42337662337662335 0.4875 0.24675324675324675 0.0171875
7 0.5012987012987012 0.6875 0.2831168831168831 0.059375
15 0.4987012987012987 0.596875 0.922077922077922 0.0703125
14 0.5012987012987012 0.9546875 0.8467532467532467 0.0359375
14 0.2571428571428571 0.9 0.17402597402597403 0.0140625
14 0.44155844155844154 0.9 0.11168831168831168 0.0140625
14 0.6857142857142857 0.9 0.2883116883116883 0.0140625
18 0.4987012987012987 0.0171875 0.9974025974025974 0.034375
14 0.5012987012987012 0.5953125 0.13246753246753246 0.015625