14 0.5012987012987012 0.6359375 0.42857142857142855 0.01875
12 0.4961038961038961 0.6921875 0.05974025974025974 0.0109375
7 0.4987012987012987 0.328125 0.7350649350649351 0.453125
16 0.4987012987012987 0.78125 0.8233766233766234 0.0625
15 0.7194805194805195 0.8796875 0.38961038961038963 0.0625
15 0.2805194805194805 0.8796875 0.38961038961038963 0.0640625
14 0.4987012987012987 0.96875 0.6935064935064935 0.0203125
18 0.4987012987012987 0.0171875 0.9974025974025974 0.034375
14 0.5168831168831168 0.784375 0.34805194805194806 0.021875
14 0.2831168831168831 0.884375 0.09350649350649351 0.0203125
14 0.7194805194805195 0.8828125 0.11948051948051948 0.0203125
6 0.24935064935064935 0.78125 0.02857142857142857 0.0359375