0 0.4987012987012987 0.5 0.9974025974025974 0.9984375
14 0.4987012987012987 0.403125 0.24415584415584415 0.034375
7 0.4987012987012987 0.30625 0.24415584415584415 0.1234375
16 0.4987012987012987 0.7 0.5818181818181818 0.065625
16 0.4987012987012987 0.79375 0.5818181818181818 0.065625
14 0.4987012987012987 0.8859375 0.18701298701298702 0.0203125
14 0.5012987012987012 0.959375 0.38961038961038963 0.0328125
14 0.4883116883116883 0.703125 0.3220779220779221 0.0203125
14 0.4909090909090909 0.796875 0.3246753246753247 0.0203125
6 0.2857142857142857 0.7 0.025974025974025976 0.034375
6 0.2805194805194805 0.79375 0.05194805194805195 0.03125