17 0.4987012987012987 0.0765625 0.9974025974025974 0.08125
14 0.5012987012987012 0.5359375 0.32727272727272727 0.021875
14 0.4987012987012987 0.5859375 0.8389610389610389 0.0453125
12 0.4935064935064935 0.6515625 0.08051948051948052 0.0140625
14 0.4987012987012987 0.9171875 0.587012987012987 0.0390625
15 0.5012987012987012 0.759375 0.9038961038961039 0.0703125
15 0.4987012987012987 0.8453125 0.9038961038961039 0.071875
7 0.4987012987012987 0.325 0.5506493506493506 0.3296875
14 0.3090909090909091 0.078125 0.34285714285714286 0.03125
6 0.06753246753246753 0.0765625 0.04155844155844156 0.025
18 0.4987012987012987 0.0171875 0.9974025974025974 0.034375
14 0.4987012987012987 0.7609375 0.5558441558441558 0.015625
14 0.5012987012987012 0.8453125 0.5142857142857142 0.015625