4 0.36363636363636365 0.5171875 0.7272727272727273 0.9640625
9 0.36363636363636365 0.44375 0.7272727272727273 0.378125
6 0.06753246753246753 0.30625 0.04415584415584416 0.0265625
6 0.06753246753246753 0.3765625 0.04155844155844156 0.0296875
6 0.06753246753246753 0.446875 0.025974025974025976 0.0296875
6 0.06753246753246753 0.515625 0.04415584415584416 0.0203125
6 0.07012987012987013 0.5859375 0.04935064935064935 0.0265625
14 0.07532467532467532 0.821875 0.06753246753246753 0.0203125
14 0.1012987012987013 0.7515625 0.12467532467532468 0.0203125
14 0.12727272727272726 0.6828125 0.17662337662337663 0.0203125
14 0.23896103896103896 0.5859375 0.12467532467532468 0.015625
14 0.21298701298701297 0.515625 0.07012987012987013 0.015625
14 0.2753246753246753 0.4484375 0.1974025974025974 0.0203125
14 0.2545454545454545 0.378125 0.15324675324675324 0.0203125
14 0.22597402597402597 0.30625 0.09610389610389611 0.0171875
14 0.15324675324675324 0.225 0.22597402597402597 0.0203125
6 0.6623376623376623 0.2046875 0.03116883116883117 0.009375
14 0.14545454545454545 0.1921875 0.2077922077922078 0.0234375
7 0.11428571428571428 0.1046875 0.15064935064935064 0.090625
18 0.4987012987012987 0.0171875 0.9974025974025974 0.034375
13 0.6441558441558441 0.68125 0.08051948051948052 0.03125