0 0.4987012987012987 0.5171875 0.9974025974025974 0.9640625
5 0.4987012987012987 0.340625 0.6519480519480519 0.0328125
5 0.4987012987012987 0.421875 0.6519480519480519 0.034375
5 0.4987012987012987 0.5015625 0.6519480519480519 0.034375
14 0.2753246753246753 0.4953125 0.19220779220779222 0.0203125
14 0.22597402597402597 0.4140625 0.0987012987012987 0.0203125
14 0.2701298701298701 0.334375 0.18181818181818182 0.01875
6 0.7974025974025974 0.4953125 0.04415584415584416 0.0125
6 0.7974025974025974 0.4140625 0.025974025974025976 0.015625
6 0.7974025974025974 0.334375 0.025974025974025976 0.015625
7 0.4987012987012987 0.171875 0.2727272727272727 0.1015625
15 0.4987012987012987 0.596875 0.6519480519480519 0.0703125
15 0.4987012987012987 0.6890625 0.6519480519480519 0.071875
14 0.4987012987012987 0.9671875 0.4961038961038961 0.0203125
18 0.4987012987012987 0.0171875 0.9974025974025974 0.034375
14 0.5012987012987012 0.5984375 0.42077922077922075 0.015625
14 0.5012987012987012 0.690625 0.43376623376623374 0.0171875