17 0.4987012987012987 0.0765625 0.9948051948051948 0.08125
5 0.4987012987012987 0.2375 0.9246753246753247 0.0375
5 0.4987012987012987 0.321875 0.9246753246753247 0.0375
14 0.21298701298701297 0.315625 0.34025974025974026 0.021875
14 0.17662337662337663 0.2296875 0.2649350649350649 0.021875
6 0.06753246753246753 0.0765625 0.04935064935064935 0.021875
14 0.22077922077922077 0.0796875 0.14805194805194805 0.0296875
14 0.2597402597402597 0.159375 0.43896103896103894 0.0234375
15 0.14545454545454545 0.428125 0.2077922077922078 0.0546875
15 0.4857142857142857 0.428125 0.37922077922077924 0.053125
14 0.3064935064935065 0.55 0.535064935064935 0.05
15 0.2077922077922078 0.6421875 0.32987012987012987 0.0546875
18 0.4987012987012987 0.0171875 0.9974025974025974 0.034375
14 0.14545454545454545 0.4296875 0.11688311688311688 0.015625
14 0.4857142857142857 0.4296875 0.33246753246753247 0.015625
14 0.2077922077922078 0.64375 0.2909090909090909 0.015625