4 0.3168831168831169 0.51875 0.6311688311688312 0.9609375
7 0.15844155844155844 0.08125 0.2701298701298701 0.0296875
9 0.3168831168831169 0.3671875 0.6311688311688312 0.49375
14 0.2675324675324675 0.1546875 0.2675324675324675 0.0171875
14 0.22337662337662337 0.2265625 0.17662337662337663 0.0171875
14 0.17662337662337663 0.296875 0.08311688311688312 0.015625
14 0.17662337662337663 0.3671875 0.08571428571428572 0.0171875
14 0.21038961038961038 0.4390625 0.15064935064935064 0.021875
14 0.17402597402597403 0.5078125 0.07792207792207792 0.0171875
14 0.18441558441558442 0.578125 0.1012987012987013 0.015625
14 0.18961038961038962 0.6484375 0.33246753246753247 0.0171875
14 0.11948051948051948 0.71875 0.19220779220779222 0.0171875
14 0.08571428571428572 0.790625 0.12207792207792208 0.0203125
6 0.05974025974025974 0.5765625 0.046753246753246755 0.0265625
6 0.05974025974025974 0.50625 0.046753246753246755 0.028125
6 0.05974025974025974 0.4359375 0.046753246753246755 0.0265625
6 0.05974025974025974 0.365625 0.046753246753246755 0.01875
6 0.05974025974025974 0.2953125 0.046753246753246755 0.028125
6 0.06233766233766234 0.225 0.046753246753246755 0.0265625
7 0.05974025974025974 0.1546875 0.05714285714285714 0.034375
18 0.4987012987012987 0.0171875 0.9974025974025974 0.034375
6 0.825974025974026 0.075 0.04415584415584416 0.0265625
6 0.9428571428571428 0.0765625 0.04935064935064935 0.025