0 0.4987012987012987 0.5171875 0.9974025974025974 0.9640625
5 0.4987012987012987 0.4421875 0.6805194805194805 0.0625
5 0.4987012987012987 0.503125 0.6805194805194805 0.0625
14 0.36623376623376624 0.5046875 0.2051948051948052 0.0203125
14 0.3220779220779221 0.44375 0.1012987012987013 0.0203125
14 0.5012987012987012 0.2765625 0.3090909090909091 0.0359375
6 0.7974025974025974 0.503125 0.03896103896103896 0.0140625
6 0.2 0.503125 0.03636363636363636 0.025
6 0.2025974025974026 0.4421875 0.03896103896103896 0.0171875
6 0.9324675324675324 0.0734375 0.05974025974025974 0.0328125
7 0.4987012987012987 0.196875 0.17662337662337663 0.0796875
14 0.5012987012987012 0.3671875 0.34025974025974026 0.0265625
15 0.4987012987012987 0.5796875 0.6805194805194805 0.0625
14 0.4987012987012987 0.6484375 0.35064935064935066 0.0203125
14 0.5012987012987012 0.7203125 0.03636363636363636 0.0140625
14 0.5012987012987012 0.865625 0.4857142857142857 0.0203125
16 0.6779220779220779 0.796875 0.32727272727272727 0.0609375
16 0.3246753246753247 0.796875 0.32727272727272727 0.0609375
18 0.4987012987012987 0.0171875 0.9974025974025974 0.034375
14 0.5012987012987012 0.5828125 0.09350649350649351 0.021875
14 0.35844155844155845 0.7984375 0.14545454545454545 0.015625
14 0.7220779220779221 0.8 0.10649350649350649 0.0203125
6 0.6233766233766234 0.796875 0.03896103896103896 0.021875
6 0.24935064935064935 0.796875 0.01818181818181818 0.0234375