4 0.34025974025974026 0.5171875 0.6779220779220779 0.9625
14 0.24675324675324675 0.1953125 0.4155844155844156 0.0359375
9 0.34025974025974026 0.55 0.6779220779220779 0.6015625
14 0.24675324675324675 0.2953125 0.14025974025974025 0.0171875
14 0.24935064935064935 0.365625 0.15064935064935064 0.0171875
14 0.22597402597402597 0.4359375 0.1012987012987013 0.0171875
14 0.2571428571428571 0.50625 0.16103896103896104 0.0171875
14 0.23896103896103896 0.578125 0.12467532467532468 0.0203125
14 0.22077922077922077 0.646875 0.09350649350649351 0.0171875
14 0.2805194805194805 0.74375 0.2077922077922078 0.021875
14 0.32987012987012987 0.8140625 0.3064935064935065 0.021875
6 0.06753246753246753 0.8109375 0.04415584415584416 0.0296875
6 0.06753246753246753 0.740625 0.046753246753246755 0.0296875
6 0.06753246753246753 0.646875 0.04935064935064935 0.03125
6 0.06753246753246753 0.5765625 0.04935064935064935 0.03125
6 0.06753246753246753 0.50625 0.04935064935064935 0.025
6 0.06753246753246753 0.4359375 0.04415584415584416 0.028125
6 0.06753246753246753 0.365625 0.04415584415584416 0.0203125
6 0.06753246753246753 0.2953125 0.046753246753246755 0.0296875
18 0.4987012987012987 0.0171875 0.9974025974025974 0.034375