5 0.4987012987012987 0.26875 0.8649350649350649 0.0328125
5 0.4987012987012987 0.3734375 0.8649350649350649 0.034375
5 0.4987012987012987 0.478125 0.8649350649350649 0.034375
5 0.4987012987012987 0.7 0.8649350649350649 0.034375
14 0.16623376623376623 0.69375 0.18961038961038962 0.021875
14 0.17402597402597403 0.471875 0.2051948051948052 0.0203125
14 0.12207792207792208 0.3671875 0.1012987012987013 0.0203125
14 0.12727272727272726 0.2609375 0.11168831168831168 0.0203125
6 0.8831168831168831 0.5765625 0.023376623376623377 0.0078125
14 0.11688311688311688 0.5765625 0.07012987012987013 0.0171875
7 0.4987012987012987 0.1140625 0.43376623376623374 0.059375
15 0.4987012987012987 0.8109375 0.8623376623376623 0.053125
14 0.4987012987012987 0.9 0.43636363636363634 0.0234375
18 0.4987012987012987 0.0171875 0.9974025974025974 0.034375
14 0.5012987012987012 0.8109375 0.2883116883116883 0.015625