10 0.4987012987012987 0.5171875 0.7012987012987013 0.4890625
14 0.4987012987012987 0.0765625 0.3116883116883117 0.0203125
15 0.5012987012987012 0.6984375 0.35324675324675325 0.0765625
16 0.5012987012987012 0.5984375 0.35324675324675325 0.0765625
16 0.5012987012987012 0.5 0.35324675324675325 0.0765625
14 0.5012987012987012 0.38125 0.5948051948051948 0.06875
14 0.4987012987012987 0.3078125 0.44155844155844154 0.021875
18 0.4987012987012987 0.0171875 0.9974025974025974 0.034375
14 0.5506493506493506 0.5 0.15584415584415584 0.0296875
14 0.5506493506493506 0.603125 0.22077922077922077 0.0328125
14 0.5038961038961038 0.6984375 0.3116883116883117 0.0265625
7 0.37402597402597404 0.6 0.07012987012987013 0.046875
6 0.37402597402597404 0.5 0.04155844155844156 0.0484375