7 0.4987012987012987 0.0859375 0.2779220779220779 0.0328125
14 0.5012987012987012 0.153125 0.5298701298701298 0.0515625
16 0.4987012987012987 0.23125 0.7090909090909091 0.053125
14 0.5012987012987012 0.3078125 0.03636363636363636 0.0140625
16 0.5012987012987012 0.3796875 0.7090909090909091 0.053125
16 0.4987012987012987 0.45 0.7090909090909091 0.053125
16 0.4987012987012987 0.5203125 0.7090909090909091 0.053125
16 0.4987012987012987 0.5921875 0.7090909090909091 0.05625
16 0.4987012987012987 0.6609375 0.7090909090909091 0.053125
14 0.4987012987012987 0.9640625 0.4753246753246753 0.01875
18 0.4987012987012987 0.0171875 0.9974025974025974 0.034375
14 0.5428571428571428 0.234375 0.2857142857142857 0.0203125
14 0.5402597402597402 0.3828125 0.35324675324675325 0.0203125
14 0.5402597402597402 0.453125 0.3116883116883117 0.0203125
14 0.5402597402597402 0.525 0.33246753246753247 0.0203125
14 0.5402597402597402 0.5953125 0.33506493506493507 0.0203125
14 0.5376623376623376 0.6640625 0.37142857142857144 0.0203125
7 0.24415584415584415 0.6609375 0.03896103896103896 0.021875
6 0.24415584415584415 0.590625 0.03636363636363636 0.021875
6 0.24155844155844156 0.5203125 0.04935064935064935 0.01875
7 0.24415584415584415 0.45 0.04155844155844156 0.0203125
6 0.24155844155844156 0.38125 0.01818181818181818 0.0203125
6 0.24675324675324675 0.2328125 0.04935064935064935 0.025