5 0.5012987012987012 0.34375 0.8649350649350649 0.034375
5 0.4987012987012987 0.26875 0.8675324675324675 0.0421875
14 0.18441558441558442 0.3375 0.18701298701298702 0.0203125
14 0.14805194805194805 0.265625 0.11428571428571428 0.0203125
17 0.5 0.15546875 1 0.0640625
14 0.7506493506493507 0.153125 0.16363636363636364 0.0140625
14 0.24935064935064935 0.153125 0.23896103896103896 0.015625
14 0.5012987012987012 0.8296875 0.2675324675324675 0.0203125
16 0.4987012987012987 0.728125 0.8831168831168831 0.0828125
16 0.4987012987012987 0.63125 0.8831168831168831 0.0828125
14 0.5012987012987012 0.534375 0.03636363636363636 0.0125
16 0.5012987012987012 0.4375 0.8831168831168831 0.0828125
14 0.5012987012987012 0.0765625 0.3038961038961039 0.0296875
18 0.4987012987012987 0.0171875 0.9974025974025974 0.034375
14 0.5298701298701298 0.440625 0.3922077922077922 0.025
14 0.5324675324675324 0.634375 0.4155844155844156 0.0265625
14 0.5376623376623376 0.73125 0.36363636363636365 0.0265625
7 0.12987012987012986 0.728125 0.06753246753246753 0.040625
6 0.10909090909090909 0.63125 0.02857142857142857 0.0328125
6 0.12207792207792208 0.4375 0.05194805194805195 0.0328125