17 0.509090909090909 0.0765625 0.9818181818181818 0.08125
9 0.5077922077922078 0.7484375 0.9844155844155844 0.503125
14 0.24155844155844156 0.5234375 0.16883116883116883 0.021875
14 0.2519480519480519 0.6046875 0.19220779220779222 0.0234375
14 0.3012987012987013 0.6875 0.2935064935064935 0.0234375
14 0.35324675324675325 0.76875 0.3922077922077922 0.0234375
14 0.24675324675324675 0.85 0.18181818181818182 0.015625
14 0.21298701298701297 0.93125 0.11428571428571428 0.01875
6 0.08571428571428572 0.9296875 0.04415584415584416 0.0265625
6 0.08571428571428572 0.8484375 0.04935064935064935 0.0234375
6 0.08571428571428572 0.765625 0.05714285714285714 0.0359375
6 0.08571428571428572 0.684375 0.04415584415584416 0.0265625
6 0.08571428571428572 0.603125 0.04935064935064935 0.0265625
6 0.08571428571428572 0.5203125 0.05454545454545454 0.025
15 0.5168831168831168 0.3515625 0.36103896103896105 0.053125
14 0.5168831168831168 0.2765625 0.38961038961038963 0.046875
14 0.2675324675324675 0.0796875 0.2025974025974026 0.0203125
6 0.08571428571428572 0.0765625 0.03896103896103896 0.0234375
18 0.5064935064935064 0.0171875 0.9844155844155844 0.034375
14 0.5168831168831168 0.353125 0.23896103896103896 0.01875