0 0.4987012987012987 0.5359375 0.9974025974025974 0.8703125
17 0.4987012987012987 0.0671875 0.9974025974025974 0.0640625
5 0.4987012987012987 0.4296875 0.4727272727272727 0.0546875
5 0.4987012987012987 0.4984375 0.4701298701298701 0.0546875
16 0.4987012987012987 0.259375 0.4701298701298701 0.053125
15 0.5012987012987012 0.5625 0.13246753246753246 0.040625
14 0.4987012987012987 0.496875 0.14545454545454545 0.0171875
14 0.4987012987012987 0.428125 0.2779220779220779 0.0171875
6 0.03896103896103896 0.0671875 0.03116883116883117 0.0296875
14 0.5012987012987012 0.0703125 0.12727272727272726 0.0296875
14 0.5012987012987012 0.3421875 0.04935064935064935 0.0203125
14 0.4987012987012987 0.6296875 0.2649350649350649 0.021875
14 0.5012987012987012 0.6890625 0.04935064935064935 0.0203125
15 0.4987012987012987 0.7640625 0.4701298701298701 0.053125
18 0.4987012987012987 0.0171875 0.9974025974025974 0.034375
14 0.535064935064935 0.259375 0.32727272727272727 0.0203125
6 0.3142857142857143 0.2578125 0.02077922077922078 0.028125
14 0.4987012987012987 0.5640625 0.07792207792207792 0.0203125
14 0.5012987012987012 0.765625 0.3948051948051948 0.0203125