0 0.4987012987012987 0.5171875 0.9974025974025974 0.9625
14 0.4987012987012987 0.1078125 0.21298701298701297 0.034375
2 0.5012987012987012 0.653125 0.922077922077922 0.646875
15 0.4987012987012987 0.3890625 0.8415584415584415 0.071875
14 0.5012987012987012 0.45 0.04415584415584416 0.021875
5 0.4987012987012987 0.5015625 0.825974025974026 0.0296875
14 0.13246753246753246 0.4984375 0.08571428571428572 0.01875
5 0.2883116883116883 0.5625 0.4051948051948052 0.0296875
5 0.7090909090909091 0.5625 0.4051948051948052 0.0296875
14 0.5948051948051948 0.5578125 0.16623376623376623 0.0203125
14 0.17402597402597403 0.5578125 0.16883116883116883 0.01875
5 0.4987012987012987 0.63125 0.825974025974026 0.034375
14 0.18701298701298702 0.6234375 0.1974025974025974 0.0203125
3 0.6051948051948052 0.6953125 0.17922077922077922 0.0265625
3 0.17402597402597403 0.6953125 0.14025974025974025 0.028125
14 0.2051948051948052 0.69375 0.07792207792207792 0.0203125
14 0.6363636363636364 0.6953125 0.11428571428571428 0.0203125
5 0.4987012987012987 0.7640625 0.825974025974026 0.0296875
14 0.16363636363636364 0.7609375 0.14805194805194805 0.0203125
14 0.5012987012987012 0.8359375 0.522077922077922 0.046875
15 0.4987012987012987 0.9171875 0.8441558441558441 0.06875
18 0.4987012987012987 0.0171875 0.9974025974025974 0.034375
14 0.5532467532467532 0.3890625 0.37662337662337664 0.0171875
14 0.2987012987012987 0.3890625 0.06493506493506493 0.0390625
14 0.5012987012987012 0.9171875 0.13506493506493505 0.0171875