17 0.5 0.07734375 1 0.0828125
6 0.9454545454545454 0.0765625 0.01038961038961039 0.0265625
6 0.06753246753246753 0.078125 0.04155844155844156 0.0234375
14 0.23896103896103896 0.078125 0.12727272727272726 0.0203125
6 0.8415584415584415 0.078125 0.04155844155844156 0.01875
10 0.4987012987012987 0.5 0.6987012987012987 0.5796875
3 0.43636363636363634 0.7359375 0.45194805194805193 0.0578125
14 0.33246753246753247 0.2609375 0.24415584415584415 0.0234375
16 0.6727272727272727 0.396875 0.16883116883116883 0.1265625
6 0.6727272727272727 0.3578125 0.07792207792207792 0.046875
16 0.3220779220779221 0.3859375 0.12467532467532468 0.0953125
6 0.3246753246753247 0.3578125 0.07532467532467532 0.0421875
14 0.3246753246753247 0.4 0.12207792207792208 0.021875
14 0.6701298701298701 0.4140625 0.16623376623376623 0.046875
14 0.3246753246753247 0.4265625 0.12207792207792208 0.0140625
14 0.6753246753246753 0.4515625 0.16103896103896104 0.0140625
16 0.32727272727272727 0.5734375 0.17142857142857143 0.1
6 0.3246753246753247 0.546875 0.07272727272727272 0.046875
16 0.6701298701298701 0.5734375 0.21038961038961038 0.1015625
6 0.6727272727272727 0.546875 0.07792207792207792 0.046875
14 0.32727272727272727 0.5875 0.17402597402597403 0.01875
14 0.6701298701298701 0.6015625 0.21038961038961038 0.0453125
14 0.3246753246753247 0.615625 0.17142857142857143 0.0140625
14 0.4857142857142857 0.7359375 0.34805194805194806 0.0578125
14 0.4779220779220779 0.8671875 0.8831168831168831 0.0578125
18 0.5 0.0171875 1 0.034375