4 0.34025974025974026 0.51875 0.6779220779220779 0.9625
14 0.825974025974026 0.3609375 0.21558441558441557 0.0265625
8 0.8935064935064935 0.9359375 0.13766233766233765 0.08125
7 0.34025974025974026 0.1015625 0.16103896103896104 0.096875
7 0.33766233766233766 0.1796875 0.24155844155844156 0.034375
9 0.34025974025974026 0.49375 0.6779220779220779 0.503125
14 0.2519480519480519 0.2796875 0.15584415584415584 0.0203125
14 0.2935064935064935 0.35 0.23896103896103896 0.0203125
14 0.2519480519480519 0.4171875 0.15584415584415584 0.0171875
14 0.2675324675324675 0.4875 0.18181818181818182 0.0171875
14 0.2597402597402597 0.5578125 0.16623376623376623 0.0171875
14 0.2623376623376623 0.628125 0.17402597402597403 0.0171875
14 0.22857142857142856 0.7 0.10909090909090909 0.021875
14 0.1012987012987013 0.7953125 0.12467532467532468 0.021875
14 0.17662337662337663 0.865625 0.2779220779220779 0.021875
14 0.13766233766233765 0.934375 0.1974025974025974 0.0203125
6 0.06753246753246753 0.696875 0.05194805194805195 0.028125
6 0.06753246753246753 0.628125 0.03896103896103896 0.03125
6 0.06753246753246753 0.55625 0.046753246753246755 0.03125
6 0.06753246753246753 0.4875 0.05194805194805195 0.034375
6 0.06753246753246753 0.4171875 0.04935064935064935 0.0296875
6 0.06753246753246753 0.346875 0.05714285714285714 0.0296875
6 0.06753246753246753 0.2765625 0.04415584415584416 0.03125
18 0.4987012987012987 0.0171875 0.9974025974025974 0.034375
6 0.8935064935064935 0.934375 0.04155844155844156 0.025