5 0.4987012987012987 0.4546875 0.9506493506493506 0.08125
14 0.2051948051948052 0.453125 0.3090909090909091 0.015625
14 0.12987012987012986 0.6140625 0.16103896103896104 0.015625
14 0.09350649350649351 0.534375 0.08831168831168831 0.0171875
7 0.4987012987012987 0.175 0.36363636363636365 0.0875
14 0.4987012987012987 0.278125 0.7038961038961039 0.021875
16 0.2623376623376623 0.359375 0.4753246753246753 0.0703125
16 0.7428571428571429 0.359375 0.4649350649350649 0.0703125
14 0.5012987012987012 0.890625 0.34285714285714286 0.021875
15 0.5012987012987012 0.725 0.9506493506493506 0.08125
14 0.5012987012987012 0.8046875 0.36883116883116884 0.0203125
18 0.4987012987012987 0.0171875 0.9974025974025974 0.034375
14 0.2857142857142857 0.359375 0.13506493506493505 0.01875
14 0.7610389610389611 0.359375 0.13506493506493505 0.0171875
6 0.5584415584415584 0.359375 0.012987012987012988 0.0171875
6 0.07792207792207792 0.359375 0.02857142857142857 0.01875
14 0.5012987012987012 0.728125 0.16623376623376623 0.0203125