0 0.4987012987012987 0.5171875 0.9974025974025974 0.9640625
5 0.5012987012987012 0.3421875 0.9038961038961039 0.05625
5 0.5012987012987012 0.4265625 0.9038961038961039 0.05625
5 0.4987012987012987 0.5109375 0.9012987012987013 0.05625
14 0.19220779220779222 0.5109375 0.18441558441558442 0.0203125
14 0.32727272727272727 0.4265625 0.45714285714285713 0.0203125
14 0.24155844155844156 0.3421875 0.2805194805194805 0.0203125
6 0.9064935064935065 0.5125 0.05454545454545454 0.0328125
7 0.4987012987012987 0.14375 0.2675324675324675 0.1015625
14 0.2025974025974026 0.5671875 0.3090909090909091 0.015625
15 0.4987012987012987 0.6234375 0.9038961038961039 0.05625
18 0.4987012987012987 0.0171875 0.9974025974025974 0.034375
14 0.5012987012987012 0.6234375 0.16883116883116883 0.015625