0 0.4987012987012987 0.5171875 0.9974025974025974 0.9640625
5 0.5012987012987012 0.6453125 0.9038961038961039 0.05
5 0.4025974025974026 0.725 0.7064935064935065 0.0515625
14 0.1974025974025974 0.725 0.12207792207792208 0.0125
14 0.16883116883116883 0.6453125 0.06493506493506493 0.0125
6 0.0987012987012987 0.725 0.033766233766233764 0.0125
6 0.0987012987012987 0.64375 0.033766233766233764 0.0203125
7 0.4987012987012987 0.1796875 0.4155844155844156 0.2015625
15 0.8545454545454545 0.725 0.19480519480519481 0.0515625
14 0.14805194805194805 0.778125 0.19480519480519481 0.0125
14 0.8727272727272727 0.778125 0.15584415584415584 0.0140625
16 0.5012987012987012 0.86875 0.9038961038961039 0.059375
18 0.4987012987012987 0.0171875 0.9974025974025974 0.034375
14 0.8545454545454545 0.7265625 0.07532467532467532 0.015625
14 0.5012987012987012 0.86875 0.3168831168831169 0.01875
6 0.08571428571428572 0.8671875 0.023376623376623377 0.0296875