9 0.4987012987012987 0.5953125 0.922077922077922 0.809375
14 0.2909090909090909 0.696875 0.15064935064935064 0.01875
14 0.24675324675324675 0.615625 0.06233766233766234 0.01875
14 0.2779220779220779 0.5359375 0.12727272727272726 0.01875
6 0.09350649350649351 0.5359375 0.03896103896103896 0.0296875
6 0.09610389610389611 0.6140625 0.04155844155844156 0.025
6 0.0987012987012987 0.6953125 0.04155844155844156 0.0265625
17 0.5 0.07265625 1 0.0734375
6 0.7272727272727273 0.0703125 0.04415584415584416 0.028125
6 0.9454545454545454 0.0703125 0.012987012987012988 0.0265625
14 0.35584415584415585 0.9390625 0.2779220779220779 0.0234375
6 0.1012987012987013 0.9359375 0.046753246753246755 0.0234375
14 0.3038961038961039 0.8578125 0.17922077922077922 0.0234375
6 0.0987012987012987 0.85625 0.04935064935064935 0.0296875
14 0.33766233766233766 0.7796875 0.24415584415584415 0.0234375
6 0.09610389610389611 0.7765625 0.04155844155844156 0.028125
14 0.2727272727272727 0.4546875 0.11948051948051948 0.01875
6 0.09610389610389611 0.4546875 0.05194805194805195 0.0296875
14 0.2805194805194805 0.375 0.12727272727272726 0.01875
6 0.09610389610389611 0.375 0.04935064935064935 0.0296875
14 0.3220779220779221 0.2953125 0.21818181818181817 0.01875
6 0.0987012987012987 0.2953125 0.046753246753246755 0.0265625
14 0.2883116883116883 0.215625 0.14285714285714285 0.0171875
6 0.09610389610389611 0.2140625 0.04415584415584416 0.0265625
11 0.5 0.14375 1 0.065625
14 0.8337662337662337 0.140625 0.04935064935064935 0.0171875
14 0.5012987012987012 0.140625 0.13506493506493505 0.015625
14 0.16623376623376623 0.140625 0.1012987012987013 0.0171875
14 0.12207792207792208 0.0703125 0.16883116883116883 0.025
6 0.8415584415584415 0.0703125 0.04415584415584416 0.028125
18 0.5 0.0171875 1 0.034375