4 0.2909090909090909 0.5171875 0.5818181818181818 0.9625
9 0.2909090909090909 0.384375 0.5818181818181818 0.5046875
6 0.06753246753246753 0.590625 0.04935064935064935 0.0296875
6 0.06753246753246753 0.509375 0.05194805194805195 0.03125
6 0.06753246753246753 0.428125 0.046753246753246755 0.0265625
6 0.06753246753246753 0.3453125 0.05194805194805195 0.0328125
6 0.06753246753246753 0.2625 0.05454545454545454 0.0234375
6 0.06753246753246753 0.18125 0.03636363636363636 0.03125
15 0.4909090909090909 0.18125 0.10909090909090909 0.034375
14 0.2519480519480519 0.590625 0.22597402597402597 0.01875
14 0.19480519480519481 0.509375 0.11948051948051948 0.01875
14 0.21558441558441557 0.4265625 0.16103896103896104 0.01875
14 0.18181818181818182 0.3453125 0.08831168831168831 0.01875
14 0.21818181818181817 0.2625 0.16103896103896104 0.01875
14 0.2051948051948052 0.18125 0.13766233766233765 0.01875
14 0.2701298701298701 0.0875 0.18961038961038962 0.01875
6 0.08831168831168831 0.0875 0.09610389610389611 0.059375
18 0.4987012987012987 0.0171875 0.9974025974025974 0.034375
14 0.4909090909090909 0.18125 0.06753246753246753 0.0140625