17 0.4987012987012987 0.0765625 0.9974025974025974 0.08125
5 0.4961038961038961 0.1515625 0.9506493506493506 0.046875
7 0.5012987012987012 0.7625 0.961038961038961 0.30625
7 0.4987012987012987 0.34375 0.9974025974025974 0.3140625
14 0.4987012987012987 0.1515625 0.4753246753246753 0.015625
6 0.06753246753246753 0.153125 0.03896103896103896 0.0265625
14 0.4831168831168831 0.075 0.22597402597402597 0.01875
14 0.21818181818181817 0.9796875 0.35844155844155845 0.01875
14 0.8727272727272727 0.9484375 0.17402597402597403 0.0140625
14 0.17402597402597403 0.95 0.2701298701298701 0.01875
14 0.22597402597402597 0.565625 0.37402597402597404 0.0234375
14 0.4935064935064935 0.43125 0.8649350649350649 0.01875
14 0.4675324675324675 0.390625 0.8155844155844156 0.034375
6 0.07012987012987013 0.0734375 0.04415584415584416 0.021875
18 0.4987012987012987 0.0171875 0.9974025974025974 0.034375
6 0.9454545454545454 0.9796875 0.01818181818181818 0.0109375