14 0.5012987012987012 0.0703125 0.4779220779220779 0.015625
6 0.06753246753246753 0.0703125 0.04415584415584416 0.0234375
14 0.4987012987012987 0.9421875 0.12727272727272726 0.01875
7 0.4987012987012987 0.89375 0.9584415584415584 0.209375
14 0.43376623376623374 0.7328125 0.787012987012987 0.01875
14 0.825974025974026 0.7 0.2701298701298701 0.015625
14 0.07792207792207792 0.7015625 0.07792207792207792 0.0171875
14 0.4987012987012987 0.5140625 0.12727272727272726 0.01875
7 0.4987012987012987 0.5140625 0.961038961038961 0.30625
14 0.17662337662337663 0.30625 0.2675324675324675 0.015625
14 0.37142857142857144 0.2625 0.6623376623376623 0.01875
14 0.8155844155844156 0.2296875 0.2857142857142857 0.015625
14 0.18441558441558442 0.23125 0.2883116883116883 0.01875
7 0.4987012987012987 0.1515625 0.9584415584415584 0.0921875
18 0.4987012987012987 0.0171875 0.9974025974025974 0.034375