2 0.4987012987012987 0.3609375 0.9662337662337662 0.4
17 0.4987012987012987 0.078125 0.9974025974025974 0.0828125
9 0.4987012987012987 0.39375 0.9688311688311688 0.3328125
14 0.24155844155844156 0.5140625 0.13246753246753246 0.01875
6 0.08831168831168831 0.515625 0.05454545454545454 0.0328125
14 0.24935064935064935 0.434375 0.14545454545454545 0.01875
6 0.08831168831168831 0.434375 0.05194805194805195 0.0234375
14 0.3012987012987013 0.35 0.24935064935064935 0.021875
6 0.08831168831168831 0.3515625 0.04935064935064935 0.0296875
14 0.2727272727272727 0.2671875 0.19220779220779222 0.01875
6 0.08831168831168831 0.2703125 0.03636363636363636 0.0328125
14 0.18701298701298702 0.19375 0.2571428571428571 0.015625
14 0.4987012987012987 0.0765625 0.3012987012987013 0.0203125
6 0.06753246753246753 0.0765625 0.04155844155844156 0.0234375
18 0.4987012987012987 0.0171875 0.9974025974025974 0.034375