0 0.4987012987012987 0.5171875 0.9974025974025974 0.9640625
14 0.5012987012987012 0.5015625 0.4935064935064935 0.0265625
6 0.5012987012987012 0.39375 0.14025974025974025 0.06875
14 0.5012987012987012 0.2671875 0.5168831168831168 0.0234375
7 0.4987012987012987 0.1515625 0.5116883116883116 0.15625
12 0.4987012987012987 0.7359375 0.08311688311688312 0.0140625
12 0.4987012987012987 0.7953125 0.19480519480519481 0.021875
16 0.2649350649350649 0.8515625 0.43116883116883115 0.0640625
16 0.7350649350649351 0.85 0.43116883116883115 0.0640625
15 0.2649350649350649 0.9375 0.42337662337662335 0.0609375
15 0.7350649350649351 0.9359375 0.42337662337662335 0.0609375
18 0.4987012987012987 0.0171875 0.9974025974025974 0.034375
14 0.2649350649350649 0.940625 0.07012987012987013 0.021875
14 0.7376623376623377 0.940625 0.12467532467532468 0.021875
14 0.7376623376623377 0.853125 0.11428571428571428 0.0203125
14 0.2675324675324675 0.8515625 0.15844155844155844 0.0171875
6 0.0987012987012987 0.85 0.02077922077922078 0.025
6 0.5662337662337662 0.85 0.05194805194805195 0.0203125