4 0.34025974025974026 0.5171875 0.6779220779220779 0.9640625
7 0.34025974025974026 0.10625 0.37662337662337664 0.0734375
9 0.34025974025974026 0.50625 0.6805194805194805 0.56875
14 0.2753246753246753 0.259375 0.2 0.021875
14 0.2077922077922078 0.328125 0.06493506493506493 0.015625
14 0.2701298701298701 0.3984375 0.18701298701298702 0.0171875
14 0.34285714285714286 0.4703125 0.33506493506493507 0.021875
14 0.2805194805194805 0.540625 0.21298701298701297 0.021875
14 0.2831168831168831 0.609375 0.21818181818181817 0.0203125
14 0.24935064935064935 0.6796875 0.14805194805194805 0.01875
14 0.23896103896103896 0.7515625 0.12467532467532468 0.021875
6 0.06753246753246753 0.7484375 0.046753246753246755 0.028125
6 0.06753246753246753 0.678125 0.04935064935064935 0.025
6 0.06753246753246753 0.6078125 0.05454545454545454 0.0328125
6 0.06753246753246753 0.5390625 0.05974025974025974 0.03125
6 0.06753246753246753 0.46875 0.046753246753246755 0.0359375
6 0.07012987012987013 0.3984375 0.03896103896103896 0.034375
6 0.06753246753246753 0.328125 0.046753246753246755 0.0265625
6 0.06753246753246753 0.25625 0.04415584415584416 0.028125
18 0.4987012987012987 0.0171875 0.9974025974025974 0.034375