4 0.42597402597402595 0.48125 0.8493506493506493 0.890625
7 0.05714285714285714 0.9 0.05974025974025974 0.0359375
9 0.42597402597402595 0.665625 0.8493506493506493 0.2328125
6 0.05974025974025974 0.7359375 0.046753246753246755 0.0296875
6 0.05714285714285714 0.665625 0.04935064935064935 0.0296875
6 0.06493506493506493 0.5890625 0.06233766233766234 0.0359375
9 0.42597402597402595 0.3828125 0.8493506493506493 0.3296875
6 0.05714285714285714 0.5 0.04935064935064935 0.0234375
6 0.05714285714285714 0.4296875 0.04935064935064935 0.0296875
6 0.05714285714285714 0.359375 0.05194805194805195 0.0265625
6 0.05974025974025974 0.2640625 0.046753246753246755 0.0328125
14 0.2883116883116883 0.9015625 0.2831168831168831 0.01875
14 0.11168831168831168 0.83125 0.14285714285714285 0.01875
14 0.21558441558441557 0.7375 0.14025974025974025 0.021875
14 0.3116883116883117 0.6671875 0.32987012987012987 0.0234375
14 0.23636363636363636 0.5984375 0.17402597402597403 0.021875
14 0.18961038961038962 0.503125 0.08831168831168831 0.0234375
14 0.2935064935064935 0.4296875 0.2961038961038961 0.01875
14 0.24675324675324675 0.359375 0.1974025974025974 0.0203125
14 0.2051948051948052 0.2640625 0.11428571428571428 0.0171875
14 0.18701298701298702 0.1296875 0.2831168831168831 0.0296875
6 0.7792207792207793 0.0640625 0.05714285714285714 0.021875
18 0.4987012987012987 0.0171875 0.9974025974025974 0.034375