8 0.7714285714285715 0.1703125 0.13766233766233765 0.084375
8 0.4987012987012987 0.171875 0.14025974025974025 0.084375
8 0.22857142857142856 0.171875 0.13766233766233765 0.0828125
7 0.7454545454545455 0.8984375 0.4701298701298701 0.2
7 0.2545454545454545 0.8984375 0.4727272727272727 0.2
7 0.7454545454545455 0.596875 0.4701298701298701 0.3796875
7 0.2545454545454545 0.596875 0.4701298701298701 0.38125
14 0.6857142857142857 0.740625 0.2727272727272727 0.0203125
14 0.15324675324675324 0.740625 0.18701298701298702 0.0203125
15 0.8935064935064935 0.35625 0.13506493506493505 0.0421875
14 0.2909090909090909 0.35625 0.5038961038961038 0.025
14 0.7740259740259741 0.2390625 0.17402597402597403 0.0171875
14 0.5012987012987012 0.240625 0.1012987012987013 0.0203125
14 0.22857142857142856 0.2390625 0.09610389610389611 0.0171875
17 0.5 0.075 1 0.078125
14 0.3246753246753247 0.0765625 0.2961038961038961 0.0234375
6 0.9402597402597402 0.0765625 0.04935064935064935 0.028125
6 0.06753246753246753 0.075 0.046753246753246755 0.0203125
18 0.4987012987012987 0.0171875 0.9974025974025974 0.034375
6 0.22857142857142856 0.1703125 0.05194805194805195 0.0328125
6 0.5012987012987012 0.1703125 0.11168831168831168 0.021875
6 0.7714285714285715 0.171875 0.07272727272727272 0.0234375
14 0.8961038961038961 0.35625 0.1012987012987013 0.0125