5 0.4987012987012987 0.5453125 0.7792207792207793 0.034375
5 0.4987012987012987 0.6140625 0.7792207792207793 0.034375
14 0.21558441558441557 0.6078125 0.2051948051948052 0.021875
14 0.17662337662337663 0.5390625 0.12727272727272726 0.021875
7 0.14805194805194805 0.0703125 0.21298701298701297 0.0421875
14 0.4987012987012987 0.459375 0.023376623376623377 0.009375
14 0.6077922077922078 0.69375 0.3194805194805195 0.0203125
15 0.21038961038961038 0.6921875 0.21818181818181817 0.0578125
16 0.4987012987012987 0.3546875 0.7974025974025974 0.084375
18 0.4987012987012987 0.0171875 0.9974025974025974 0.034375
14 0.4051948051948052 0.35625 0.42077922077922075 0.0171875
14 0.21038961038961038 0.69375 0.12467532467532468 0.0171875
6 0.15584415584415584 0.35625 0.023376623376623377 0.0265625