2 0.4987012987012987 0.5265625 0.9038961038961039 0.2703125
5 0.5012987012987012 0.496875 0.787012987012987 0.0359375
5 0.4987012987012987 0.5671875 0.7844155844155845 0.0359375
14 0.2649350649350649 0.5609375 0.17402597402597403 0.021875
14 0.23116883116883116 0.490625 0.0987012987012987 0.021875
6 0.14025974025974025 0.5625 0.02857142857142857 0.0203125
6 0.14285714285714285 0.490625 0.033766233766233764 0.0125
6 0.24415584415584415 0.434375 0.04155844155844156 0.021875
7 0.509090909090909 0.2796875 0.4103896103896104 0.1390625
14 0.5324675324675324 0.4359375 0.4909090909090909 0.021875
14 0.7610389610389611 0.6203125 0.2649350649350649 0.0234375
15 0.7324675324675325 0.71875 0.43896103896103894 0.0703125
15 0.2675324675324675 0.71875 0.43896103896103894 0.0703125
18 0.4987012987012987 0.0171875 0.9974025974025974 0.034375
14 0.2701298701298701 0.71875 0.2857142857142857 0.0203125
14 0.7324675324675325 0.721875 0.12467532467532468 0.028125