5 0.4987012987012987 0.603125 0.8545454545454545 0.075
5 0.4987012987012987 0.5140625 0.8545454545454545 0.075
17 0.4987012987012987 0.0765625 0.9974025974025974 0.08125
14 0.2 0.603125 0.17142857142857143 0.0171875
14 0.34025974025974026 0.5140625 0.24675324675324675 0.0171875
14 0.14805194805194805 0.5140625 0.07272727272727272 0.0140625
14 0.5012987012987012 0.359375 0.522077922077922 0.0515625
14 0.5012987012987012 0.7734375 0.2727272727272727 0.0203125
14 0.5012987012987012 0.84375 0.34545454545454546 0.0171875
15 0.4987012987012987 0.7 0.8545454545454545 0.0703125
6 0.06753246753246753 0.075 0.046753246753246755 0.0203125
14 0.23636363636363636 0.0765625 0.18181818181818182 0.021875
18 0.4987012987012987 0.0171875 0.9974025974025974 0.034375
14 0.5012987012987012 0.7015625 0.11688311688311688 0.0140625