5 0.4987012987012987 0.40625 0.922077922077922 0.0375
14 0.19480519480519481 0.4046875 0.2987012987012987 0.025
14 0.5012987012987012 0.7140625 0.6103896103896104 0.01875
14 0.35844155844155845 0.6296875 0.23896103896103896 0.021875
8 0.7090909090909091 0.625 0.09350649350649351 0.05625
8 0.5662337662337662 0.6265625 0.10909090909090909 0.065625
15 0.4987012987012987 0.5140625 0.922077922077922 0.0703125
14 0.09090909090909091 0.3484375 0.09610389610389611 0.01875
14 0.5012987012987012 0.259375 0.5428571428571428 0.059375
7 0.4987012987012987 0.1265625 0.2753246753246753 0.04375
14 0.8935064935064935 0.0703125 0.10649350649350649 0.015625
18 0.4987012987012987 0.0171875 0.9974025974025974 0.034375
14 0.5012987012987012 0.5140625 0.12467532467532468 0.0171875
6 0.5662337662337662 0.625 0.03116883116883117 0.034375
7 0.7090909090909091 0.625 0.04155844155844156 0.025