4 0.34025974025974026 0.5171875 0.6779220779220779 0.9625
6 0.06753246753246753 0.2984375 0.033766233766233764 0.0296875
14 0.2597402597402597 0.15 0.4103896103896104 0.0671875
14 0.33246753246753247 0.2984375 0.3142857142857143 0.015625
9 0.34025974025974026 0.640625 0.6779220779220779 0.5875
14 0.22077922077922077 0.39375 0.08831168831168831 0.015625
14 0.21038961038961038 0.4671875 0.06493506493506493 0.01875
14 0.24415584415584415 0.534375 0.13246753246753246 0.015625
14 0.3116883116883117 0.60625 0.2701298701298701 0.0203125
14 0.24675324675324675 0.675 0.13766233766233765 0.015625
14 0.2753246753246753 0.746875 0.2 0.0203125
14 0.24675324675324675 0.8171875 0.13766233766233765 0.0203125
14 0.32987012987012987 0.8875 0.3064935064935065 0.0203125
14 0.2883116883116883 0.98125 0.22077922077922077 0.015625
15 0.5974025974025974 0.815625 0.08311688311688312 0.0328125
15 0.6 0.7453125 0.08311688311688312 0.0328125
6 0.06753246753246753 0.978125 0.05454545454545454 0.0296875
6 0.06753246753246753 0.884375 0.05194805194805195 0.0265625
6 0.06753246753246753 0.8140625 0.04935064935064935 0.0234375
6 0.07012987012987013 0.7453125 0.04155844155844156 0.028125
6 0.06753246753246753 0.6734375 0.04935064935064935 0.028125
6 0.06753246753246753 0.6046875 0.04415584415584416 0.021875
6 0.06753246753246753 0.534375 0.046753246753246755 0.025
6 0.06753246753246753 0.4640625 0.046753246753246755 0.0265625
6 0.06753246753246753 0.39375 0.04415584415584416 0.0265625
18 0.4987012987012987 0.0171875 0.9974025974025974 0.034375
14 0.6 0.7453125 0.05714285714285714 0.0109375
14 0.6 0.815625 0.05974025974025974 0.0109375