4 0.34025974025974026 0.5171875 0.6805194805194805 0.9640625
14 0.8597402597402597 0.765625 0.16623376623376623 0.021875
14 0.787012987012987 0.50625 0.18701298701298702 0.0203125
14 0.8103896103896104 0.440625 0.24155844155844156 0.0171875
14 0.8389610389610389 0.3703125 0.13246753246753246 0.028125
6 0.9402597402597402 0.0765625 0.04415584415584416 0.0265625
6 0.06753246753246753 0.0765625 0.04155844155844156 0.025
6 0.34025974025974026 0.1984375 0.2935064935064935 0.1765625
9 0.34025974025974026 0.49375 0.6805194805194805 0.3546875
14 0.24155844155844156 0.3515625 0.13246753246753246 0.0203125
14 0.22337662337662337 0.421875 0.09610389610389611 0.01875
14 0.23116883116883116 0.4921875 0.11168831168831168 0.01875
14 0.22337662337662337 0.5625 0.09090909090909091 0.01875
14 0.24675324675324675 0.634375 0.14545454545454545 0.0234375
6 0.06753246753246753 0.63125 0.04935064935064935 0.0296875
6 0.06753246753246753 0.5609375 0.03636363636363636 0.0296875
6 0.06753246753246753 0.4921875 0.04415584415584416 0.025
6 0.06753246753246753 0.421875 0.05194805194805195 0.03125
6 0.06753246753246753 0.3515625 0.04935064935064935 0.0296875
18 0.4987012987012987 0.0171875 0.9974025974025974 0.034375