4 0.36363636363636365 0.5171875 0.7272727272727273 0.9640625
6 0.9402597402597402 0.9578125 0.06233766233766234 0.0390625
14 0.8753246753246753 0.3765625 0.17402597402597403 0.0109375
6 0.8753246753246753 0.3265625 0.046753246753246755 0.028125
6 0.8233766233766234 0.0765625 0.04155844155844156 0.025
6 0.9402597402597402 0.0765625 0.05974025974025974 0.0375
6 0.14545454545454545 0.1234375 0.19480519480519481 0.1171875
14 0.4701298701298701 0.1125 0.35324675324675325 0.0328125
14 0.45194805194805193 0.14375 0.3246753246753247 0.01875
14 0.10909090909090909 0.259375 0.14025974025974025 0.015625
14 0.18441558441558442 0.3109375 0.11428571428571428 0.0203125
9 0.36363636363636365 0.60625 0.7272727272727273 0.421875
14 0.11428571428571428 0.3796875 0.15064935064935064 0.0171875
14 0.3220779220779221 0.43125 0.3922077922077922 0.025
14 0.17662337662337663 0.5 0.09350649350649351 0.0203125
14 0.2597402597402597 0.5734375 0.2649350649350649 0.025
14 0.24155844155844156 0.64375 0.22597402597402597 0.025
14 0.34025974025974026 0.7109375 0.42077922077922075 0.01875
14 0.2675324675324675 0.78125 0.2779220779220779 0.0203125
14 0.24155844155844156 0.903125 0.22857142857142856 0.025
14 0.2025974025974026 0.9734375 0.15324675324675324 0.025
6 0.05974025974025974 0.971875 0.046753246753246755 0.0265625
6 0.05974025974025974 0.9015625 0.03896103896103896 0.0265625
14 0.07012987012987013 0.8515625 0.06753246753246753 0.015625
6 0.05974025974025974 0.78125 0.04415584415584416 0.0265625
6 0.05974025974025974 0.7109375 0.046753246753246755 0.028125
6 0.06233766233766234 0.640625 0.07532467532467532 0.028125
6 0.05974025974025974 0.5703125 0.05194805194805195 0.028125
6 0.05974025974025974 0.5015625 0.046753246753246755 0.028125
6 0.05974025974025974 0.43125 0.03116883116883117 0.028125
6 0.06233766233766234 0.3109375 0.04415584415584416 0.028125
18 0.4987012987012987 0.0171875 0.9974025974025974 0.034375