0 0.4987012987012987 0.5171875 0.9974025974025974 0.9640625
7 0.5012987012987012 0.1984375 0.535064935064935 0.096875
14 0.5012987012987012 0.2890625 0.4649350649350649 0.0234375
14 0.4987012987012987 0.909375 0.10649350649350649 0.0234375
16 0.4987012987012987 0.7140625 0.8649350649350649 0.0828125
15 0.4987012987012987 0.815625 0.8649350649350649 0.0828125
14 0.4987012987012987 0.9703125 0.8077922077922078 0.0171875
18 0.4987012987012987 0.0171875 0.9974025974025974 0.034375
14 0.5012987012987012 0.8203125 0.23116883116883116 0.0234375
14 0.5012987012987012 0.715625 0.3948051948051948 0.01875
6 0.15064935064935064 0.7140625 0.023376623376623377 0.03125