4 0.4 0.5171875 0.8 0.9640625
9 0.4 0.4125 0.7974025974025974 0.3671875
6 0.08311688311688312 0.55625 0.06233766233766234 0.0296875
6 0.08311688311688312 0.4828125 0.06233766233766234 0.034375
6 0.08571428571428572 0.4109375 0.06493506493506493 0.021875
6 0.08571428571428572 0.3375 0.06233766233766234 0.0296875
6 0.08571428571428572 0.2640625 0.06233766233766234 0.0328125
14 0.10909090909090909 0.696875 0.12467532467532468 0.0203125
14 0.17662337662337663 0.6296875 0.2545454545454545 0.021875
14 0.2649350649350649 0.55625 0.18701298701298702 0.01875
14 0.23376623376623376 0.484375 0.12727272727272726 0.0171875
14 0.2571428571428571 0.4109375 0.17402597402597403 0.01875
14 0.24935064935064935 0.3390625 0.15584415584415584 0.015625
14 0.22597402597402597 0.2671875 0.11168831168831168 0.021875
14 0.11688311688311688 0.18125 0.11948051948051948 0.0171875
18 0.4987012987012987 0.0171875 0.9974025974025974 0.034375