14 0.07012987012987013 0.0734375 0.06233766233766234 0.0203125
7 0.4987012987012987 0.3734375 0.23116883116883116 0.1765625
14 0.4987012987012987 0.5015625 0.38961038961038963 0.028125
16 0.5012987012987012 0.596875 0.8441558441558441 0.0703125
16 0.4987012987012987 0.690625 0.8441558441558441 0.0703125
14 0.8389610389610389 0.965625 0.24155844155844156 0.021875
14 0.16883116883116883 0.965625 0.2597402597402597 0.0203125
18 0.4987012987012987 0.0171875 0.9974025974025974 0.034375
14 0.45194805194805193 0.5984375 0.43896103896103894 0.015625
14 0.42857142857142855 0.6921875 0.4077922077922078 0.0140625
7 0.15584415584415584 0.596875 0.06233766233766234 0.0375
7 0.15064935064935064 0.690625 0.06233766233766234 0.0296875