4 0.34025974025974026 0.5171875 0.6779220779220779 0.9640625
7 0.13246753246753246 0.1125 0.16883116883116883 0.1015625
14 0.21298701298701297 0.1875 0.32727272727272727 0.021875
9 0.34025974025974026 0.490625 0.6805194805194805 0.5296875
14 0.16883116883116883 0.25625 0.11948051948051948 0.0203125
14 0.21558441558441557 0.315625 0.2077922077922078 0.025
14 0.24675324675324675 0.375 0.2727272727272727 0.0265625
14 0.15324675324675324 0.43125 0.08571428571428572 0.021875
14 0.2 0.4921875 0.17402597402597403 0.025
14 0.2077922077922078 0.55 0.18961038961038962 0.025
14 0.1974025974025974 0.60625 0.17922077922077922 0.021875
14 0.17922077922077922 0.6671875 0.13766233766233765 0.0265625
14 0.24415584415584415 0.725 0.2649350649350649 0.0265625
6 0.04935064935064935 0.7234375 0.033766233766233764 0.0265625
6 0.04935064935064935 0.6640625 0.04415584415584416 0.0265625
6 0.04935064935064935 0.60625 0.046753246753246755 0.025
6 0.04935064935064935 0.5484375 0.04415584415584416 0.0265625
6 0.04935064935064935 0.4890625 0.04415584415584416 0.0265625
6 0.04935064935064935 0.43125 0.03636363636363636 0.028125
6 0.04935064935064935 0.371875 0.046753246753246755 0.025
6 0.04935064935064935 0.3140625 0.04415584415584416 0.0234375
6 0.04935064935064935 0.2546875 0.046753246753246755 0.0265625
14 0.34025974025974026 0.971875 0.5532467532467532 0.025
18 0.4987012987012987 0.0171875 0.9974025974025974 0.034375