4 0.42337662337662335 0.5171875 0.8441558441558441 0.9640625
6 0.11168831168831168 0.1109375 0.14805194805194805 0.0890625
14 0.16363636363636364 0.196875 0.22857142857142856 0.0234375
14 0.2623376623376623 0.2328125 0.42857142857142855 0.025
9 0.42337662337662335 0.421875 0.8441558441558441 0.303125
14 0.23376623376623376 0.31875 0.11428571428571428 0.025
14 0.23376623376623376 0.3859375 0.11168831168831168 0.01875
14 0.21818181818181817 0.459375 0.08831168831168831 0.0234375
14 0.22857142857142856 0.5265625 0.10649350649350649 0.01875
9 0.42337662337662335 0.6921875 0.8441558441558441 0.2359375
14 0.2701298701298701 0.621875 0.18701298701298702 0.01875
14 0.2961038961038961 0.6953125 0.23636363636363636 0.0234375
14 0.2519480519480519 0.7625 0.15064935064935064 0.01875
9 0.42337662337662335 0.90625 0.8441558441558441 0.1875
14 0.2597402597402597 0.8578125 0.17142857142857143 0.01875
14 0.2623376623376623 0.928125 0.17142857142857143 0.0203125
14 0.2935064935064935 0.99375 0.23116883116883116 0.0109375
6 0.06753246753246753 0.99375 0.03636363636363636 0.0125
6 0.07012987012987013 0.928125 0.04155844155844156 0.0203125
6 0.06753246753246753 0.8578125 0.025974025974025976 0.0203125
6 0.06753246753246753 0.7609375 0.04155844155844156 0.025
6 0.06753246753246753 0.6921875 0.04415584415584416 0.0234375
6 0.06753246753246753 0.621875 0.033766233766233764 0.021875
6 0.06753246753246753 0.5265625 0.033766233766233764 0.0296875
6 0.06753246753246753 0.45625 0.03636363636363636 0.0171875
6 0.06753246753246753 0.3859375 0.02857142857142857 0.021875
6 0.06753246753246753 0.315625 0.033766233766233764 0.0203125
18 0.4987012987012987 0.0171875 0.9974025974025974 0.034375