14 0.5012987012987012 0.109375 0.34025974025974026 0.0296875
14 0.6337662337662338 0.2328125 0.38961038961038963 0.0453125
14 0.6181818181818182 0.3984375 0.36103896103896105 0.0453125
14 0.6363636363636364 0.5640625 0.4 0.0453125
7 0.2935064935064935 0.2296875 0.23636363636363636 0.1046875
7 0.2883116883116883 0.396875 0.24675324675324675 0.1078125
7 0.2883116883116883 0.559375 0.17662337662337663 0.1203125
12 0.4935064935064935 0.9515625 0.17922077922077922 0.0140625
14 0.8389610389610389 0.953125 0.08831168831168831 0.015625
15 0.4987012987012987 0.7453125 0.7818181818181819 0.053125
15 0.5012987012987012 0.815625 0.7818181818181819 0.053125
18 0.4987012987012987 0.0171875 0.9974025974025974 0.034375
14 0.5012987012987012 0.7453125 0.2077922077922078 0.015625
14 0.5012987012987012 0.8171875 0.15324675324675324 0.015625