4 0.38961038961038963 0.5578125 0.7766233766233767 0.88125
17 0.4987012987012987 0.0765625 0.9974025974025974 0.08125
7 0.38961038961038963 0.2484375 0.7766233766233767 0.2609375
7 0.38961038961038963 0.2484375 0.17142857142857143 0.103125
14 0.2831168831168831 0.0765625 0.2753246753246753 0.025
6 0.06753246753246753 0.0765625 0.04155844155844156 0.0234375
9 0.38961038961038963 0.5734375 0.7766233766233767 0.3609375
14 0.08571428571428572 0.428125 0.09090909090909091 0.0171875
14 0.16103896103896104 0.5 0.24415584415584415 0.021875
14 0.13246753246753246 0.5671875 0.18961038961038962 0.01875
14 0.12987012987012986 0.6375 0.18181818181818182 0.0171875
14 0.10649350649350649 0.7078125 0.13766233766233765 0.0171875
14 0.3038961038961039 0.8046875 0.2597402597402597 0.0203125
14 0.2935064935064935 0.8734375 0.23636363636363636 0.015625
6 0.06753246753246753 0.803125 0.05974025974025974 0.0359375
6 0.06753246753246753 0.8734375 0.05974025974025974 0.0359375
18 0.4987012987012987 0.0171875 0.9974025974025974 0.034375