8 0.4987012987012987 0.8328125 0.13766233766233765 0.0828125
15 0.4987012987012987 0.6234375 0.922077922077922 0.0875
15 0.4987012987012987 0.5171875 0.922077922077922 0.0890625
15 0.4987012987012987 0.4125 0.922077922077922 0.0875
14 0.4987012987012987 0.1421875 0.42337662337662335 0.03125
12 0.4987012987012987 0.075 0.2545454545454545 0.0125
6 0.06753246753246753 0.075 0.03636363636363636 0.021875
18 0.4987012987012987 0.0171875 0.9974025974025974 0.034375
14 0.19220779220779222 0.415625 0.22597402597402597 0.025
14 0.34805194805194806 0.5203125 0.535064935064935 0.0265625
14 0.19480519480519481 0.6265625 0.22857142857142856 0.025
6 0.5012987012987012 0.8328125 0.04415584415584416 0.0234375