5 0.5688311688311688 0.3125 0.7974025974025974 0.0328125
5 0.5688311688311688 0.21875 0.7974025974025974 0.0328125
14 0.2753246753246753 0.30625 0.2051948051948052 0.0203125
14 0.22597402597402597 0.2140625 0.1012987012987013 0.0203125
16 0.2727272727272727 0.94375 0.43636363636363634 0.0640625
16 0.7584415584415585 0.94375 0.43896103896103894 0.0640625
14 0.5168831168831168 0.8828125 0.2025974025974026 0.0203125
8 0.5168831168831168 0.428125 0.13766233766233765 0.0828125
6 0.10909090909090909 0.3046875 0.04415584415584416 0.0296875
6 0.10909090909090909 0.2140625 0.04935064935064935 0.0234375
14 0.9194805194805195 0.0765625 0.08311688311688312 0.01875
14 0.5142857142857142 0.140625 0.42597402597402595 0.0328125
6 0.06753246753246753 0.075 0.03636363636363636 0.021875
18 0.4987012987012987 0.0171875 0.9974025974025974 0.034375
14 0.2675324675324675 0.94375 0.18961038961038962 0.0203125
14 0.7272727272727273 0.946875 0.13766233766233765 0.025
6 0.6 0.94375 0.05194805194805195 0.0328125
6 0.11428571428571428 0.94375 0.033766233766233764 0.040625
6 0.5168831168831168 0.428125 0.046753246753246755 0.021875