4 0.36103896103896105 0.5578125 0.7220779220779221 0.8828125
9 0.36103896103896105 0.559375 0.7194805194805195 0.88125
17 0.4987012987012987 0.0765625 0.9974025974025974 0.08125
6 0.07532467532467532 0.153125 0.04935064935064935 0.03125
6 0.07272727272727272 0.228125 0.06753246753246753 0.03125
9 0.43376623376623374 0.340625 0.574025974025974 0.15
6 0.16883116883116883 0.303125 0.04155844155844156 0.0234375
6 0.16883116883116883 0.378125 0.04155844155844156 0.025
6 0.07272727272727272 0.453125 0.05974025974025974 0.0359375
6 0.07272727272727272 0.528125 0.05714285714285714 0.0296875
6 0.07272727272727272 0.603125 0.05714285714285714 0.03125
6 0.07272727272727272 0.678125 0.046753246753246755 0.040625
6 0.07272727272727272 0.7515625 0.046753246753246755 0.0328125
6 0.07272727272727272 0.8265625 0.05454545454545454 0.03125
6 0.07272727272727272 0.9015625 0.05454545454545454 0.03125
6 0.07272727272727272 0.9765625 0.04415584415584416 0.025
14 0.2519480519480519 0.9765625 0.2077922077922078 0.021875
14 0.22337662337662337 0.90625 0.15064935064935064 0.028125
14 0.2 0.8265625 0.1012987012987013 0.021875
14 0.2025974025974026 0.753125 0.10649350649350649 0.0203125
14 0.22857142857142856 0.6953125 0.16623376623376623 0.0171875
14 0.3116883116883117 0.6671875 0.32987012987012987 0.0296875
14 0.23116883116883116 0.603125 0.16623376623376623 0.0203125
14 0.2051948051948052 0.528125 0.11428571428571428 0.021875
14 0.2753246753246753 0.45625 0.2519480519480519 0.0296875
14 0.34805194805194806 0.378125 0.2077922077922078 0.021875
14 0.35584415584415585 0.303125 0.22077922077922077 0.021875
14 0.21558441558441557 0.228125 0.13766233766233765 0.0203125
14 0.2025974025974026 0.1578125 0.10909090909090909 0.028125
7 0.15584415584415584 0.075 0.04415584415584416 0.0328125
6 0.06753246753246753 0.075 0.04155844155844156 0.025
18 0.4987012987012987 0.0171875 0.9974025974025974 0.034375