0 0.4987012987012987 0.5171875 0.9974025974025974 0.9640625
7 0.3168831168831169 0.5 0.12727272727272726 0.0765625
14 0.5688311688311688 0.5 0.34545454545454546 0.0515625
15 0.4987012987012987 0.621875 0.9636363636363636 0.071875
15 0.4987012987012987 0.703125 0.961038961038961 0.0703125
14 0.4987012987012987 0.7875 0.3090909090909091 0.0203125
14 0.5012987012987012 0.9546875 0.2545454545454545 0.01875
12 0.4987012987012987 0.984375 0.23896103896103896 0.01875
18 0.4987012987012987 0.0171875 0.9974025974025974 0.034375
14 0.5012987012987012 0.6234375 0.12727272727272726 0.015625
14 0.4987012987012987 0.7046875 0.6051948051948052 0.015625