7 0.4987012987012987 0.3484375 0.32987012987012987 0.2
14 0.5012987012987012 0.66875 0.5324675324675324 0.040625
14 0.5012987012987012 0.70625 0.6909090909090909 0.01875
12 0.5012987012987012 0.759375 0.11948051948051948 0.0171875
14 0.4987012987012987 0.9578125 0.45454545454545453 0.01875
16 0.4987012987012987 0.8265625 0.8051948051948052 0.053125
16 0.4987012987012987 0.8921875 0.8051948051948052 0.053125
6 0.9324675324675324 0.0765625 0.03636363636363636 0.021875
18 0.4987012987012987 0.0171875 0.9974025974025974 0.034375
14 0.5012987012987012 0.828125 0.37402597402597404 0.0140625
14 0.5012987012987012 0.8921875 0.3064935064935065 0.0140625
6 0.14545454545454545 0.8265625 0.025974025974025976 0.0359375
6 0.14805194805194805 0.8921875 0.05974025974025974 0.0296875