4 0.36363636363636365 0.5546875 0.7272727272727273 0.8890625
17 0.4987012987012987 0.0734375 0.9974025974025974 0.0734375
14 0.2597402597402597 0.0765625 0.22337662337662337 0.025
14 0.43896103896103894 0.1765625 0.3116883116883117 0.021875
9 0.36363636363636365 0.4125 0.7272727272727273 0.35625
14 0.18181818181818182 0.28125 0.10909090909090909 0.028125
14 0.2077922077922078 0.3703125 0.16103896103896104 0.028125
14 0.22337662337662337 0.45625 0.19220779220779222 0.0234375
14 0.17662337662337663 0.546875 0.0987012987012987 0.021875
6 0.06233766233766234 0.546875 0.05714285714285714 0.034375
6 0.06233766233766234 0.4578125 0.03896103896103896 0.0359375
6 0.06233766233766234 0.3671875 0.05974025974025974 0.0359375
6 0.06233766233766234 0.2796875 0.05714285714285714 0.0296875
7 0.19480519480519481 0.175 0.12207792207792208 0.0734375
6 0.06753246753246753 0.075 0.04155844155844156 0.025
18 0.4987012987012987 0.0171875 0.9974025974025974 0.034375