17 0.4987012987012987 0.0765625 0.9974025974025974 0.0828125
14 0.4987012987012987 0.784375 0.7220779220779221 0.021875
14 0.8467532467532467 0.7078125 0.18961038961038962 0.0296875
14 0.11428571428571428 0.7078125 0.14025974025974025 0.0296875
14 0.8467532467532467 0.6375 0.18961038961038962 0.0296875
14 0.11688311688311688 0.6375 0.15064935064935064 0.0296875
14 0.8623376623376623 0.565625 0.15844155844155844 0.0234375
14 0.19480519480519481 0.56875 0.3038961038961039 0.0296875
14 0.7480519480519481 0.4984375 0.38961038961038963 0.0296875
14 0.17662337662337663 0.4953125 0.2701298701298701 0.0234375
14 0.15324675324675324 0.43125 0.22337662337662337 0.025
14 0.5012987012987012 0.3171875 0.7818181818181819 0.0546875
14 0.15324675324675324 0.2328125 0.22337662337662337 0.0296875
14 0.17922077922077922 0.165625 0.2805194805194805 0.025
14 0.2857142857142857 0.0796875 0.22077922077922077 0.028125
6 0.06753246753246753 0.0765625 0.04155844155844156 0.0234375
18 0.4987012987012987 0.0171875 0.9974025974025974 0.034375
13 0.8935064935064935 0.2296875 0.08051948051948052 0.03125