10 0.4987012987012987 0.5171875 0.7376623376623377 0.6921875
17 0.5 0.06953125 1 0.0703125
6 0.9324675324675324 0.0703125 0.015584415584415584 0.03125
7 0.7948051948051948 0.0703125 0.06233766233766234 0.0375
6 0.6571428571428571 0.0703125 0.05454545454545454 0.034375
14 0.22597402597402597 0.0734375 0.2077922077922078 0.0265625
7 0.06753246753246753 0.0703125 0.06233766233766234 0.0359375
14 0.4961038961038961 0.4515625 0.43636363636363634 0.0984375
14 0.4987012987012987 0.8203125 0.15844155844155844 0.0296875
15 0.4987012987012987 0.7109375 0.4857142857142857 0.0703125
15 0.4987012987012987 0.6109375 0.4857142857142857 0.0703125
14 0.4701298701298701 0.3125 0.3922077922077922 0.0921875
18 0.4987012987012987 0.0171875 0.9974025974025974 0.034375
14 0.5012987012987012 0.6109375 0.32727272727272727 0.0234375
14 0.5012987012987012 0.7140625 0.3246753246753247 0.0296875