14 0.5 0.0734375 0.18333333333333332 0.01875
14 0.49722222222222223 0.4359375 0.7111111111111111 0.0328125
14 0.5 0.4984375 0.8777777777777778 0.0421875
1 0.5 0.95625 1 0.0875
16 0.125 0.953125 0.125 0.05625
14 0.125 0.975 0.125 0.0125
16 0.375 0.9546875 0.12222222222222222 0.053125
14 0.375 0.975 0.12222222222222222 0.0125
16 0.625 0.9546875 0.11666666666666667 0.0546875
14 0.625 0.975 0.11666666666666667 0.0125
16 0.875 0.95625 0.10833333333333334 0.0578125
14 0.8722222222222222 0.9765625 0.10833333333333334 0.015625
6 0.125 0.94375 0.06388888888888888 0.034375
6 0.375 0.94375 0.06666666666666667 0.0296875
6 0.625 0.94375 0.05277777777777778 0.0328125
6 0.875 0.94375 0.05555555555555555 0.0328125
15 0.5 0.571875 0.5972222222222222 0.0609375
18 0.4986111111111111 0.0125 0.9972222222222222 0.025
14 0.5 0.571875 0.475 0.0171875