5 0.5 0.3890625 0.9416666666666667 0.065625
5 0.5 0.309375 0.9416666666666667 0.065625
14 0.15555555555555556 0.390625 0.18611111111111112 0.01875
14 0.19722222222222222 0.309375 0.2722222222222222 0.0203125
11 0.5583333333333333 0.065625 0.8833333333333333 0.0640625
14 0.7777777777777778 0.0640625 0.25555555555555554 0.0171875
14 0.33611111111111114 0.065625 0.1111111111111111 0.0203125
14 0.5 0.2453125 0.03333333333333333 0.0125
14 0.5 0.5453125 0.44166666666666665 0.025
15 0.5 0.46875 0.9388888888888889 0.065625
6 0.9166666666666666 0.390625 0.041666666666666664 0.0203125
6 0.058333333333333334 0.065625 0.03333333333333333 0.0203125
15 0.5 0.1671875 0.9222222222222223 0.06875
18 0.4986111111111111 0.015625 0.9972222222222222 0.03125
14 0.5 0.1703125 0.36666666666666664 0.0203125
14 0.5 0.471875 0.12777777777777777 0.0234375