7 0.5 0.6328125 0.9194444444444444 0.265625
7 0.5 0.85 0.9222222222222223 0.146875
14 0.5 0.11875 0.35833333333333334 0.03125
14 0.30833333333333335 0.440625 0.5333333333333333 0.03125
14 0.25 0.53125 0.35555555555555557 0.0125
14 0.2777777777777778 0.68125 0.39444444444444443 0.05625
14 0.275 0.734375 0.39166666666666666 0.01875
14 0.25555555555555554 0.80625 0.3527777777777778 0.0125
1 0.5 0.9625 1 0.075
16 0.16666666666666666 0.9609375 0.08611111111111111 0.05
14 0.16666666666666666 0.98125 0.08611111111111111 0.0109375
16 0.5 0.9609375 0.11666666666666667 0.05
14 0.5 0.98125 0.11666666666666667 0.0109375
16 0.8333333333333334 0.9609375 0.08888888888888889 0.05
14 0.8333333333333334 0.98125 0.08888888888888889 0.0109375
6 0.16666666666666666 0.95 0.05277777777777778 0.0296875
6 0.5 0.95 0.05277777777777778 0.0265625
6 0.8333333333333334 0.95 0.03333333333333333 0.028125
16 0.26666666666666666 0.2171875 0.4388888888888889 0.0875
16 0.7305555555555555 0.2171875 0.4388888888888889 0.0890625
16 0.7305555555555555 0.3203125 0.4388888888888889 0.0875
16 0.26666666666666666 0.3203125 0.4388888888888889 0.0875
6 0.6083333333333333 0.2171875 0.05277777777777778 0.0296875
6 0.14444444444444443 0.2171875 0.05555555555555555 0.0296875
6 0.14444444444444443 0.3203125 0.05555555555555555 0.0296875
6 0.6083333333333333 0.3203125 0.05277777777777778 0.0265625
18 0.4986111111111111 0.015625 0.9972222222222222 0.03125
14 0.2833333333333333 0.21875 0.13055555555555556 0.0234375
14 0.33055555555555555 0.3234375 0.22777777777777777 0.0234375
14 0.7222222222222222 0.321875 0.08333333333333333 0.0171875
14 0.7444444444444445 0.2171875 0.12777777777777777 0.01875