5 0.5 0.475 0.9222222222222223 0.0375
5 0.5 0.5328125 0.9222222222222223 0.0296875
14 0.14444444444444443 0.528125 0.20277777777777778 0.0203125
14 0.18611111111111112 0.471875 0.28888888888888886 0.01875
17 0.5 0.071875 1 0.075
14 0.2638888888888889 0.0734375 0.44722222222222224 0.03125
14 0.5 0.30625 0.04722222222222222 0.01875
11 0.5 0.3890625 1 0.0578125
14 0.24166666666666667 0.384375 0.125 0.0171875
14 0.7388888888888889 0.384375 0.16666666666666666 0.0171875
14 0.18611111111111112 0.584375 0.2916666666666667 0.01875
14 0.8555555555555555 0.6984375 0.2 0.04375
14 0.3472222222222222 0.64375 0.6166666666666667 0.0234375
14 0.2972222222222222 0.6765625 0.4444444444444444 0.01875
14 0.3111111111111111 0.70625 0.4722222222222222 0.01875
14 0.23333333333333334 0.7375 0.3194444444444444 0.01875
14 0.2972222222222222 0.76875 0.4444444444444444 0.01875
14 0.8166666666666667 0.7625 0.2638888888888889 0.0171875
7 0.7166666666666667 0.696875 0.05277777777777778 0.046875
15 0.5 0.94375 0.9472222222222222 0.078125
6 0.05277777777777778 0.7625 0.025 0.0140625
6 0.05 0.73125 0.025 0.0140625
6 0.05277777777777778 0.7 0.025 0.0140625
6 0.05277777777777778 0.6703125 0.025 0.0140625
6 0.9388888888888889 0.0703125 0.03611111111111111 0.0203125
16 0.5 0.1625 0.5944444444444444 0.05625
16 0.49722222222222223 0.234375 0.6 0.0546875
18 0.4986111111111111 0.015625 0.9972222222222222 0.03125
14 0.5361111111111111 0.1640625 0.4166666666666667 0.0265625
14 0.5611111111111111 0.2359375 0.4777777777777778 0.028125
7 0.25 0.2328125 0.06388888888888888 0.0359375
7 0.25277777777777777 0.1625 0.041666666666666664 0.025
14 0.5 0.9453125 0.20277777777777778 0.0375