17 0.5 0.071875 1 0.0765625
5 0.5 0.29375 0.8833333333333333 0.0765625
14 0.325 0.29375 0.33611111111111114 0.025
14 0.34444444444444444 0.0703125 0.3972222222222222 0.021875
14 0.49722222222222223 0.184375 0.5222222222222223 0.0734375
14 0.5 0.5 0.3527777777777778 0.025
2 0.5 0.6953125 0.9472222222222222 0.2828125
14 0.2916666666666667 0.590625 0.44166666666666665 0.01875
14 0.2 0.6203125 0.2638888888888889 0.015625
14 0.5111111111111111 0.69375 0.425 0.05625
14 0.2722222222222222 0.89375 0.40555555555555556 0.0234375
1 0.5 0.9625 1 0.075
16 0.125 0.9640625 0.075 0.0515625
14 0.125 0.984375 0.07777777777777778 0.0125
16 0.375 0.965625 0.17222222222222222 0.05
14 0.375 0.984375 0.17222222222222222 0.0125
16 0.625 0.9671875 0.10555555555555556 0.0515625
14 0.625 0.9859375 0.10833333333333334 0.015625
16 0.875 0.9640625 0.14444444444444443 0.0515625
14 0.875 0.984375 0.14444444444444443 0.0125
6 0.125 0.9546875 0.05555555555555555 0.03125
6 0.375 0.9546875 0.05555555555555555 0.028125
6 0.625 0.9546875 0.05277777777777778 0.0265625
6 0.8722222222222222 0.9546875 0.05555555555555555 0.03125
15 0.5 0.78125 0.8638888888888889 0.065625
7 0.1638888888888889 0.6890625 0.19444444444444445 0.0734375
6 0.5 0.4515625 0.075 0.0421875
6 0.10555555555555556 0.29375 0.044444444444444446 0.025
6 0.8722222222222222 0.15 0.05 0.028125
6 0.06666666666666667 0.06875 0.05 0.0203125
18 0.4986111111111111 0.015625 0.9972222222222222 0.03125
14 0.49722222222222223 0.7828125 0.35555555555555557 0.0203125