14 0.21388888888888888 0.071875 0.13333333333333333 0.021875
16 0.5 0.16875 0.9222222222222223 0.0765625
14 0.34444444444444444 0.1734375 0.32222222222222224 0.0296875
16 0.5 0.3140625 0.9222222222222223 0.0765625
14 0.1388888888888889 0.2984375 0.12222222222222222 0.015625
14 0.24722222222222223 0.3296875 0.33611111111111114 0.0234375
14 0.10277777777777777 0.4109375 0.12222222222222222 0.0140625
14 0.10555555555555556 0.4515625 0.13055555555555556 0.021875
14 0.07777777777777778 0.6015625 0.075 0.0140625
15 0.5 0.671875 0.9222222222222223 0.09375
14 0.15555555555555556 0.675 0.1527777777777778 0.0265625
15 0.5 0.7796875 0.9222222222222223 0.0921875
14 0.12777777777777777 0.784375 0.10555555555555556 0.025
15 0.2638888888888889 0.94375 0.45555555555555555 0.0609375
15 0.7361111111111112 0.94375 0.45555555555555555 0.059375
8 0.9277777777777778 0.5046875 0.06111111111111111 0.0328125
6 0.8972222222222223 0.315625 0.025 0.0234375
6 0.9111111111111111 0.1703125 0.022222222222222223 0.0203125
6 0.1111111111111111 0.1703125 0.08888888888888889 0.0484375
6 0.06944444444444445 0.071875 0.04722222222222222 0.0203125
18 0.4986111111111111 0.015625 0.9972222222222222 0.03125
6 0.9277777777777778 0.5046875 0.016666666666666666 0.015625
14 0.2638888888888889 0.9453125 0.11666666666666667 0.0203125
14 0.7361111111111112 0.946875 0.11944444444444445 0.0265625