5 0.5 0.3625 0.8722222222222222 0.0796875
5 0.5 0.2609375 0.8722222222222222 0.078125
14 0.18888888888888888 0.365625 0.18333333333333332 0.01875
14 0.14722222222222223 0.2640625 0.10277777777777777 0.0171875
14 0.5 0.125 0.2638888888888889 0.046875
14 0.85 0.3640625 0.12222222222222222 0.0171875
14 0.2361111111111111 0.4265625 0.3416666666666667 0.0234375
14 0.5 0.9640625 0.5944444444444444 0.0234375
16 0.5 0.6296875 0.8138888888888889 0.0609375
15 0.5 0.4921875 0.8138888888888889 0.0609375
14 0.5 0.5609375 0.05277777777777778 0.0171875
6 0.06388888888888888 0.065625 0.04722222222222222 0.0265625
18 0.4986111111111111 0.015625 0.9972222222222222 0.03125
14 0.5027777777777778 0.496875 0.13055555555555556 0.021875
14 0.5305555555555556 0.6296875 0.5222222222222223 0.01875
7 0.21944444444444444 0.6296875 0.03611111111111111 0.0203125