9 0.5 0.5890625 1 0.8203125
14 0.5055555555555555 0.86875 0.35 0.015625
14 0.425 0.68125 0.18611111111111112 0.015625
14 0.5055555555555555 0.540625 0.34444444444444444 0.01875
14 0.5055555555555555 0.309375 0.35 0.015625
14 0.6083333333333333 0.43125 0.5583333333333333 0.0671875
14 0.5472222222222223 0.596875 0.4305555555555556 0.0234375
14 0.5194444444444445 0.7859375 0.36944444444444446 0.0296875
14 0.5527777777777778 0.2234375 0.4361111111111111 0.021875
14 0.34444444444444444 0.071875 0.3388888888888889 0.0265625
14 0.6111111111111112 0.96875 0.5611111111111111 0.021875
7 0.16111111111111112 0.9734375 0.24166666666666667 0.05
6 0.9388888888888889 0.9 0.05 0.025
14 0.5444444444444444 0.8296875 0.42777777777777776 0.0203125
7 0.16111111111111112 0.83125 0.24166666666666667 0.1359375
6 0.9416666666666667 0.7125 0.05 0.025
14 0.5583333333333333 0.64375 0.45555555555555555 0.0203125
7 0.16111111111111112 0.64375 0.24444444444444444 0.1375
6 0.9416666666666667 0.5265625 0.05 0.025
14 0.5444444444444444 0.5 0.425 0.0203125
7 0.16111111111111112 0.4578125 0.24166666666666667 0.1375
6 0.9416666666666667 0.340625 0.05 0.025
14 0.5333333333333333 0.2703125 0.4083333333333333 0.0203125
7 0.16111111111111112 0.2703125 0.24166666666666667 0.1359375
6 0.06666666666666667 0.071875 0.03888888888888889 0.0171875
6 0.9388888888888889 0.0703125 0.041666666666666664 0.025
15 0.9555555555555556 0.140625 0.08611111111111111 0.04375
15 0.7166666666666667 0.1421875 0.3138888888888889 0.04375
15 0.39444444444444443 0.1421875 0.25277777777777777 0.04375
15 0.13333333333333333 0.1421875 0.18888888888888888 0.04375
18 0.4986111111111111 0.015625 0.9972222222222222 0.03125
14 0.13333333333333333 0.14375 0.09722222222222222 0.01875
14 0.39444444444444443 0.1421875 0.1638888888888889 0.015625
14 0.7166666666666667 0.1421875 0.21944444444444444 0.0140625
14 0.975 0.1421875 0.03888888888888889 0.015625