5 0.5666666666666667 0.259375 0.7638888888888888 0.0359375
5 0.5666666666666667 0.346875 0.7666666666666667 0.0375
14 0.275 0.3375 0.175 0.01875
14 0.23333333333333334 0.25 0.09444444444444444 0.01875
17 0.5 0.071875 1 0.075
14 0.22777777777777777 0.0734375 0.18055555555555555 0.0265625
14 0.46944444444444444 0.178125 0.6944444444444444 0.021875
14 0.475 0.5109375 0.8722222222222222 0.071875
14 0.49444444444444446 0.9546875 0.4444444444444444 0.021875
7 0.06666666666666667 0.84375 0.1111111111111111 0.0640625
7 0.2833333333333333 0.84375 0.11388888888888889 0.065625
7 0.49722222222222223 0.8453125 0.11388888888888889 0.0640625
7 0.7111111111111111 0.8453125 0.11388888888888889 0.0640625
7 0.925 0.8453125 0.11388888888888889 0.0640625
6 0.9222222222222223 0.3375 0.05277777777777778 0.0203125
6 0.06666666666666667 0.3375 0.041666666666666664 0.0296875
6 0.06666666666666667 0.25 0.05 0.021875
6 0.07222222222222222 0.1734375 0.06111111111111111 0.021875
6 0.04722222222222222 0.071875 0.041666666666666664 0.0234375
15 0.5 0.4203125 0.9222222222222223 0.065625
18 0.4986111111111111 0.015625 0.9972222222222222 0.03125
14 0.5 0.421875 0.5527777777777778 0.0171875