5 0.5 0.225 0.9611111111111111 0.065625
5 0.5 0.1453125 0.9583333333333334 0.065625
14 0.25277777777777777 0.225 0.23055555555555557 0.0203125
14 0.21944444444444444 0.1453125 0.1638888888888889 0.01875
17 0.5 0.065625 1 0.0640625
14 0.2777777777777778 0.065625 0.32222222222222224 0.0203125
6 0.058333333333333334 0.065625 0.03333333333333333 0.0203125
6 0.07777777777777778 0.1453125 0.03333333333333333 0.01875
6 0.07777777777777778 0.225 0.044444444444444446 0.0265625
15 0.5 0.95 0.9611111111111111 0.065625
18 0.4986111111111111 0.015625 0.9972222222222222 0.03125
14 0.5 0.9515625 0.13333333333333333 0.01875