5 0.7222222222222222 0.8328125 0.41388888888888886 0.03125
5 0.275 0.8328125 0.41388888888888886 0.03125
5 0.5 0.74375 0.8611111111111112 0.0328125
5 0.7222222222222222 0.6578125 0.41388888888888886 0.03125
5 0.275 0.6578125 0.41388888888888886 0.03125
5 0.85 0.5703125 0.16111111111111112 0.0296875
5 0.5388888888888889 0.5703125 0.3972222222222222 0.03125
5 0.18888888888888888 0.5703125 0.2388888888888889 0.03125
5 0.5 0.4828125 0.8611111111111112 0.03125
5 0.5 0.3953125 0.8611111111111112 0.03125
5 0.7222222222222222 0.3078125 0.41388888888888886 0.03125
5 0.275 0.3046875 0.41388888888888886 0.0375
14 0.8166666666666667 0.5640625 0.09722222222222222 0.0171875
14 0.21944444444444444 0.828125 0.2972222222222222 0.021875
14 0.20555555555555555 0.7375 0.26944444444444443 0.01875
14 0.6361111111111111 0.65 0.2388888888888889 0.01875
14 0.17222222222222222 0.653125 0.2 0.021875
14 0.375 0.565625 0.06944444444444445 0.0234375
14 0.15 0.565625 0.15833333333333333 0.021875
14 0.26944444444444443 0.475 0.39444444444444443 0.01875
14 0.26666666666666666 0.3890625 0.3888888888888889 0.0171875
14 0.6138888888888889 0.3015625 0.18611111111111112 0.0171875
14 0.16666666666666666 0.3015625 0.19444444444444445 0.0171875
7 0.5 0.090625 0.225 0.040625
14 0.475 0.2 0.8111111111111111 0.103125
14 0.4888888888888889 0.96875 0.8416666666666667 0.05625
18 0.4986111111111111 0.015625 0.9972222222222222 0.03125