14 0.5583333333333333 0.11875 0.425 0.03125
14 0.5 0.209375 0.4861111111111111 0.0546875
14 0.725 0.9359375 0.2777777777777778 0.0203125
14 0.28888888888888886 0.9359375 0.3111111111111111 0.021875
16 0.5 0.7875 0.7277777777777777 0.0640625
16 0.5 0.8734375 0.7305555555555555 0.065625
12 0.5 0.7125 0.3277777777777778 0.0234375
7 0.26666666666666666 0.45625 0.37222222222222223 0.146875
7 0.275 0.1171875 0.09166666666666666 0.05625
18 0.4986111111111111 0.015625 0.9972222222222222 0.03125
14 0.5416666666666666 0.790625 0.41944444444444445 0.025
14 0.525 0.8765625 0.3861111111111111 0.025
7 0.19444444444444445 0.8734375 0.041666666666666664 0.025
6 0.19444444444444445 0.7875 0.025 0.028125