5 0.5 0.5375 0.8472222222222222 0.040625
5 0.5 0.421875 0.8444444444444444 0.0421875
5 0.5 0.30625 0.8472222222222222 0.040625
5 0.5 0.1890625 0.8472222222222222 0.0421875
14 0.21666666666666667 0.409375 0.275 0.0171875
14 0.17777777777777778 0.525 0.19444444444444445 0.0171875
14 0.18333333333333332 0.29375 0.2111111111111111 0.0171875
14 0.18611111111111112 0.1765625 0.2111111111111111 0.0171875
17 0.5 0.071875 1 0.075
14 0.38333333333333336 0.071875 0.41388888888888886 0.0203125
14 0.5 0.721875 0.5444444444444444 0.0171875
15 0.5 0.65 0.9222222222222223 0.0765625
6 0.06944444444444445 0.071875 0.044444444444444446 0.025
18 0.4986111111111111 0.015625 0.9972222222222222 0.03125
14 0.5 0.65 0.18611111111111112 0.0203125