14 0.5 0.096875 0.4444444444444444 0.028125
16 0.16666666666666666 0.23125 0.16944444444444445 0.103125
14 0.16666666666666666 0.275 0.16944444444444445 0.0171875
16 0.49722222222222223 0.246875 0.16666666666666666 0.1203125
14 0.5 0.2875 0.16666666666666666 0.0421875
16 0.8333333333333334 0.2484375 0.1638888888888889 0.1265625
14 0.8333333333333334 0.2890625 0.1638888888888889 0.0453125
16 0.8333333333333334 0.415625 0.14722222222222223 0.1046875
14 0.8333333333333334 0.45625 0.14722222222222223 0.021875
16 0.5027777777777778 0.415625 0.1361111111111111 0.1046875
14 0.5 0.45625 0.1361111111111111 0.021875
16 0.16666666666666666 0.415625 0.18333333333333332 0.09375
14 0.16666666666666666 0.4546875 0.18333333333333332 0.0171875
16 0.16666666666666666 0.6015625 0.25 0.13125
14 0.16666666666666666 0.646875 0.25 0.040625
16 0.5 0.6046875 0.25 0.1265625
14 0.5 0.646875 0.25 0.0421875
6 0.5 0.959375 0.058333333333333334 0.0328125
6 0.5 0.5703125 0.10277777777777777 0.0578125
6 0.16666666666666666 0.5703125 0.1 0.0703125
6 0.16666666666666666 0.390625 0.11666666666666667 0.0421875
6 0.5 0.390625 0.09444444444444444 0.053125
6 0.8305555555555556 0.390625 0.1 0.0546875
6 0.8333333333333334 0.209375 0.09166666666666666 0.05
6 0.5 0.209375 0.10277777777777777 0.046875
6 0.16666666666666666 0.209375 0.08333333333333333 0.059375
18 0.4986111111111111 0.015625 0.9972222222222222 0.03125