5 0.5 0.3 0.9305555555555556 0.0453125
5 0.5 0.203125 0.9305555555555556 0.0375
14 0.22777777777777777 0.296875 0.38055555555555554 0.0265625
14 0.2916666666666667 0.1984375 0.5111111111111111 0.0265625
17 0.5 0.071875 1 0.0765625
14 0.8888888888888888 0.071875 0.10833333333333334 0.0171875
14 0.18333333333333332 0.071875 0.11666666666666667 0.0265625
14 0.5 0.40625 0.325 0.0234375
6 0.8888888888888888 0.2875 0.05555555555555555 0.0203125
6 0.058333333333333334 0.0703125 0.03888888888888889 0.021875
18 0.4986111111111111 0.015625 0.9972222222222222 0.03125