5 0.25833333333333336 0.159375 0.4583333333333333 0.065625
5 0.7388888888888889 0.1578125 0.4583333333333333 0.065625
5 0.5 0.31875 0.9388888888888889 0.065625
5 0.5 0.2375 0.9416666666666667 0.065625
3 0.5055555555555555 0.759375 0.8583333333333333 0.06875
18 0.4986111111111111 0.015625 0.9972222222222222 0.03125
6 0.058333333333333334 0.065625 0.03333333333333333 0.01875
11 0.5638888888888889 0.065625 0.8722222222222222 0.065625
14 0.33611111111111114 0.065625 0.1111111111111111 0.021875
14 0.7777777777777778 0.0640625 0.25555555555555554 0.0171875
14 0.16666666666666666 0.159375 0.20833333333333334 0.01875
14 0.6472222222222223 0.159375 0.20555555555555555 0.0171875
14 0.19722222222222222 0.2390625 0.2722222222222222 0.01875
6 0.9166666666666666 0.31875 0.041666666666666664 0.0203125
14 0.2222222222222222 0.31875 0.325 0.01875
14 0.5583333333333333 0.759375 0.7472222222222222 0.0671875
14 0.4638888888888889 0.859375 0.85 0.046875
15 0.5 0.940625 0.9416666666666667 0.065625
14 0.5 0.94375 0.3611111111111111 0.0234375