15 0.5 0.459375 0.3472222222222222 0.0484375
15 0.3611111111111111 0.4 0.29444444444444445 0.0484375
15 0.6555555555555556 0.4 0.25833333333333336 0.0484375
15 0.7333333333333333 0.3421875 0.2861111111111111 0.0484375
15 0.4638888888888889 0.3421875 0.21388888888888888 0.0484375
15 0.23055555555555557 0.3421875 0.2111111111111111 0.0484375
15 0.19722222222222222 0.2828125 0.2361111111111111 0.0484375
15 0.46944444444444444 0.2828125 0.2722222222222222 0.0484375
15 0.7722222222222223 0.2828125 0.2972222222222222 0.0484375
15 0.7777777777777778 0.225 0.2611111111111111 0.0484375
15 0.5194444444444445 0.225 0.21944444444444444 0.0484375
15 0.24166666666666667 0.225 0.2972222222222222 0.0484375
14 0.12222222222222222 0.06875 0.09166666666666666 0.01875
15 0.5 0.9484375 0.20277777777777778 0.0609375
6 0.05 0.06875 0.025 0.025
18 0.4986111111111111 0.0125 0.9972222222222222 0.025
14 0.24166666666666667 0.225 0.2361111111111111 0.015625
14 0.5194444444444445 0.2234375 0.15555555555555556 0.015625
14 0.7777777777777778 0.2234375 0.2 0.015625
14 0.7722222222222223 0.2828125 0.2361111111111111 0.015625
14 0.19722222222222222 0.284375 0.17222222222222222 0.0203125
14 0.46944444444444444 0.2828125 0.20833333333333334 0.015625
14 0.23333333333333334 0.34375 0.15 0.0203125
14 0.4638888888888889 0.34375 0.1527777777777778 0.0203125
14 0.7333333333333333 0.340625 0.225 0.0171875
14 0.3638888888888889 0.4 0.23055555555555557 0.0171875
14 0.5 0.4609375 0.2861111111111111 0.0203125
14 0.6583333333333333 0.4 0.19722222222222222 0.0171875
14 0.5 0.1546875 0.37777777777777777 0.034375
14 0.5 0.9484375 0.08333333333333333 0.0171875