7 0.5 0.31875 0.9972222222222222 0.571875
7 0.49444444444444446 0.3015625 0.25 0.0796875
14 0.26666666666666666 0.853125 0.12777777777777777 0.0265625
14 0.7305555555555555 0.853125 0.16111111111111112 0.0265625
14 0.5 0.9421875 0.7916666666666666 0.0703125
16 0.5 0.6625 0.9222222222222223 0.0765625
16 0.5 0.759375 0.9222222222222223 0.0765625
18 0.4986111111111111 0.015625 0.9972222222222222 0.03125
14 0.5 0.665625 0.48055555555555557 0.025
14 0.5 0.759375 0.5361111111111111 0.0203125
7 0.10833333333333334 0.759375 0.044444444444444446 0.025
7 0.10833333333333334 0.6640625 0.058333333333333334 0.0328125