14 0.25277777777777777 0.909375 0.42777777777777776 0.0203125
14 0.49444444444444446 0.9890625 0.42777777777777776 0.0203125
8 0.8666666666666667 0.9328125 0.15555555555555556 0.0859375
14 0.4111111111111111 0.859375 0.7416666666666667 0.0578125
7 0.5 0.678125 0.9222222222222223 0.2734375
14 0.23333333333333334 0.5 0.38333333333333336 0.01875
14 0.4166666666666667 0.4484375 0.7555555555555555 0.0578125
7 0.5 0.26875 0.9222222222222223 0.2734375
17 0.5 0.0671875 1 0.08125
7 0.06666666666666667 0.0703125 0.058333333333333334 0.0328125
14 0.5 0.06875 0.3 0.0203125
6 0.925 0.0703125 0.041666666666666664 0.0234375
6 0.8166666666666667 0.0703125 0.05 0.028125
18 0.5 0.0125 0.9972222222222222 0.025
6 0.8666666666666667 0.9328125 0.05 0.028125