5 0.5 0.346875 0.9027777777777778 0.0328125
5 0.5 0.44375 0.9027777777777778 0.0328125
14 0.15555555555555556 0.4390625 0.20833333333333334 0.021875
14 0.20555555555555555 0.340625 0.30833333333333335 0.021875
17 0.5 0.071875 1 0.075
14 0.25 0.0734375 0.14722222222222223 0.0265625
14 0.5 0.265625 0.48333333333333334 0.01875
14 0.5 0.5171875 0.38055555555555554 0.021875
15 0.4986111111111111 0.96171875 0.9972222222222222 0.0765625
6 0.9194444444444444 0.4390625 0.058333333333333334 0.0234375
6 0.06944444444444445 0.071875 0.03611111111111111 0.0203125
16 0.5 0.15625 0.9194444444444444 0.0484375
16 0.5 0.2109375 0.9194444444444444 0.0484375
18 0.4986111111111111 0.015625 0.9972222222222222 0.03125
14 0.5305555555555556 0.15625 0.48055555555555557 0.0171875
14 0.5333333333333333 0.2109375 0.4361111111111111 0.015625
7 0.26944444444444443 0.2109375 0.044444444444444446 0.025
7 0.24722222222222223 0.15625 0.044444444444444446 0.025
14 0.5 0.9625 0.13055555555555556 0.015625