10 0.5 0.46875 0.9222222222222223 0.4640625
15 0.5 0.659375 0.9222222222222223 0.0828125
15 0.5 0.3125 0.8 0.0828125
12 0.49444444444444446 0.9609375 0.10833333333333334 0.0109375
5 0.5 0.5203125 0.8055555555555556 0.0640625
5 0.5 0.4421875 0.8055555555555556 0.0640625
14 0.49722222222222223 0.071875 0.2222222222222222 0.028125
14 0.5 0.1828125 0.6083333333333333 0.1015625
14 0.21944444444444444 0.5203125 0.19166666666666668 0.015625
14 0.17777777777777778 0.4421875 0.10277777777777777 0.015625
14 0.5 0.7484375 0.3388888888888889 0.01875
14 0.2361111111111111 0.5875 0.26666666666666666 0.0203125
14 0.5 0.3828125 0.041666666666666664 0.0109375
6 0.17222222222222222 0.3109375 0.03333333333333333 0.0375
18 0.5 0.0171875 0.9972222222222222 0.0328125
14 0.5 0.3140625 0.31666666666666665 0.01875
14 0.5 0.6609375 0.10277777777777777 0.0140625