2 0.5 0.3765625 0.9416666666666667 0.36875
14 0.4083333333333333 0.265625 0.18333333333333332 0.015625
17 0.5 0.0703125 1 0.075
14 0.33611111111111114 0.071875 0.31666666666666665 0.03125
11 0.5 0.14375 1 0.06875
14 0.17777777777777778 0.14375 0.21388888888888888 0.0171875
14 0.5083333333333333 0.14375 0.16111111111111112 0.0171875
14 0.8277777777777777 0.14375 0.19444444444444445 0.021875
14 0.20555555555555555 0.2171875 0.09166666666666666 0.0171875
14 0.5805555555555556 0.246875 0.49444444444444446 0.01875
14 0.225 0.259375 0.125 0.028125
14 0.18055555555555555 0.3140625 0.044444444444444446 0.0171875
14 0.34444444444444444 0.35 0.36666666666666664 0.0234375
16 0.2638888888888889 0.425 0.46944444444444444 0.0921875
14 0.21666666666666667 0.40625 0.11944444444444445 0.0234375
14 0.2722222222222222 0.4453125 0.225 0.0203125
16 0.2638888888888889 0.515625 0.46944444444444444 0.0890625
14 0.24166666666666667 0.4984375 0.1638888888888889 0.01875
14 0.175 0.5296875 0.019444444444444445 0.0265625
16 0.7361111111111112 0.515625 0.46944444444444444 0.0890625
14 0.6805555555555556 0.4984375 0.09722222222222222 0.01875
14 0.7055555555555556 0.5328125 0.14722222222222223 0.025
16 0.7361111111111112 0.425 0.4722222222222222 0.0921875
14 0.6916666666666667 0.40625 0.11388888888888889 0.0171875
14 0.7444444444444445 0.446875 0.2222222222222222 0.01875
6 0.9444444444444444 0.0703125 0.011111111111111112 0.025
6 0.06666666666666667 0.071875 0.041666666666666664 0.0234375
6 0.09444444444444444 0.240625 0.07777777777777778 0.04375
6 0.09444444444444444 0.334375 0.08055555555555556 0.04375
6 0.09166666666666666 0.4234375 0.08055555555555556 0.04375
6 0.09444444444444444 0.515625 0.06388888888888888 0.04375
6 0.5694444444444444 0.515625 0.058333333333333334 0.034375
6 0.4666666666666667 0.5375 0.022222222222222223 0.0125
6 0.9388888888888889 0.5375 0.022222222222222223 0.0125
6 0.5666666666666667 0.425 0.07777777777777778 0.04375
15 0.5 0.9453125 0.9444444444444444 0.078125
18 0.4986111111111111 0.015625 0.9972222222222222 0.03125
14 0.5 0.946875 0.43333333333333335 0.0375