7 0.5 0.0984375 0.2722222222222222 0.0671875
14 0.5 0.18125 0.5388888888888889 0.025
15 0.3277777777777778 0.2640625 0.275 0.065625
15 0.6472222222222223 0.265625 0.325 0.065625
14 0.125 0.39375 0.16944444444444445 0.0171875
14 0.20833333333333334 0.453125 0.18333333333333332 0.0203125
14 0.33611111111111114 0.484375 0.43333333333333335 0.01875
14 0.36944444444444446 0.55625 0.5 0.025
14 0.3333333333333333 0.5875 0.4361111111111111 0.01875
14 0.19722222222222222 0.7203125 0.16111111111111112 0.0234375
14 0.2361111111111111 0.7953125 0.2361111111111111 0.0203125
1 0.5 0.9609375 1 0.0765625
16 0.16666666666666666 0.959375 0.08888888888888889 0.0515625
14 0.16666666666666666 0.9796875 0.08888888888888889 0.0109375
16 0.5 0.9609375 0.11666666666666667 0.05
14 0.5 0.9796875 0.11666666666666667 0.0109375
16 0.8305555555555556 0.9609375 0.09166666666666666 0.05
14 0.8333333333333334 0.9796875 0.09166666666666666 0.0109375
6 0.8333333333333334 0.95 0.03611111111111111 0.028125
6 0.5 0.95 0.05555555555555555 0.028125
6 0.16666666666666666 0.95 0.05555555555555555 0.03125
6 0.058333333333333334 0.7953125 0.044444444444444446 0.025
6 0.058333333333333334 0.7171875 0.044444444444444446 0.025
6 0.06388888888888888 0.5796875 0.058333333333333334 0.0421875
6 0.06944444444444445 0.4765625 0.05 0.04375
6 0.9305555555555556 0.465625 0.019444444444444445 0.0171875
6 0.9305555555555556 0.5671875 0.019444444444444445 0.0171875
6 0.9305555555555556 0.7171875 0.016666666666666666 0.0171875
6 0.9305555555555556 0.7953125 0.016666666666666666 0.0171875
18 0.4986111111111111 0.0125 0.9972222222222222 0.025
14 0.3277777777777778 0.2671875 0.11388888888888889 0.0234375
14 0.65 0.2671875 0.16666666666666666 0.0234375