1 0.5 0.9671875 1 0.065625
16 0.1 0.9703125 0.08611111111111111 0.0578125
6 0.1 0.959375 0.06388888888888888 0.0359375
16 0.3 0.9703125 0.09444444444444444 0.053125
6 0.3 0.959375 0.06388888888888888 0.034375
16 0.5 0.9703125 0.10555555555555556 0.0578125
6 0.5 0.959375 0.058333333333333334 0.0328125
16 0.7 0.971875 0.10833333333333334 0.05625
6 0.7 0.959375 0.075 0.0296875
16 0.9027777777777778 0.9703125 0.07222222222222222 0.0515625
6 0.9 0.959375 0.05277777777777778 0.0296875
14 0.9 0.990625 0.075 0.0109375
14 0.7 0.9921875 0.10833333333333334 0.015625
14 0.5 0.9921875 0.10555555555555556 0.0140625
14 0.3 0.990625 0.09444444444444444 0.0125
14 0.1 0.9921875 0.08611111111111111 0.0140625
15 0.5 0.6875 0.6 0.053125
14 0.5 0.5875 0.6722222222222223 0.0703125
7 0.5 0.3421875 0.5055555555555555 0.3
14 0.5 0.0671875 0.24722222222222223 0.0203125
18 0.4986111111111111 0.015625 0.9972222222222222 0.03125
14 0.5027777777777778 0.690625 0.1361111111111111 0.01875