5 0.5 0.36875 0.9222222222222223 0.0546875
5 0.5 0.4375 0.9222222222222223 0.0546875
14 0.1361111111111111 0.4375 0.14444444444444443 0.0140625
14 0.10277777777777777 0.36875 0.07777777777777778 0.0140625
7 0.49722222222222223 0.1 0.10555555555555556 0.028125
14 0.5 0.146875 0.11388888888888889 0.0484375
14 0.5 0.1984375 0.26666666666666666 0.01875
14 0.49722222222222223 0.30625 0.11666666666666667 0.01875
14 0.8388888888888889 0.490625 0.24166666666666667 0.015625
14 0.5 0.6078125 0.03611111111111111 0.0109375
14 0.49722222222222223 0.959375 0.6888888888888889 0.0328125
15 0.5 0.725 0.9222222222222223 0.0546875
16 0.7361111111111112 0.659375 0.45 0.0546875
16 0.2638888888888889 0.659375 0.45 0.0546875
15 0.5 0.55 0.9194444444444444 0.0546875
18 0.4986111111111111 0.015625 0.9972222222222222 0.03125
14 0.49722222222222223 0.553125 0.12222222222222222 0.0203125
14 0.2916666666666667 0.659375 0.16944444444444445 0.0140625
14 0.7638888888888888 0.6609375 0.11944444444444445 0.01875
7 0.5666666666666667 0.659375 0.041666666666666664 0.025
7 0.09444444444444444 0.659375 0.04722222222222222 0.028125
14 0.5027777777777778 0.725 0.4 0.0140625