9 0.5 0.328125 1 0.525
14 0.5361111111111111 0.18125 0.4083333333333333 0.0203125
14 0.49444444444444446 0.40625 0.3333333333333333 0.015625
14 0.5472222222222223 0.5125 0.43333333333333335 0.0203125
14 0.2388888888888889 0.765625 0.3972222222222222 0.0265625
1 0.5 0.9671875 1 0.0640625
6 0.1 0.9671875 0.04722222222222222 0.0265625
6 0.3 0.965625 0.04722222222222222 0.0265625
6 0.5 0.965625 0.05 0.025
6 0.7 0.9671875 0.03888888888888889 0.028125
6 0.9 0.9671875 0.011111111111111112 0.021875
14 0.6444444444444445 0.865625 0.6166666666666667 0.0671875
7 0.16111111111111112 0.878125 0.24444444444444444 0.1109375
6 0.9416666666666667 0.5796875 0.04722222222222222 0.0234375
14 0.4222222222222222 0.55 0.18055555555555555 0.015625
14 0.6416666666666667 0.465625 0.6194444444444445 0.0296875
7 0.16111111111111112 0.5125 0.24444444444444444 0.1375
6 0.9388888888888889 0.39375 0.05 0.025
14 0.5444444444444444 0.36875 0.425 0.0203125
14 0.5722222222222222 0.3 0.48055555555555557 0.0671875
7 0.16111111111111112 0.325 0.24444444444444444 0.1375
6 0.9416666666666667 0.20625 0.05 0.025
14 0.5916666666666667 0.221875 0.5194444444444445 0.0203125
14 0.5111111111111111 0.1125 0.35833333333333334 0.0671875
7 0.16111111111111112 0.1375 0.24166666666666667 0.1375
18 0.4986111111111111 0.015625 0.9972222222222222 0.03125