7 0.7444444444444445 0.9515625 0.4666666666666667 0.0953125
7 0.25833333333333336 0.9515625 0.4666666666666667 0.0953125
14 0.15 0.8625 0.22777777777777777 0.01875
14 0.6 0.8625 0.14722222222222223 0.01875
7 0.7444444444444445 0.709375 0.4666666666666667 0.2625
7 0.25555555555555554 0.709375 0.4638888888888889 0.2625
6 0.9666666666666667 0.525 0.022222222222222223 0.01875
14 0.6555555555555556 0.525 0.5472222222222223 0.0171875
14 0.12777777777777777 0.459375 0.2 0.0234375
6 0.13333333333333333 0.4296875 0.21388888888888888 0.0203125
14 0.3 0.378125 0.55 0.05625
14 0.5444444444444444 0.428125 0.19722222222222222 0.0140625
14 0.8055555555555556 0.459375 0.18888888888888888 0.0234375
6 0.8166666666666667 0.4296875 0.21388888888888888 0.0203125
14 0.8527777777777777 0.3796875 0.28888888888888886 0.05625
7 0.8555555555555555 0.225 0.28888888888888886 0.209375
7 0.3527777777777778 0.225 0.6555555555555556 0.209375
17 0.5 0.0625 1 0.0578125
6 0.05277777777777778 0.0640625 0.06111111111111111 0.034375
7 0.5 0.065625 0.25555555555555554 0.034375
15 0.8916666666666667 0.0625 0.19722222222222222 0.03125
18 0.5 0.015625 1 0.03125
14 0.8916666666666667 0.0640625 0.1388888888888889 0.015625