11 0.5 0.1078125 1 0.0609375
14 0.25 0.1046875 0.11944444444444445 0.0171875
14 0.75 0.1046875 0.29444444444444445 0.0171875
14 0.16944444444444445 0.2390625 0.275 0.01875
6 0.9583333333333334 0.240625 0.016666666666666666 0.015625
14 0.8638888888888889 0.2390625 0.1111111111111111 0.0140625
14 0.8277777777777777 0.45 0.28055555555555556 0.0140625
14 0.18611111111111112 0.45 0.3111111111111111 0.015625
14 0.5 0.825 0.10277777777777777 0.0171875
14 0.49444444444444446 0.8671875 0.7944444444444444 0.021875
6 0.46111111111111114 0.9578125 0.044444444444444446 0.0234375
14 0.5305555555555556 0.9578125 0.05555555555555555 0.015625
14 0.5 0.9046875 0.3416666666666667 0.021875
18 0.4986111111111111 0.0125 0.9972222222222222 0.025
14 0.5333333333333333 0.16875 0.019444444444444445 0.0140625
6 0.4777777777777778 0.16875 0.044444444444444446 0.0234375
7 0.8388888888888889 0.34375 0.31666666666666665 0.1609375
7 0.3388888888888889 0.34375 0.6277777777777778 0.1609375
7 0.5 0.6609375 0.7888888888888889 0.1828125