7 0.5 0.225 0.9472222222222222 0.190625
17 0.5 0.071875 1 0.0765625
14 0.3861111111111111 0.0734375 0.425 0.0234375
14 0.49722222222222223 0.225 0.7611111111111111 0.0203125
9 0.5 0.6859375 0.9472222222222222 0.628125
14 0.18888888888888888 0.353125 0.325 0.01875
14 0.2777777777777778 0.40625 0.43333333333333335 0.0234375
14 0.325 0.46875 0.5222222222222223 0.01875
14 0.2361111111111111 0.5375 0.35 0.0234375
14 0.17222222222222222 0.6 0.225 0.01875
14 0.225 0.66875 0.325 0.025
14 0.3 0.73125 0.475 0.01875
14 0.17777777777777778 0.8 0.23333333333333334 0.025
14 0.21944444444444444 0.8625 0.3138888888888889 0.01875
14 0.175 0.9296875 0.23055555555555557 0.0234375
14 0.19444444444444445 0.990625 0.26666666666666666 0.015625
6 0.9388888888888889 0.0703125 0.041666666666666664 0.025
6 0.06666666666666667 0.0703125 0.03888888888888889 0.021875
18 0.4986111111111111 0.015625 0.9972222222222222 0.03125