7 0.5 0.1171875 0.41944444444444445 0.0609375
14 0.5 0.1578125 0.38055555555555554 0.015625
14 0.5 0.8375 0.21666666666666667 0.0203125
7 0.06666666666666667 0.9078125 0.1111111111111111 0.0640625
7 0.2833333333333333 0.909375 0.11388888888888889 0.0640625
7 0.49722222222222223 0.9078125 0.11388888888888889 0.0640625
7 0.7111111111111111 0.9078125 0.11388888888888889 0.0640625
7 0.925 0.9078125 0.11388888888888889 0.065625
15 0.5 0.734375 0.9194444444444444 0.065625
15 0.5 0.653125 0.9194444444444444 0.065625
6 0.06666666666666667 0.071875 0.03611111111111111 0.0203125
18 0.4986111111111111 0.015625 0.9972222222222222 0.03125
14 0.5 0.7359375 0.14722222222222223 0.0171875
14 0.5 0.6546875 0.19444444444444445 0.01875