14 0.5555555555555556 0.1046875 0.6166666666666667 0.040625
14 0.5 0.190625 0.825 0.0578125
14 0.5 0.434375 0.33055555555555555 0.0234375
14 0.45 0.8328125 0.6277777777777778 0.025
14 0.5 0.91875 0.21944444444444444 0.0203125
14 0.8166666666666667 0.9671875 0.14166666666666666 0.021875
14 0.6222222222222222 0.9671875 0.15 0.0203125
14 0.4444444444444444 0.9671875 0.10277777777777777 0.021875
14 0.2611111111111111 0.96875 0.16944444444444445 0.01875
7 0.14166666666666666 0.9671875 0.06111111111111111 0.021875
12 0.5 0.490625 0.13333333333333333 0.0125
7 0.17777777777777778 0.1046875 0.08888888888888889 0.0484375
7 0.5 0.325 0.24444444444444444 0.1375
16 0.5 0.559375 0.7277777777777777 0.071875
16 0.5 0.653125 0.7277777777777777 0.071875
16 0.5 0.7453125 0.7277777777777777 0.071875
18 0.4986111111111111 0.015625 0.9972222222222222 0.03125
14 0.575 0.559375 0.4583333333333333 0.01875
14 0.5527777777777778 0.6546875 0.40555555555555556 0.0234375
14 0.5222222222222223 0.7484375 0.3527777777777778 0.025
6 0.21944444444444444 0.746875 0.08333333333333333 0.046875
7 0.21944444444444444 0.653125 0.08888888888888889 0.05
7 0.21944444444444444 0.559375 0.08888888888888889 0.05