18 0.4986111111111111 0.015625 0.9972222222222222 0.03125
9 0.5 0.5890625 1 0.8203125
7 0.16111111111111112 0.975 0.24444444444444444 0.046875
7 0.16111111111111112 0.834375 0.24444444444444444 0.1359375
7 0.16111111111111112 0.646875 0.24444444444444444 0.1375
7 0.16111111111111112 0.4609375 0.24444444444444444 0.1375
7 0.16111111111111112 0.275 0.24444444444444444 0.1375
17 0.5 0.071875 1 0.0765625
6 0.06666666666666667 0.0703125 0.03888888888888889 0.0171875
15 0.13333333333333333 0.1421875 0.18888888888888888 0.0453125
15 0.39444444444444443 0.1421875 0.25555555555555554 0.04375
14 0.3472222222222222 0.0734375 0.3388888888888889 0.025
15 0.7166666666666667 0.1421875 0.3138888888888889 0.04375
6 0.9388888888888889 0.071875 0.041666666666666664 0.025
15 0.9555555555555556 0.1421875 0.08611111111111111 0.04375
14 0.6111111111111112 0.2265625 0.5611111111111111 0.0234375
6 0.9416666666666667 0.3421875 0.05 0.025
14 0.5472222222222223 0.275 0.4305555555555556 0.0203125
14 0.5777777777777777 0.3109375 0.4888888888888889 0.015625
14 0.5333333333333333 0.415625 0.4 0.0296875
14 0.5277777777777778 0.459375 0.39166666666666666 0.0203125
14 0.475 0.5 0.28888888888888886 0.0203125
6 0.9416666666666667 0.5296875 0.05 0.025
14 0.6388888888888888 0.621875 0.6166666666666667 0.0671875
6 0.9388888888888889 0.715625 0.05 0.025
14 0.6444444444444445 0.690625 0.6277777777777778 0.0203125
14 0.5444444444444444 0.73125 0.425 0.0203125
14 0.6194444444444445 0.8109375 0.5777777777777777 0.0734375
14 0.6416666666666667 0.878125 0.6194444444444445 0.0203125
14 0.48333333333333334 0.9171875 0.30277777777777776 0.01875
6 0.9416666666666667 0.903125 0.05 0.025
14 0.6222222222222222 0.975 0.5833333333333334 0.0296875
14 0.13333333333333333 0.14375 0.09722222222222222 0.01875
14 0.39444444444444443 0.1421875 0.1638888888888889 0.0140625
14 0.7166666666666667 0.1421875 0.2222222222222222 0.015625
14 0.9777777777777777 0.1421875 0.03888888888888889 0.015625