17 0.5 0.0734375 1 0.0796875
5 0.5027777777777778 0.071875 0.6388888888888888 0.0609375
14 0.3972222222222222 0.0703125 0.3416666666666667 0.0203125
14 0.5 0.146875 0.7111111111111111 0.034375
1 0.5 0.9671875 1 0.0640625
16 0.9 0.971875 0.10555555555555556 0.053125
14 0.9 0.990625 0.10555555555555556 0.0171875
16 0.7 0.96875 0.15555555555555556 0.053125
14 0.7 0.9875 0.15555555555555556 0.0140625
16 0.5 0.96875 0.058333333333333334 0.0515625
14 0.5 0.9875 0.058333333333333334 0.0125
16 0.3 0.96875 0.07222222222222222 0.05
14 0.3 0.9875 0.07222222222222222 0.0125
16 0.1 0.96875 0.11944444444444445 0.0515625
14 0.1 0.9875 0.11944444444444445 0.0140625
6 0.1 0.959375 0.06111111111111111 0.0328125
6 0.3 0.9578125 0.03888888888888889 0.028125
6 0.5 0.959375 0.058333333333333334 0.0328125
6 0.7 0.959375 0.06111111111111111 0.034375
6 0.9 0.959375 0.04722222222222222 0.0265625
14 0.5 0.76875 0.4666666666666667 0.0453125
7 0.5 0.621875 0.8972222222222223 0.228125
14 0.5 0.453125 0.5722222222222222 0.021875
14 0.5 0.1734375 0.7527777777777778 0.0171875
6 0.10555555555555556 0.071875 0.06388888888888888 0.0234375
6 0.9 0.075 0.058333333333333334 0.034375
6 0.7416666666666667 0.0703125 0.14444444444444443 0.0515625
18 0.4986111111111111 0.015625 0.9972222222222222 0.03125
7 0.5 0.3171875 0.9027777777777778 0.2296875