17 0.5 0.071875 1 0.075
14 0.14444444444444443 0.071875 0.2111111111111111 0.021875
14 0.5 0.453125 0.05 0.0171875
14 0.5 0.8796875 0.8833333333333333 0.0390625
1 0.5 0.9625 1 0.075
16 0.8333333333333334 0.9609375 0.18333333333333332 0.0484375
14 0.8333333333333334 0.978125 0.18333333333333332 0.0140625
16 0.5 0.9625 0.09722222222222222 0.0484375
14 0.5 0.9796875 0.09722222222222222 0.0140625
16 0.16666666666666666 0.9625 0.08333333333333333 0.046875
14 0.16666666666666666 0.978125 0.08333333333333333 0.0140625
6 0.16666666666666666 0.95 0.05 0.025
6 0.49722222222222223 0.95 0.041666666666666664 0.0234375
6 0.8333333333333334 0.95 0.044444444444444446 0.025
16 0.5 0.196875 0.9027777777777778 0.0765625
16 0.5 0.284375 0.9027777777777778 0.0765625
16 0.5 0.371875 0.9027777777777778 0.0765625
16 0.5 0.53125 0.9027777777777778 0.0765625
18 0.5 0.015625 1 0.03125
14 0.5 0.2 0.4388888888888889 0.0234375
14 0.5 0.2875 0.37222222222222223 0.0234375
14 0.5 0.375 0.4222222222222222 0.025
7 0.11666666666666667 0.371875 0.044444444444444446 0.0265625
7 0.11666666666666667 0.284375 0.041666666666666664 0.025
7 0.11666666666666667 0.196875 0.05 0.0203125
6 0.11666666666666667 0.53125 0.03888888888888889 0.025
14 0.5 0.5328125 0.35 0.0171875