4 0.41388888888888886 0.5546875 0.825 0.8890625
17 0.5 0.06875 1 0.08125
7 0.2722222222222222 0.0703125 0.19444444444444445 0.053125
9 0.41388888888888886 0.3484375 0.825 0.475
14 0.21944444444444444 0.1546875 0.08888888888888889 0.0203125
14 0.2833333333333333 0.221875 0.21388888888888888 0.0203125
14 0.26944444444444443 0.2859375 0.18888888888888888 0.021875
14 0.28888888888888886 0.353125 0.22777777777777777 0.0203125
14 0.29444444444444445 0.415625 0.2361111111111111 0.0171875
14 0.3333333333333333 0.48125 0.31666666666666665 0.015625
14 0.25555555555555554 0.546875 0.15833333333333333 0.0171875
14 0.49444444444444446 0.734375 0.22777777777777777 0.0171875
14 0.43333333333333335 0.80625 0.2861111111111111 0.0203125
14 0.43333333333333335 0.84375 0.49444444444444446 0.021875
14 0.43333333333333335 0.8828125 0.21388888888888888 0.021875
14 0.43333333333333335 0.9203125 0.36666666666666664 0.021875
14 0.4305555555555556 0.9578125 0.21666666666666667 0.0171875
7 0.3055555555555556 0.7359375 0.10833333333333334 0.04375
6 0.06666666666666667 0.546875 0.05555555555555555 0.03125
6 0.06666666666666667 0.48125 0.058333333333333334 0.03125
6 0.06666666666666667 0.415625 0.058333333333333334 0.028125
6 0.06666666666666667 0.35 0.06111111111111111 0.028125
6 0.06666666666666667 0.284375 0.05277777777777778 0.03125
6 0.06666666666666667 0.21875 0.058333333333333334 0.0328125
6 0.06666666666666667 0.153125 0.05277777777777778 0.0328125
6 0.06666666666666667 0.071875 0.022222222222222223 0.021875
7 0.6888888888888889 0.0703125 0.05 0.0328125
6 0.8055555555555556 0.071875 0.058333333333333334 0.034375
6 0.9277777777777778 0.06875 0.06111111111111111 0.0359375
6 0.7638888888888888 0.153125 0.019444444444444445 0.0203125
6 0.7666666666666667 0.21875 0.019444444444444445 0.0203125
6 0.7666666666666667 0.284375 0.019444444444444445 0.0203125
6 0.7666666666666667 0.35 0.019444444444444445 0.0203125
6 0.7638888888888888 0.415625 0.016666666666666666 0.0203125
6 0.7638888888888888 0.48125 0.019444444444444445 0.0203125
6 0.7666666666666667 0.546875 0.019444444444444445 0.0203125
18 0.4986111111111111 0.0125 0.9972222222222222 0.025