17 0.5 0.06875 1 0.08125
14 0.25833333333333336 0.075 0.1638888888888889 0.0296875
14 0.5 0.378125 0.28055555555555556 0.0296875
14 0.5 0.4453125 0.7277777777777777 0.0609375
14 0.5 0.95625 0.3888888888888889 0.01875
8 0.3972222222222222 0.5453125 0.16666666666666666 0.09375
8 0.6 0.5453125 0.16666666666666666 0.09375
6 0.06666666666666667 0.071875 0.03611111111111111 0.0203125
7 0.5 0.2203125 0.3277777777777778 0.184375
18 0.4986111111111111 0.0125 0.9972222222222222 0.025
6 0.4 0.5453125 0.041666666666666664 0.04375
6 0.6027777777777777 0.5453125 0.06944444444444445 0.0390625