14 0.5 0.0875 0.6055555555555555 0.0265625
14 0.5 0.5796875 0.8722222222222222 0.090625
14 0.5 0.6671875 0.3111111111111111 0.0140625
12 0.5 0.725 0.21388888888888888 0.015625
14 0.5 0.965625 0.5916666666666667 0.0171875
15 0.5 0.8828125 0.8527777777777777 0.06875
15 0.5 0.79375 0.8527777777777777 0.06875
7 0.5 0.3140625 0.5222222222222223 0.353125
7 0.5 0.490625 0.11388888888888889 0.0640625
18 0.4986111111111111 0.015625 0.9972222222222222 0.03125
14 0.5 0.796875 0.1388888888888889 0.0203125
14 0.5 0.8859375 0.12222222222222222 0.021875