17 0.5 0.0546875 1 0.0640625
6 0.9222222222222223 0.05625 0.04722222222222222 0.028125
6 0.044444444444444446 0.0578125 0.027777777777777776 0.028125
14 0.225 0.05625 0.30277777777777776 0.0171875
14 0.5 0.05625 0.14722222222222223 0.0171875
7 0.8138888888888889 0.1203125 0.05555555555555555 0.034375
6 0.9333333333333333 0.1203125 0.06111111111111111 0.034375
3 0.1361111111111111 0.1203125 0.20833333333333334 0.0265625
6 0.6916666666666667 0.1203125 0.06388888888888888 0.0265625
14 0.16944444444444445 0.1203125 0.14166666666666666 0.0140625
9 0.5 0.54375 1 0.7796875
7 0.13055555555555556 0.2234375 0.19166666666666668 0.1078125
14 0.6166666666666667 0.209375 0.7222222222222222 0.0484375
14 0.34444444444444444 0.2671875 0.175 0.025
7 0.12777777777777777 0.3921875 0.20277777777777778 0.1125
14 0.6138888888888889 0.3765625 0.7138888888888889 0.0484375
14 0.34444444444444444 0.434375 0.175 0.025
7 0.13055555555555556 0.55625 0.11388888888888889 0.128125
14 0.6027777777777777 0.540625 0.6944444444444444 0.0484375
14 0.3611111111111111 0.5875 0.20555555555555555 0.025
7 0.13055555555555556 0.7140625 0.16944444444444445 0.128125
14 0.6055555555555555 0.6984375 0.6972222222222222 0.0484375
14 0.3527777777777778 0.7453125 0.19166666666666668 0.0265625
7 0.12777777777777777 0.8703125 0.17222222222222222 0.1234375
14 0.6055555555555555 0.8578125 0.6972222222222222 0.0484375
14 0.3611111111111111 0.9046875 0.2111111111111111 0.025
1 0.5 0.9671875 1 0.065625
16 0.49722222222222223 0.965625 0.05555555555555555 0.0453125
6 0.49722222222222223 0.959375 0.05555555555555555 0.03125
16 0.9 0.965625 0.09444444444444444 0.04375
6 0.9 0.959375 0.05555555555555555 0.03125
16 0.7 0.965625 0.075 0.04375
6 0.7 0.959375 0.03888888888888889 0.0296875
16 0.1 0.9671875 0.09166666666666666 0.04375
6 0.1 0.9578125 0.09166666666666666 0.0265625
16 0.3 0.96875 0.06944444444444445 0.040625
6 0.3 0.959375 0.044444444444444446 0.021875
14 0.1 0.9828125 0.058333333333333334 0.0125
14 0.5 0.9828125 0.05 0.0109375
14 0.7 0.9828125 0.07222222222222222 0.009375
14 0.3 0.9828125 0.06944444444444445 0.009375
14 0.9 0.9828125 0.09444444444444444 0.009375
18 0.5 0.0109375 0.9972222222222222 0.0203125