16 0.16111111111111112 0.1953125 0.3 0.0484375
16 0.49722222222222223 0.1953125 0.3333333333333333 0.0484375
5 0.5 0.1125 0.9611111111111111 0.0515625
6 0.05277777777777778 0.1015625 0.041666666666666664 0.0234375
18 0.5 0.0109375 0.9972222222222222 0.0203125
6 0.05277777777777778 0.0578125 0.03888888888888889 0.021875
9 0.5 0.621875 1 0.75625
6 0.8388888888888889 0.9765625 0.03888888888888889 0.021875
6 0.9361111111111111 0.9765625 0.03888888888888889 0.01875
6 0.8388888888888889 0.3890625 0.03888888888888889 0.021875
6 0.9361111111111111 0.3890625 0.03888888888888889 0.01875
6 0.8388888888888889 0.584375 0.03888888888888889 0.021875
6 0.9361111111111111 0.584375 0.03888888888888889 0.01875
6 0.8388888888888889 0.7796875 0.03888888888888889 0.021875
6 0.9361111111111111 0.7796875 0.03888888888888889 0.01875
15 0.7638888888888888 0.1953125 0.15833333333333333 0.0484375
14 0.48055555555555557 0.2625 0.32222222222222224 0.01875
14 0.6305555555555555 0.3234375 0.6166666666666667 0.0609375
14 0.5361111111111111 0.38125 0.4305555555555556 0.01875
14 0.4666666666666667 0.4578125 0.29444444444444445 0.0171875
14 0.575 0.5171875 0.5111111111111111 0.05625
14 0.5361111111111111 0.578125 0.4305555555555556 0.01875
14 0.48055555555555557 0.6546875 0.32222222222222224 0.01875
14 0.5194444444444445 0.715625 0.4 0.0609375
14 0.40555555555555556 0.771875 0.16666666666666666 0.0140625
15 0.9305555555555556 0.1953125 0.1361111111111111 0.0484375
14 0.4888888888888889 0.8484375 0.3388888888888889 0.0171875
14 0.525 0.8890625 0.4083333333333333 0.0203125
14 0.5333333333333333 0.93125 0.425 0.0140625
7 0.16111111111111112 0.321875 0.24166666666666667 0.1359375
7 0.15833333333333333 0.5171875 0.24166666666666667 0.1359375
7 0.15833333333333333 0.7125 0.24166666666666667 0.1359375
7 0.15833333333333333 0.9078125 0.24166666666666667 0.1359375
14 0.7638888888888888 0.1953125 0.08611111111111111 0.0140625
14 0.9527777777777777 0.196875 0.09444444444444444 0.0140625
14 0.49722222222222223 0.1984375 0.12222222222222222 0.0171875
14 0.16111111111111112 0.196875 0.08611111111111111 0.0140625
14 0.28055555555555556 0.1015625 0.36666666666666664 0.028125
6 0.06666666666666667 0.1953125 0.03888888888888889 0.0234375
6 0.25277777777777777 0.1953125 0.022222222222222223 0.0078125
6 0.3888888888888889 0.1953125 0.03333333333333333 0.0203125
6 0.6055555555555555 0.1953125 0.022222222222222223 0.0078125