18 0.5 0.0109375 0.9972222222222222 0.0203125
5 0.5 0.54375 0.9388888888888889 0.0640625
5 0.5 0.609375 0.9416666666666667 0.0546875
5 0.5 0.275 0.9416666666666667 0.0578125
5 0.25555555555555554 0.340625 0.45 0.0609375
5 0.7444444444444445 0.340625 0.45 0.0609375
5 0.5 0.4078125 0.9416666666666667 0.0609375
3 0.25 0.4765625 0.4222222222222222 0.0265625
3 0.75 0.4765625 0.4222222222222222 0.0265625
6 0.05555555555555555 0.0578125 0.022222222222222223 0.0234375
14 0.5 0.05625 0.16666666666666666 0.0203125
6 0.08055555555555556 0.1390625 0.06111111111111111 0.034375
6 0.9416666666666667 0.140625 0.019444444444444445 0.0171875
14 0.3111111111111111 0.14375 0.3277777777777778 0.0203125
14 0.5 0.2078125 0.03611111111111111 0.0140625
14 0.07777777777777778 0.2734375 0.075 0.015625
14 0.11388888888888889 0.340625 0.1527777777777778 0.015625
14 0.6138888888888889 0.340625 0.15 0.0171875
14 0.1 0.4109375 0.12222222222222222 0.0203125
14 0.07222222222222222 0.478125 0.06666666666666667 0.015625
14 0.5888888888888889 0.478125 0.1 0.015625
14 0.1361111111111111 0.5453125 0.19444444444444445 0.0171875
14 0.10555555555555556 0.6125 0.13333333333333333 0.015625
15 0.5 0.9453125 0.925 0.0671875
14 0.5 0.946875 0.13333333333333333 0.015625