7 0.5 0.140625 0.9972222222222222 0.28125
5 0.5 0.346875 0.8305555555555556 0.0609375
5 0.5 0.421875 0.8305555555555556 0.0609375
5 0.5 0.496875 0.8305555555555556 0.0609375
14 0.30277777777777776 0.3484375 0.1527777777777778 0.0109375
14 0.26666666666666666 0.421875 0.07777777777777778 0.0140625
14 0.3 0.496875 0.14722222222222223 0.01875
6 0.14166666666666666 0.496875 0.041666666666666664 0.028125
6 0.14166666666666666 0.421875 0.05 0.0203125
6 0.14166666666666666 0.346875 0.041666666666666664 0.028125
18 0.5 0.0109375 0.9972222222222222 0.0203125
6 0.05555555555555555 0.05625 0.019444444444444445 0.0203125
14 0.30277777777777776 0.246875 0.14166666666666666 0.0203125
14 0.6916666666666667 0.246875 0.09722222222222222 0.021875
15 0.5 0.584375 0.8305555555555556 0.0609375
14 0.46111111111111114 0.646875 0.7527777777777778 0.0125
14 0.5 0.715625 0.15555555555555556 0.0140625
15 0.28055555555555556 0.778125 0.3888888888888889 0.0609375
15 0.7194444444444444 0.778125 0.3888888888888889 0.0609375
14 0.5 0.584375 0.2388888888888889 0.015625
14 0.28055555555555556 0.778125 0.19722222222222222 0.0171875
14 0.7194444444444444 0.78125 0.14444444444444443 0.0234375