5 0.5583333333333333 0.0578125 0.7833333333333333 0.0375
14 0.49166666666666664 0.059375 0.5194444444444445 0.01875
6 0.20277777777777778 0.05625 0.03333333333333333 0.01875
9 0.5 0.40625 1 0.2609375
14 0.23055555555555557 0.3203125 0.18333333333333332 0.01875
14 0.24166666666666667 0.4078125 0.20555555555555555 0.01875
14 0.2638888888888889 0.4953125 0.25 0.01875
6 0.06666666666666667 0.4953125 0.041666666666666664 0.0234375
6 0.06666666666666667 0.4078125 0.04722222222222222 0.021875
6 0.06666666666666667 0.3203125 0.041666666666666664 0.0234375
6 0.9416666666666667 0.49375 0.016666666666666666 0.0171875
6 0.9416666666666667 0.40625 0.016666666666666666 0.0171875
6 0.9416666666666667 0.3203125 0.016666666666666666 0.0171875
6 0.07777777777777778 0.05625 0.058333333333333334 0.0328125
14 0.5 0.140625 0.24166666666666667 0.0140625
14 0.5 0.16875 0.7138888888888889 0.0140625
15 0.3861111111111111 0.2125 0.2222222222222222 0.04375
15 0.625 0.2125 0.2 0.04375
1 0.5 0.9625 1 0.075
16 0.875 0.9640625 0.07222222222222222 0.040625
14 0.875 0.9796875 0.07222222222222222 0.009375
16 0.625 0.9625 0.1361111111111111 0.04375
14 0.625 0.978125 0.1361111111111111 0.009375
16 0.375 0.9625 0.09166666666666666 0.04375
14 0.375 0.9796875 0.09166666666666666 0.009375
16 0.125 0.9625 0.06388888888888888 0.04375
14 0.125 0.9796875 0.06388888888888888 0.009375
6 0.125 0.9546875 0.05555555555555555 0.028125
6 0.375 0.9546875 0.03611111111111111 0.028125
6 0.625 0.9546875 0.041666666666666664 0.028125
6 0.875 0.95625 0.05555555555555555 0.0234375
18 0.5 0.0109375 0.9972222222222222 0.0203125
14 0.3861111111111111 0.2140625 0.10277777777777777 0.015625
14 0.625 0.2140625 0.07777777777777778 0.015625