5 0.5 0.059375 0.9305555555555556 0.0421875
14 0.5305555555555556 0.059375 0.17777777777777778 0.0125
2 0.5 0.465625 0.9666666666666667 0.2953125
6 0.34444444444444444 0.39375 0.058333333333333334 0.034375
1 0.5 0.9671875 1 0.065625
16 0.875 0.9703125 0.075 0.0515625
14 0.875 0.9890625 0.07222222222222222 0.0109375
16 0.625 0.9703125 0.11666666666666667 0.0546875
14 0.625 0.9921875 0.11666666666666667 0.0125
16 0.375 0.9703125 0.09722222222222222 0.053125
14 0.375 0.990625 0.09722222222222222 0.0125
16 0.125 0.9703125 0.1111111111111111 0.0515625
14 0.125 0.990625 0.1111111111111111 0.0109375
6 0.125 0.959375 0.05277777777777778 0.0296875
6 0.375 0.9578125 0.058333333333333334 0.028125
6 0.625 0.9578125 0.058333333333333334 0.03125
6 0.8722222222222222 0.959375 0.05277777777777778 0.0296875
7 0.5 0.9015625 0.07777777777777778 0.04375
14 0.19166666666666668 0.8578125 0.2 0.0125
2 0.5 0.7203125 0.9666666666666667 0.19375
14 0.20555555555555555 0.6546875 0.22777777777777777 0.0125
14 0.5 0.7515625 0.4166666666666667 0.0203125
14 0.5 0.7875 0.41944444444444445 0.0171875
7 0.5 0.696875 0.125 0.0421875
6 0.9277777777777778 0.8546875 0.044444444444444446 0.021875
6 0.9277777777777778 0.6515625 0.044444444444444446 0.021875
6 0.9277777777777778 0.346875 0.044444444444444446 0.021875
14 0.37777777777777777 0.5546875 0.22777777777777777 0.0171875
14 0.33055555555555555 0.584375 0.12777777777777777 0.0140625
14 0.11666666666666667 0.5875 0.06666666666666667 0.0171875
14 0.125 0.5546875 0.08333333333333333 0.015625
14 0.5 0.484375 0.5833333333333334 0.0171875
14 0.19166666666666668 0.3515625 0.2 0.0125
14 0.5 0.45 0.4111111111111111 0.025
14 0.5388888888888889 0.39375 0.2861111111111111 0.0359375
2 0.5 0.2015625 0.9638888888888889 0.21875
14 0.20555555555555555 0.1140625 0.22777777777777777 0.0125
14 0.5 0.28125 0.38333333333333336 0.0171875
14 0.49722222222222223 0.2296875 0.7138888888888889 0.0578125
6 0.4 0.059375 0.041666666666666664 0.0234375
7 0.5 0.15625 0.125 0.0421875
6 0.9277777777777778 0.1109375 0.044444444444444446 0.021875
18 0.5 0.0109375 0.9972222222222222 0.0203125