5 0.5 0.284375 0.8555555555555555 0.0390625
5 0.5 0.1890625 0.8555555555555555 0.0390625
14 0.15833333333333333 0.2734375 0.16666666666666666 0.0171875
14 0.12222222222222222 0.178125 0.09166666666666666 0.0171875
14 0.8833333333333333 0.275 0.08333333333333333 0.015625
14 0.5 0.7828125 0.4305555555555556 0.015625
14 0.5 0.803125 0.6027777777777777 0.015625
6 0.03611111111111111 0.0671875 0.030555555555555555 0.028125
18 0.5 0.0109375 0.9972222222222222 0.021875
14 0.5 0.06875 0.08333333333333333 0.0125
14 0.5 0.478125 0.041666666666666664 0.0125
16 0.5 0.671875 0.8555555555555555 0.075
16 0.5 0.575 0.8555555555555555 0.0765625
15 0.5 0.390625 0.8555555555555555 0.0765625
14 0.5 0.3921875 0.2972222222222222 0.021875
14 0.5 0.5765625 0.375 0.0203125
14 0.5 0.675 0.33055555555555555 0.0203125
7 0.14444444444444443 0.671875 0.04722222222222222 0.0265625
6 0.14444444444444443 0.575 0.022222222222222223 0.0265625