1 0.5 0.9671875 1 0.065625
16 0.1 0.971875 0.17777777777777778 0.04375
16 0.3 0.9703125 0.1638888888888889 0.05
16 0.5 0.96875 0.05277777777777778 0.0515625
16 0.6972222222222222 0.9703125 0.07777777777777778 0.0484375
16 0.9 0.9703125 0.07222222222222222 0.046875
15 0.5 0.5734375 0.8833333333333333 0.0671875
14 0.5 0.5765625 0.325 0.0234375
14 0.5 0.4734375 0.8638888888888889 0.04375
14 0.49722222222222223 0.409375 0.775 0.0234375
14 0.1 0.9890625 0.17777777777777778 0.009375
14 0.3 0.990625 0.16666666666666666 0.0125
14 0.5 0.9890625 0.05 0.009375
14 0.6972222222222222 0.9890625 0.07777777777777778 0.009375
14 0.9 0.9890625 0.07222222222222222 0.0109375
6 0.9 0.959375 0.044444444444444446 0.0234375
6 0.6972222222222222 0.959375 0.05277777777777778 0.0265625
6 0.5 0.959375 0.05277777777777778 0.0296875
6 0.3 0.959375 0.04722222222222222 0.0265625
6 0.1 0.959375 0.04722222222222222 0.01875
17 0.5 0.0546875 1 0.0640625
7 0.5 0.0578125 0.075 0.0375
18 0.5 0.0109375 1 0.021875