5 0.5 0.0734375 0.8833333333333333 0.0640625
1 0.5 0.959375 1 0.0796875
16 0.5 0.9609375 0.06388888888888888 0.0515625
6 0.5 0.95 0.05 0.03125
7 0.7277777777777777 0.7109375 0.425 0.159375
7 0.2722222222222222 0.709375 0.425 0.159375
7 0.7277777777777777 0.390625 0.425 0.159375
7 0.2722222222222222 0.390625 0.425 0.159375
14 0.28055555555555556 0.071875 0.19166666666666668 0.015625
16 0.1 0.9609375 0.10277777777777777 0.0515625
14 0.1 0.98125 0.10277777777777777 0.009375
16 0.3 0.9609375 0.075 0.05
14 0.3 0.98125 0.075 0.009375
14 0.5 0.98125 0.06388888888888888 0.009375
16 0.7 0.9609375 0.07222222222222222 0.0515625
14 0.7 0.98125 0.07222222222222222 0.009375
16 0.9 0.959375 0.09166666666666666 0.053125
14 0.9 0.98125 0.09166666666666666 0.009375
6 0.9 0.9484375 0.05555555555555555 0.0328125
6 0.7 0.95 0.05277777777777778 0.0296875
6 0.3 0.95 0.058333333333333334 0.028125
6 0.1 0.95 0.05 0.03125
6 0.5777777777777777 0.9046875 0.12777777777777777 0.0125
14 0.6777777777777778 0.90625 0.044444444444444446 0.0109375
14 0.6305555555555555 0.88125 0.23055555555555557 0.01875
14 0.6777777777777778 0.8546875 0.32222222222222224 0.0171875
14 0.6527777777777778 0.83125 0.275 0.0171875
14 0.5916666666666667 0.80625 0.1527777777777778 0.009375
6 0.12222222222222222 0.9046875 0.12777777777777777 0.0125
14 0.21388888888888888 0.90625 0.027777777777777776 0.0109375
14 0.175 0.88125 0.22777777777777777 0.01875
14 0.16111111111111112 0.853125 0.20277777777777778 0.0140625
14 0.25555555555555554 0.83125 0.39444444444444443 0.0171875
14 0.1388888888888889 0.80625 0.15833333333333333 0.009375
6 0.44722222222222224 0.65 0.03888888888888889 0.01875
6 0.9027777777777778 0.65 0.03888888888888889 0.01875
6 0.5777777777777777 0.5859375 0.12777777777777777 0.0125
14 0.6777777777777778 0.5875 0.04722222222222222 0.0109375
14 0.6388888888888888 0.5625 0.24444444444444444 0.0203125
14 0.5972222222222222 0.534375 0.16111111111111112 0.0140625
14 0.6805555555555556 0.5109375 0.33055555555555555 0.0171875
14 0.5666666666666667 0.4875 0.10277777777777777 0.009375
6 0.12222222222222222 0.5859375 0.12777777777777777 0.0125
14 0.21388888888888888 0.5875 0.030555555555555555 0.0109375
14 0.175 0.5625 0.22777777777777777 0.0203125
14 0.18611111111111112 0.534375 0.25277777777777777 0.0140625
14 0.23055555555555557 0.509375 0.3416666666666667 0.0140625
14 0.16944444444444445 0.4875 0.21944444444444444 0.009375
6 0.44722222222222224 0.33125 0.03888888888888889 0.01875
6 0.9027777777777778 0.33125 0.03888888888888889 0.01875
14 0.49444444444444446 0.265625 0.8638888888888889 0.0203125
14 0.33055555555555555 0.225 0.5388888888888889 0.03125
15 0.38055555555555554 0.1546875 0.2111111111111111 0.0578125
15 0.1527777777777778 0.1546875 0.19444444444444445 0.0578125
6 0.12222222222222222 0.0734375 0.019444444444444445 0.021875
18 0.5 0.0109375 0.9972222222222222 0.0203125
14 0.1527777777777778 0.1546875 0.08611111111111111 0.0140625
14 0.38055555555555554 0.1546875 0.10555555555555556 0.0140625