18 0.5 0.0109375 0.9972222222222222 0.0203125
14 0.1638888888888889 0.096875 0.25277777777777777 0.0328125
11 0.5 0.1921875 1 0.0515625
14 0.12777777777777777 0.1921875 0.175 0.0203125
14 0.38333333333333336 0.190625 0.18888888888888888 0.015625
14 0.5027777777777778 0.5203125 0.2916666666666667 0.025
14 0.5 0.578125 0.7055555555555556 0.0484375
14 0.5 0.75625 0.39166666666666666 0.04375
6 0.5 0.409375 0.24166666666666667 0.1359375
15 0.5 0.65625 0.3138888888888889 0.059375
1 0.5 0.965625 1 0.0671875
6 0.1 0.9671875 0.044444444444444446 0.0265625
6 0.3 0.9671875 0.044444444444444446 0.025
6 0.5 0.9671875 0.03333333333333333 0.0265625
6 0.6972222222222222 0.9671875 0.05 0.025
6 0.8972222222222223 0.9671875 0.044444444444444446 0.025
14 0.5 0.659375 0.15555555555555556 0.0203125