11 0.3138888888888889 0.303125 0.5333333333333333 0.05625
15 0.5 0.6765625 0.9027777777777778 0.06875
14 0.9111111111111111 0.05625 0.07222222222222222 0.0203125
7 0.49166666666666664 0.11875 0.1527777777777778 0.1015625
14 0.5 0.2140625 0.4638888888888889 0.0390625
14 0.15833333333333333 0.3 0.18888888888888888 0.03125
14 0.46944444444444444 0.3015625 0.21666666666666667 0.03125
5 0.5 0.428125 0.9 0.0328125
14 0.18055555555555555 0.4203125 0.2611111111111111 0.0171875
5 0.5 0.5203125 0.9027777777777778 0.040625
6 0.9222222222222223 0.5125 0.05555555555555555 0.025
14 0.1388888888888889 0.5171875 0.17777777777777778 0.0171875
3 0.23055555555555557 0.5875 0.3638888888888889 0.0265625
14 0.2638888888888889 0.5875 0.29444444444444445 0.01875
14 0.5 0.7546875 0.31666666666666665 0.0203125
8 0.8638888888888889 0.946875 0.07222222222222222 0.040625
8 0.7416666666666667 0.9453125 0.06944444444444445 0.0390625
14 0.2222222222222222 0.946875 0.34444444444444444 0.0171875
18 0.5 0.0109375 0.9972222222222222 0.0203125
14 0.5 0.68125 0.16666666666666666 0.03125