5 0.5 0.478125 0.9222222222222223 0.0375
5 0.5 0.4046875 0.9222222222222223 0.0375
14 0.12777777777777777 0.4671875 0.17222222222222222 0.0171875
14 0.16944444444444445 0.3953125 0.25555555555555554 0.0171875
14 0.5 0.69375 0.6027777777777777 0.021875
14 0.45 0.61875 0.8194444444444444 0.03125
15 0.5 0.5640625 0.9222222222222223 0.0484375
14 0.5 0.296875 0.6833333333333333 0.01875
14 0.5 0.23125 0.575 0.0359375
6 0.05555555555555555 0.0578125 0.027777777777777776 0.0265625
18 0.5 0.0109375 0.9972222222222222 0.0203125
14 0.5 0.5640625 0.28055555555555556 0.015625