5 0.5 0.565625 0.9027777777777778 0.040625
5 0.5 0.4671875 0.9027777777777778 0.040625
5 0.5 0.3671875 0.9027777777777778 0.040625
5 0.5 0.24375 0.9027777777777778 0.040625
14 0.16111111111111112 0.5671875 0.18888888888888888 0.0171875
14 0.14444444444444443 0.4671875 0.15 0.0125
14 0.14444444444444443 0.36875 0.1527777777777778 0.0125
14 0.14166666666666666 0.2453125 0.14444444444444443 0.0125
17 0.5 0.0546875 1 0.0640625
6 0.075 0.05625 0.030555555555555555 0.0296875
15 0.5 0.9671875 0.8055555555555556 0.0484375
14 0.45555555555555555 0.6375 0.8083333333333333 0.040625
14 0.15555555555555556 0.5265625 0.20833333333333334 0.015625
14 0.1388888888888889 0.428125 0.175 0.0140625
14 0.1388888888888889 0.328125 0.17777777777777778 0.015625
14 0.18333333333333332 0.2859375 0.2638888888888889 0.015625
14 0.5 0.059375 0.3194444444444444 0.021875
14 0.29444444444444445 0.121875 0.4861111111111111 0.025
14 0.4388888888888889 0.1625 0.7805555555555556 0.0171875
14 0.1361111111111111 0.2046875 0.16666666666666666 0.0140625
18 0.5 0.0109375 0.9972222222222222 0.0203125
14 0.5 0.9671875 0.06944444444444445 0.0140625