18 0.5 0.0109375 0.9972222222222222 0.0203125
5 0.25833333333333336 0.240625 0.44722222222222224 0.059375
5 0.49166666666666664 0.6171875 0.9138888888888889 0.059375
5 0.725 0.2390625 0.44722222222222224 0.059375
5 0.49166666666666664 0.3421875 0.9138888888888889 0.059375
5 0.49166666666666664 0.4453125 0.9138888888888889 0.059375
14 0.36666666666666664 0.709375 0.5472222222222223 0.0140625
14 0.3 0.6890625 0.4166666666666667 0.0140625
14 0.21666666666666667 0.6171875 0.2833333333333333 0.0109375
17 0.5 0.0546875 1 0.065625
6 0.06666666666666667 0.05625 0.03611111111111111 0.0328125
14 0.5 0.053125 0.23055555555555557 0.025
14 0.5 0.1578125 0.9027777777777778 0.0265625
14 0.15 0.196875 0.15555555555555556 0.0125
14 0.6166666666666667 0.196875 0.1527777777777778 0.0125
14 0.6111111111111112 0.2390625 0.1388888888888889 0.0125
14 0.14722222222222223 0.2390625 0.14166666666666666 0.0109375
14 0.1111111111111111 0.3 0.075 0.0125
14 0.18888888888888888 0.34375 0.23055555555555557 0.0140625
14 0.11666666666666667 0.4015625 0.08611111111111111 0.0125
14 0.16666666666666666 0.4453125 0.18611111111111112 0.0109375
3 0.4666666666666667 0.525 0.8638888888888889 0.040625
14 0.5166666666666667 0.525 0.7694444444444445 0.040625
14 0.1388888888888889 0.575 0.13333333333333333 0.0125
14 0.8583333333333333 0.6171875 0.075 0.0125
14 0.2 0.6671875 0.21666666666666667 0.0125
3 0.4638888888888889 0.8375 0.8388888888888889 0.040625
14 0.5138888888888888 0.8375 0.7416666666666667 0.040625
15 0.5 0.965625 0.9972222222222222 0.0671875
14 0.5 0.96875 0.41944444444444445 0.025