18 0.5 0.0109375 0.9972222222222222 0.0203125
14 0.4361111111111111 0.0578125 0.075 0.0171875
14 0.16666666666666666 0.1578125 0.25277777777777777 0.0375
14 0.9 0.2421875 0.11388888888888889 0.015625
14 0.14166666666666666 0.24375 0.19722222222222222 0.0203125
14 0.24444444444444444 0.3234375 0.40555555555555556 0.0203125
14 0.16944444444444445 0.4046875 0.25555555555555554 0.0203125
14 0.1638888888888889 0.515625 0.24722222222222223 0.0359375
14 0.1388888888888889 0.603125 0.19444444444444445 0.0203125
14 0.2361111111111111 0.68125 0.39166666666666666 0.0203125
14 0.13333333333333333 0.7890625 0.18888888888888888 0.028125
14 0.1 0.878125 0.12222222222222222 0.015625
14 0.85 0.878125 0.21388888888888888 0.021875
6 0.95 0.4015625 0.019444444444444445 0.01875
1 0.5 0.9671875 1 0.065625
6 0.1 0.9671875 0.044444444444444446 0.0265625
6 0.3 0.9671875 0.044444444444444446 0.025
6 0.5 0.9671875 0.03611111111111111 0.0265625
6 0.6972222222222222 0.9671875 0.05277777777777778 0.0265625
6 0.8972222222222223 0.9671875 0.044444444444444446 0.0265625
6 0.95 0.6 0.019444444444444445 0.01875
6 0.95 0.678125 0.019444444444444445 0.01875
13 0.9083333333333333 0.3234375 0.07777777777777778 0.0234375