7 0.5 0.109375 0.9972222222222222 0.21875
15 0.36944444444444446 0.70625 0.25833333333333336 0.0234375
15 0.6416666666666667 0.70625 0.2361111111111111 0.0234375
15 0.5 0.95 0.9222222222222223 0.0765625
7 0.8388888888888889 0.8515625 0.3194444444444444 0.0984375
7 0.3333333333333333 0.8515625 0.5888888888888889 0.0984375
14 0.275 0.7625 0.46944444444444444 0.025
14 0.5 0.5140625 0.9138888888888889 0.209375
6 0.5 0.3796875 0.21388888888888888 0.01875
14 0.5027777777777778 0.3296875 0.42777777777777776 0.0390625
7 0.5 0.2203125 0.24166666666666667 0.134375
6 0.9277777777777778 0.05625 0.041666666666666664 0.00625
7 0.5 0.0578125 0.4 0.0265625
6 0.06944444444444445 0.0578125 0.04722222222222222 0.0265625
18 0.5 0.0109375 0.9972222222222222 0.0203125
14 0.36944444444444446 0.70625 0.2222222222222222 0.0109375
14 0.6416666666666667 0.70625 0.19444444444444445 0.0109375
14 0.5 0.95 0.3388888888888889 0.01875