5 0.5 0.1828125 0.95 0.0484375
14 0.22777777777777777 0.1828125 0.25833333333333336 0.0171875
6 0.06111111111111111 0.1828125 0.041666666666666664 0.0234375
1 0.5 0.9671875 1 0.065625
16 0.1 0.971875 0.06388888888888888 0.0515625
14 0.1 0.990625 0.058333333333333334 0.0125
16 0.3 0.96875 0.075 0.0515625
14 0.3 0.990625 0.075 0.009375
16 0.5 0.96875 0.08333333333333333 0.053125
14 0.5 0.990625 0.08333333333333333 0.009375
16 0.6972222222222222 0.9703125 0.10555555555555556 0.05
14 0.6972222222222222 0.990625 0.10555555555555556 0.009375
16 0.8972222222222223 0.96875 0.06666666666666667 0.0515625
14 0.8972222222222223 0.9890625 0.06666666666666667 0.0109375
6 0.9 0.9578125 0.030555555555555555 0.0296875
6 0.6972222222222222 0.959375 0.05 0.028125
6 0.5 0.9578125 0.058333333333333334 0.0328125
6 0.1 0.959375 0.06111111111111111 0.025
6 0.3 0.9578125 0.04722222222222222 0.028125
7 0.2222222222222222 0.09375 0.33611111111111114 0.0984375
8 0.8944444444444445 0.0859375 0.10833333333333334 0.0609375
16 0.725 0.0859375 0.18333333333333332 0.0484375
2 0.5 0.3546875 0.8305555555555556 0.24375
16 0.5 0.4390625 0.2638888888888889 0.0296875
14 0.5 0.375 0.5916666666666667 0.0640625
7 0.5 0.2890625 0.09166666666666666 0.06875
18 0.5 0.0109375 0.9972222222222222 0.0203125
14 0.48055555555555557 0.4390625 0.18055555555555555 0.0140625
6 0.5972222222222222 0.4390625 0.025 0.0109375
14 0.7416666666666667 0.0859375 0.07222222222222222 0.0171875
6 0.6833333333333333 0.0890625 0.019444444444444445 0.0109375
7 0.8972222222222223 0.084375 0.041666666666666664 0.0234375