10 0.5 0.5265625 1 0.946875
15 0.5 0.95 0.9222222222222223 0.0578125
14 0.4583333333333333 0.5890625 0.6305555555555555 0.046875
14 0.5111111111111111 0.5109375 0.7444444444444445 0.05
14 0.36944444444444446 0.44375 0.4527777777777778 0.0203125
6 0.07777777777777778 0.575 0.03888888888888889 0.021875
6 0.08055555555555556 0.4953125 0.03888888888888889 0.021875
6 0.08055555555555556 0.44375 0.03888888888888889 0.0234375
14 0.3972222222222222 0.39375 0.7194444444444444 0.0203125
14 0.48055555555555557 0.290625 0.8861111111111111 0.0796875
14 0.33055555555555555 0.16875 0.5555555555555556 0.040625
6 0.07777777777777778 0.0921875 0.03888888888888889 0.0203125
14 0.9055555555555556 0.0921875 0.09166666666666666 0.015625
18 0.5 0.0109375 0.9972222222222222 0.0203125
14 0.49722222222222223 0.95 0.37222222222222223 0.01875