7 0.5 0.2296875 0.9972222222222222 0.4578125
6 0.20555555555555555 0.5953125 0.06111111111111111 0.034375
14 0.5 0.8328125 0.6333333333333333 0.0140625
15 0.5 0.7609375 0.725 0.06875
15 0.5 0.6828125 0.725 0.0671875
14 0.5361111111111111 0.5953125 0.5722222222222222 0.021875
14 0.5 0.5453125 0.5833333333333334 0.0265625
12 0.5 0.48125 0.09444444444444444 0.009375
6 0.07777777777777778 0.0703125 0.044444444444444446 0.0234375
18 0.5 0.0109375 0.9972222222222222 0.0203125
14 0.5 0.684375 0.5138888888888888 0.0203125
14 0.5 0.7640625 0.45555555555555555 0.0234375