5 0.5 0.0609375 0.95 0.0546875
14 0.16111111111111112 0.0609375 0.11666666666666667 0.0171875
1 0.5 0.965625 1 0.0671875
16 0.1 0.971875 0.06666666666666667 0.0484375
14 0.1 0.990625 0.06666666666666667 0.009375
16 0.3 0.971875 0.10555555555555556 0.046875
14 0.3 0.9890625 0.10555555555555556 0.0109375
16 0.5 0.971875 0.1527777777777778 0.05
14 0.5 0.990625 0.1527777777777778 0.0125
16 0.6972222222222222 0.9703125 0.07777777777777778 0.05
14 0.6972222222222222 0.990625 0.07777777777777778 0.009375
16 0.9 0.9703125 0.09444444444444444 0.05
14 0.8972222222222223 0.990625 0.09444444444444444 0.009375
6 0.9 0.959375 0.04722222222222222 0.0265625
6 0.6972222222222222 0.959375 0.04722222222222222 0.0265625
6 0.5 0.959375 0.041666666666666664 0.0234375
6 0.3 0.959375 0.04722222222222222 0.0234375
6 0.1 0.959375 0.044444444444444446 0.0234375
9 0.5 0.2390625 1 0.2734375
6 0.9277777777777778 0.3484375 0.030555555555555555 0.0171875
6 0.9277777777777778 0.29375 0.030555555555555555 0.0171875
6 0.9277777777777778 0.2390625 0.030555555555555555 0.0171875
6 0.9277777777777778 0.184375 0.030555555555555555 0.0171875
6 0.9277777777777778 0.1296875 0.030555555555555555 0.0171875
14 0.18888888888888888 0.346875 0.13055555555555556 0.0171875
14 0.21944444444444444 0.29375 0.19722222222222222 0.0203125
14 0.15555555555555556 0.2375 0.06666666666666667 0.0171875
14 0.17222222222222222 0.184375 0.09722222222222222 0.0171875
14 0.17777777777777778 0.13125 0.1111111111111111 0.0203125
6 0.06388888888888888 0.346875 0.03611111111111111 0.0203125
6 0.06388888888888888 0.2921875 0.03611111111111111 0.0203125
6 0.06388888888888888 0.2375 0.03611111111111111 0.0203125
6 0.06388888888888888 0.184375 0.03611111111111111 0.0203125
6 0.06388888888888888 0.1296875 0.03611111111111111 0.0203125
6 0.06388888888888888 0.0625 0.03611111111111111 0.0203125
18 0.5 0.0109375 0.9972222222222222 0.0203125