11 0.5 0.1203125 1 0.0640625
14 0.25 0.1203125 0.1527777777777778 0.0203125
1 0.5 0.965625 1 0.0671875
16 0.1 0.96875 0.05555555555555555 0.0578125
14 0.1 0.990625 0.05555555555555555 0.0125
16 0.3 0.9703125 0.08611111111111111 0.05625
14 0.3 0.990625 0.08611111111111111 0.0125
16 0.5 0.9703125 0.10277777777777777 0.0546875
14 0.5 0.990625 0.10277777777777777 0.0125
16 0.7 0.9703125 0.12777777777777777 0.0515625
14 0.7 0.9890625 0.12777777777777777 0.0109375
16 0.9 0.975 0.07777777777777778 0.0390625
14 0.9 0.9890625 0.05277777777777778 0.009375
6 0.9 0.9609375 0.07777777777777778 0.0109375
6 0.6916666666666667 0.959375 0.08055555555555556 0.03125
6 0.5 0.9609375 0.06666666666666667 0.0375
6 0.3 0.9609375 0.06388888888888888 0.0390625
6 0.1 0.959375 0.05555555555555555 0.040625
9 0.5 0.6796875 1 0.5015625
14 0.3416666666666667 0.81875 0.26666666666666666 0.0203125
14 0.5194444444444445 0.8484375 0.6222222222222222 0.0203125
6 0.10277777777777777 0.83125 0.13055555555555556 0.0734375
6 0.10555555555555556 0.6703125 0.13055555555555556 0.0734375
6 0.10555555555555556 0.5109375 0.13055555555555556 0.0734375
14 0.32222222222222224 0.65625 0.2222222222222222 0.0171875
14 0.49444444444444446 0.6890625 0.575 0.0203125
14 0.36944444444444446 0.4984375 0.3194444444444444 0.0203125
14 0.5166666666666667 0.5296875 0.6138888888888889 0.0203125
15 0.5 0.34375 0.9222222222222223 0.0734375
14 0.49722222222222223 0.2625 0.8722222222222222 0.046875
14 0.5 0.20625 0.26666666666666666 0.0203125
14 0.75 0.1203125 0.21388888888888888 0.0203125
17 0.5 0.0546875 1 0.0625
6 0.9055555555555556 0.0578125 0.04722222222222222 0.0265625
6 0.7944444444444444 0.05625 0.04722222222222222 0.0265625
14 0.5 0.0546875 0.21388888888888888 0.0203125
18 0.5 0.0109375 0.9972222222222222 0.0203125
14 0.5 0.34375 0.35833333333333334 0.0171875