5 0.5 0.3015625 0.9527777777777777 0.0671875
5 0.5 0.2328125 0.9527777777777777 0.0671875
14 0.1388888888888889 0.303125 0.17222222222222222 0.0171875
14 0.18333333333333332 0.2359375 0.25555555555555554 0.0171875
14 0.9111111111111111 0.303125 0.08055555555555556 0.0109375
14 0.5 0.95625 0.7055555555555556 0.03125
15 0.5 0.8828125 0.6277777777777778 0.06875
14 0.5 0.128125 0.3861111111111111 0.0234375
6 0.06111111111111111 0.05625 0.022222222222222223 0.0234375
18 0.5 0.0109375 0.9972222222222222 0.0203125
14 0.49722222222222223 0.884375 0.3527777777777778 0.015625