7 0.5 0.6609375 0.2916666666666667 0.1734375
1 0.5 0.9671875 1 0.065625
16 0.9 0.9671875 0.10277777777777777 0.053125
6 0.9 0.95625 0.058333333333333334 0.03125
16 0.6972222222222222 0.9703125 0.09722222222222222 0.0546875
6 0.6972222222222222 0.9578125 0.05277777777777778 0.0296875
16 0.3 0.971875 0.08888888888888889 0.0515625
6 0.3 0.9578125 0.07222222222222222 0.0234375
16 0.1 0.96875 0.08888888888888889 0.05
6 0.1 0.9578125 0.03611111111111111 0.028125
14 0.3 0.9890625 0.08888888888888889 0.0140625
14 0.1 0.9875 0.08888888888888889 0.0125
14 0.9 0.9890625 0.10277777777777777 0.0109375
14 0.6972222222222222 0.9890625 0.09722222222222222 0.0140625
8 0.5 0.9640625 0.12777777777777777 0.0515625
16 0.5 0.5 0.6861111111111111 0.0671875
14 0.49722222222222223 0.409375 0.6833333333333333 0.0203125
14 0.5 0.3578125 0.42777777777777776 0.0203125
14 0.16111111111111112 0.1234375 0.21666666666666667 0.025
18 0.5 0.0109375 0.9972222222222222 0.021875
14 0.55 0.5 0.48055555555555557 0.0203125
6 0.2388888888888889 0.4984375 0.058333333333333334 0.0265625
6 0.5 0.9640625 0.06666666666666667 0.0375