16 0.8406779661016949 0.2625 0.19322033898305085 0.0375
18 0.5 0.028125 1 0.053125
17 0.5 0.09609375 1 0.0734375
6 0.08813559322033898 0.096875 0.05084745762711865 0.01875
14 0.20677966101694914 0.0953125 0.1016949152542373 0.03125
6 0.5864406779661017 0.09375 0.06440677966101695 0.0375
6 0.7084745762711865 0.0953125 0.07457627118644068 0.0359375
6 0.8067796610169492 0.096875 0.05084745762711865 0.0234375
8 0.9389830508474576 0.09375 0.10508474576271186 0.046875
5 0.5016949152542373 0.1921875 0.8949152542372881 0.0546875
6 0.7966101694915254 0.1921875 0.05084745762711865 0.0234375
6 0.8949152542372881 0.1921875 0.05084745762711865 0.0234375
14 0.17966101694915254 0.265625 0.25084745762711863 0.0140625
14 0.823728813559322 0.2625 0.08813559322033898 0.0171875
7 0.5016949152542373 0.4171875 0.8983050847457628 0.23125
14 0.488135593220339 0.578125 0.8745762711864407 0.0484375
14 0.488135593220339 0.6546875 0.8677966101694915 0.0765625
14 0.2033898305084746 0.721875 0.3016949152542373 0.0140625
7 0.5016949152542373 0.828125 0.8983050847457628 0.11875
1 0.5 0.9453125 1 0.109375
16 0.1152542372881356 0.9265625 0.04745762711864407 0.0453125
16 0.3593220338983051 0.925 0.04406779661016949 0.0453125
16 0.6203389830508474 0.925 0.11186440677966102 0.046875
16 0.8745762711864407 0.925 0.05084745762711865 0.046875
6 0.9050847457627119 0.2625 0.023728813559322035 0.00625
14 0.25084745762711863 0.190625 0.2847457627118644 0.0140625
6 0.1152542372881356 0.9125 0.023728813559322035 0.01875
6 0.3593220338983051 0.9125 0.04406779661016949 0.021875
6 0.6203389830508474 0.9125 0.04745762711864407 0.0234375
14 0.1152542372881356 0.9421875 0.04745762711864407 0.0109375
14 0.3593220338983051 0.9421875 0.023728813559322035 0.0109375
6 0.8745762711864407 0.9125 0.05084745762711865 0.0234375
14 0.8745762711864407 0.9421875 0.04745762711864407 0.0109375
14 0.6203389830508474 0.9421875 0.11186440677966102 0.0125