9 0.5 0.5640625 1 0.871875
14 0.9194444444444444 0.95 0.07777777777777778 0.0125
14 0.8777777777777778 0.925 0.16666666666666666 0.0125
14 0.9444444444444444 0.9 0.030555555555555555 0.0125
14 0.9222222222222223 0.74375 0.07777777777777778 0.0125
14 0.8777777777777778 0.71875 0.16666666666666666 0.0125
14 0.9444444444444444 0.69375 0.030555555555555555 0.0125
14 0.9194444444444444 0.5796875 0.07777777777777778 0.0125
14 0.8777777777777778 0.553125 0.1638888888888889 0.0125
14 0.9444444444444444 0.5296875 0.030555555555555555 0.0125
14 0.9222222222222223 0.4140625 0.07777777777777778 0.0125
14 0.8777777777777778 0.3890625 0.16666666666666666 0.0125
14 0.9444444444444444 0.365625 0.030555555555555555 0.0125
14 0.9111111111111111 0.25 0.09722222222222222 0.0125
14 0.8777777777777778 0.225 0.16666666666666666 0.0125
14 0.525 0.171875 0.5611111111111111 0.0171875
14 0.44722222222222224 0.69375 0.04722222222222222 0.0140625
14 0.44722222222222224 0.9015625 0.04722222222222222 0.0140625
14 0.475 0.059375 0.6194444444444445 0.01875
11 0.5 0.10625 1 0.0421875
14 0.11666666666666667 0.103125 0.08333333333333333 0.0125
14 0.36944444444444446 0.103125 0.14166666666666666 0.0140625
14 0.6277777777777778 0.103125 0.1638888888888889 0.0125
14 0.8833333333333333 0.103125 0.1388888888888889 0.0125
14 0.33055555555555555 0.3390625 0.17777777777777778 0.0203125
14 0.4888888888888889 0.503125 0.49444444444444446 0.021875
14 0.34444444444444444 0.6640625 0.2 0.0171875
14 0.5305555555555556 0.8703125 0.5722222222222222 0.0171875
14 0.4722222222222222 0.225 0.4638888888888889 0.0625
14 0.4722222222222222 0.390625 0.4638888888888889 0.0671875
14 0.45555555555555555 0.5546875 0.4305555555555556 0.065625
14 0.4222222222222222 0.7328125 0.35555555555555557 0.0421875
14 0.45555555555555555 0.9390625 0.4305555555555556 0.0421875
15 0.3611111111111111 0.778125 0.24166666666666667 0.0265625
15 0.6166666666666667 0.778125 0.24166666666666667 0.0265625
6 0.3277777777777778 0.9 0.16666666666666666 0.0171875
6 0.325 0.69375 0.16666666666666666 0.0171875
7 0.11666666666666667 0.209375 0.15 0.0875
7 0.11944444444444445 0.3734375 0.16944444444444445 0.0953125
7 0.11944444444444445 0.5375 0.16944444444444445 0.0953125
7 0.11944444444444445 0.703125 0.16944444444444445 0.0953125
7 0.11944444444444445 0.9078125 0.16666666666666666 0.075
6 0.8111111111111111 0.05625 0.030555555555555555 0.009375
6 0.9138888888888889 0.0546875 0.04722222222222222 0.034375
18 0.5 0.0109375 0.9972222222222222 0.0203125
14 0.3638888888888889 0.7765625 0.13055555555555556 0.0125
14 0.6166666666666667 0.7765625 0.1527777777777778 0.0125