15 0.5 0.8359375 0.7666666666666667 0.0640625
7 0.5 0.55 0.725 0.396875
14 0.5 0.234375 0.4305555555555556 0.0265625
14 0.5 0.05625 0.08055555555555556 0.0171875
1 0.5 0.9671875 1 0.065625
16 0.1 0.9703125 0.08333333333333333 0.0515625
14 0.1 0.990625 0.08333333333333333 0.0125
16 0.3 0.96875 0.07777777777777778 0.0515625
14 0.3 0.9890625 0.07777777777777778 0.009375
16 0.5 0.9703125 0.10277777777777777 0.0484375
14 0.5 0.9890625 0.10277777777777777 0.009375
16 0.6944444444444444 0.96875 0.06111111111111111 0.0515625
14 0.7 0.9890625 0.04722222222222222 0.009375
16 0.9 0.96875 0.044444444444444446 0.05
14 0.9 0.9890625 0.030555555555555555 0.009375
6 0.9 0.9578125 0.041666666666666664 0.028125
6 0.6944444444444444 0.959375 0.06111111111111111 0.034375
6 0.5 0.959375 0.06111111111111111 0.028125
6 0.2972222222222222 0.959375 0.05555555555555555 0.0328125
6 0.1 0.959375 0.04722222222222222 0.028125
18 0.5 0.0109375 0.9972222222222222 0.0203125
14 0.5 0.8375 0.2833333333333333 0.021875