5 0.5 0.5578125 0.8083333333333333 0.0765625
5 0.5 0.46875 0.8083333333333333 0.0765625
14 0.2222222222222222 0.5578125 0.14722222222222223 0.0140625
14 0.18888888888888888 0.46875 0.08055555555555556 0.0140625
16 0.5 0.9015625 0.8055555555555556 0.0875
14 0.7194444444444444 0.5609375 0.275 0.01875
15 0.5 0.64375 0.8027777777777778 0.065625
14 0.5 0.2390625 0.3472222222222222 0.021875
14 0.5 0.1796875 0.38333333333333336 0.0234375
6 0.09444444444444444 0.0703125 0.05555555555555555 0.021875
18 0.5 0.0109375 0.9972222222222222 0.0203125
14 0.5 0.6453125 0.09166666666666666 0.01875
14 0.5 0.9015625 0.39166666666666666 0.015625
6 0.1527777777777778 0.9015625 0.019444444444444445 0.01875