5 0.5 0.265625 0.8833333333333333 0.075
5 0.5 0.16875 0.8833333333333333 0.075
14 0.175 0.265625 0.15555555555555556 0.015625
14 0.21388888888888888 0.16875 0.23333333333333334 0.015625
14 0.5 0.05625 0.32222222222222224 0.01875
6 0.09722222222222222 0.05625 0.019444444444444445 0.0203125
14 0.19444444444444445 0.3453125 0.225 0.0140625
14 0.5 0.5359375 0.041666666666666664 0.0140625
15 0.5 0.70625 0.8833333333333333 0.075
15 0.5 0.6078125 0.8833333333333333 0.075
15 0.5 0.4625 0.8833333333333333 0.075
18 0.5 0.0109375 0.9972222222222222 0.0203125
14 0.49722222222222223 0.4625 0.13333333333333333 0.0140625
14 0.49722222222222223 0.609375 0.49444444444444446 0.0140625
14 0.49722222222222223 0.70625 0.4444444444444444 0.0140625