5 0.5 0.175 0.7777777777777778 0.0359375
5 0.5 0.253125 0.7777777777777778 0.0390625
5 0.5 0.328125 0.7777777777777778 0.0375
14 0.225 0.31875 0.17222222222222222 0.01875
14 0.26666666666666666 0.2421875 0.25277777777777777 0.0171875
14 0.19166666666666668 0.165625 0.10277777777777777 0.0171875
18 0.5 0.0109375 0.9972222222222222 0.0203125
14 0.5 0.0578125 0.14166666666666666 0.0234375
14 0.4 0.4171875 0.5277777777777778 0.0625
14 0.49722222222222223 0.6484375 0.775 0.0765625
6 0.044444444444444446 0.0578125 0.030555555555555555 0.0296875
15 0.5 0.534375 0.7861111111111111 0.0640625
13 0.8083333333333333 0.403125 0.12222222222222222 0.0421875
14 0.5 0.5359375 0.13333333333333333 0.0203125