9 0.5 0.31484375 1 0.3390625
5 0.49491525423728816 0.1234375 0.9525423728813559 0.0328125
14 0.2440677966101695 0.121875 0.3220338983050847 0.015625
18 0.5152542372881356 0.025 0.8677966101694915 0.0140625
14 0.2983050847457627 0.4484375 0.2 0.0171875
14 0.423728813559322 0.38125 0.4542372881355932 0.0171875
14 0.34915254237288135 0.3140625 0.30847457627118646 0.0171875
14 0.26440677966101694 0.2453125 0.13559322033898305 0.0125
14 0.26101694915254237 0.18125 0.12542372881355932 0.0171875
6 0.9491525423728814 0.4484375 0.020338983050847456 0.0171875
6 0.9491525423728814 0.38125 0.020338983050847456 0.0171875
6 0.9491525423728814 0.3140625 0.020338983050847456 0.0171875
6 0.9491525423728814 0.2484375 0.020338983050847456 0.015625
6 0.9491525423728814 0.18125 0.020338983050847456 0.015625
7 0.09830508474576272 0.4484375 0.11864406779661017 0.0546875
7 0.09830508474576272 0.38125 0.12203389830508475 0.0546875
7 0.09491525423728814 0.3140625 0.11864406779661017 0.0546875
7 0.09491525423728814 0.246875 0.11864406779661017 0.0546875
7 0.09830508474576272 0.18125 0.12203389830508475 0.0546875
6 0.05084745762711865 0.1234375 0.023728813559322035 0.0109375
7 0.5016949152542373 0.0734375 0.3050847457627119 0.0265625
1 0.5 0.9421875 1 0.06875
16 0.9016949152542373 0.940625 0.13559322033898305 0.0375
14 0.9016949152542373 0.9546875 0.13559322033898305 0.0109375
16 0.6983050847457627 0.9375 0.08813559322033898 0.0390625
14 0.6983050847457627 0.953125 0.08813559322033898 0.0078125
16 0.49830508474576274 0.9375 0.05423728813559322 0.0375
14 0.5016949152542373 0.953125 0.05084745762711865 0.0078125
16 0.3016949152542373 0.9390625 0.06440677966101695 0.040625
14 0.3016949152542373 0.9546875 0.0576271186440678 0.0109375
16 0.1016949152542373 0.9375 0.06779661016949153 0.0390625
14 0.1016949152542373 0.953125 0.06779661016949153 0.0078125
6 0.8983050847457628 0.9296875 0.04406779661016949 0.0140625
6 0.6983050847457627 0.9296875 0.04406779661016949 0.0203125
6 0.49830508474576274 0.9296875 0.05423728813559322 0.021875
6 0.3016949152542373 0.928125 0.06779661016949153 0.01875
6 0.09830508474576272 0.9296875 0.05084745762711865 0.021875