5 0.5 0.31875 0.8638888888888889 0.0546875
5 0.5 0.2453125 0.8638888888888889 0.0546875
14 0.21666666666666667 0.2453125 0.20833333333333334 0.0140625
14 0.18333333333333332 0.3171875 0.14166666666666666 0.0140625
14 0.5 0.659375 0.3277777777777778 0.0140625
14 0.49722222222222223 0.45 0.8555555555555555 0.015625
14 0.8166666666666667 0.3953125 0.22777777777777777 0.015625
16 0.5 0.59375 0.8638888888888889 0.0546875
15 0.5 0.525 0.8638888888888889 0.0546875
6 0.9222222222222223 0.0546875 0.03611111111111111 0.0203125
14 0.49722222222222223 0.1390625 0.5194444444444445 0.0609375
7 0.5 0.05 0.10277777777777777 0.0203125
14 0.5 0.5265625 0.08333333333333333 0.015625
14 0.5 0.59375 0.3055555555555556 0.015625
6 0.12222222222222222 0.59375 0.027777777777777776 0.0265625