14 0.5 0.05625 0.09166666666666666 0.015625
7 0.5 0.3546875 0.21388888888888888 0.1171875
14 0.5 0.4609375 0.28055555555555556 0.015625
14 0.5 0.5109375 0.5333333333333333 0.0421875
15 0.5 0.603125 0.7722222222222223 0.0671875
15 0.5 0.690625 0.7722222222222223 0.0671875
1 0.5 0.9671875 1 0.065625
6 0.1 0.965625 0.04722222222222222 0.0265625
6 0.3 0.965625 0.06944444444444445 0.0265625
6 0.49722222222222223 0.965625 0.04722222222222222 0.0265625
6 0.6972222222222222 0.965625 0.04722222222222222 0.025
6 0.9 0.965625 0.04722222222222222 0.0265625
18 0.5 0.0109375 0.9972222222222222 0.0203125
14 0.49166666666666664 0.6015625 0.14722222222222223 0.015625
14 0.49722222222222223 0.6921875 0.08055555555555556 0.0125