7 0.4861111111111111 0.7796875 0.925 0.371875
15 0.4888888888888889 0.9296875 0.9222222222222223 0.071875
14 0.4861111111111111 0.9296875 0.28055555555555556 0.01875
14 0.2722222222222222 0.5640625 0.4361111111111111 0.0234375
2 0.7222222222222222 0.3546875 0.4444444444444444 0.3375
6 0.6138888888888889 0.46875 0.19722222222222222 0.015625
14 0.8722222222222222 0.496875 0.09722222222222222 0.015625
14 0.8583333333333333 0.4703125 0.12777777777777777 0.0109375
14 0.6944444444444444 0.4375 0.3611111111111111 0.0171875
14 0.6861111111111111 0.4109375 0.34444444444444444 0.0171875
7 0.7194444444444444 0.2875 0.4444444444444444 0.203125
2 0.24444444444444444 0.3546875 0.4444444444444444 0.3375
14 0.3972222222222222 0.496875 0.09722222222222222 0.015625
14 0.38333333333333336 0.4703125 0.12777777777777777 0.0109375
6 0.1388888888888889 0.46875 0.19722222222222222 0.015625
14 0.2111111111111111 0.4375 0.34444444444444444 0.015625
14 0.23333333333333334 0.4109375 0.39166666666666666 0.015625
7 0.24444444444444444 0.2875 0.4444444444444444 0.203125
15 0.9027777777777778 0.1515625 0.14722222222222223 0.040625
14 0.40555555555555556 0.1515625 0.7055555555555556 0.0234375
17 0.5 0.05625 1 0.0671875
6 0.06111111111111111 0.05625 0.022222222222222223 0.0265625
14 0.5 0.059375 0.3 0.0234375
6 0.9055555555555556 0.0578125 0.044444444444444446 0.0234375
6 0.8 0.0578125 0.04722222222222222 0.0234375
18 0.5 0.0109375 0.9972222222222222 0.0203125
14 0.9 0.1515625 0.08888888888888889 0.0109375