5 0.5 0.1828125 0.8444444444444444 0.0484375
14 0.21388888888888888 0.184375 0.12777777777777777 0.0203125
14 0.5083333333333333 0.90625 0.2611111111111111 0.021875
14 0.5527777777777778 0.8 0.3527777777777778 0.021875
7 0.2111111111111111 0.896875 0.2638888888888889 0.071875
14 0.31666666666666665 0.7140625 0.4777777777777778 0.028125
14 0.8583333333333333 0.7140625 0.12222222222222222 0.0171875
14 0.46944444444444444 0.5734375 0.18333333333333332 0.021875
7 0.2111111111111111 0.5703125 0.2638888888888889 0.0828125
14 0.5444444444444444 0.4671875 0.33055555555555555 0.021875
7 0.2111111111111111 0.4640625 0.2638888888888889 0.0828125
14 0.5833333333333334 0.3609375 0.41388888888888886 0.0515625
14 0.8583333333333333 0.275 0.12222222222222222 0.0171875
7 0.2111111111111111 0.3578125 0.2638888888888889 0.0828125
14 0.28055555555555556 0.275 0.40555555555555556 0.028125
6 0.11666666666666667 0.1828125 0.03611111111111111 0.0203125
6 0.8833333333333333 0.1828125 0.027777777777777776 0.0234375
14 0.2111111111111111 0.1203125 0.2611111111111111 0.0328125
1 0.5 0.9671875 1 0.065625
16 0.16666666666666666 0.96875 0.13055555555555556 0.05
14 0.16666666666666666 0.9890625 0.13055555555555556 0.009375
16 0.5 0.9703125 0.08055555555555556 0.053125
14 0.5 0.990625 0.08055555555555556 0.0125
16 0.8333333333333334 0.96875 0.07777777777777778 0.0515625
14 0.8333333333333334 0.9890625 0.07777777777777778 0.009375
6 0.8305555555555556 0.959375 0.05555555555555555 0.03125
6 0.5 0.959375 0.06666666666666667 0.0296875
6 0.16666666666666666 0.959375 0.06666666666666667 0.028125
18 0.5 0.0109375 0.9972222222222222 0.0203125
7 0.2111111111111111 0.796875 0.26666666666666666 0.084375