18 0.5 0.0125 0.9972222222222222 0.0234375
5 0.5 0.2578125 0.95 0.0609375
5 0.5 0.63125 0.95 0.0609375
5 0.5 0.3328125 0.95 0.0609375
5 0.2611111111111111 0.40625 0.475 0.0609375
5 0.7388888888888889 0.40625 0.4722222222222222 0.0609375
5 0.5 0.55625 0.95 0.0609375
3 0.26666666666666666 0.48125 0.4027777777777778 0.0265625
3 0.7416666666666667 0.48125 0.4027777777777778 0.0265625
6 0.044444444444444446 0.0578125 0.030555555555555555 0.028125
14 0.5 0.0578125 0.16944444444444445 0.025
16 0.5 0.13125 0.95 0.0609375
14 0.5 0.1953125 0.03888888888888889 0.0125
14 0.1111111111111111 0.2578125 0.09166666666666666 0.0140625
14 0.1388888888888889 0.33125 0.14444444444444443 0.0140625
14 0.14444444444444443 0.40625 0.16111111111111112 0.0140625
14 0.5972222222222222 0.4828125 0.10833333333333334 0.0140625
14 0.1 0.4828125 0.06666666666666667 0.0140625
6 0.9361111111111111 0.55625 0.019444444444444445 0.0171875
14 0.12777777777777777 0.559375 0.12777777777777777 0.0171875
6 0.9361111111111111 0.63125 0.019444444444444445 0.0171875
14 0.16666666666666666 0.63125 0.20277777777777778 0.0140625
14 0.4638888888888889 0.9046875 0.8472222222222222 0.0171875
15 0.5 0.9546875 0.95 0.0609375
14 0.5 0.13125 0.44722222222222224 0.015625
14 0.49722222222222223 0.95625 0.12777777777777777 0.0140625
7 0.07777777777777778 0.13125 0.04722222222222222 0.0265625