7 0.5 0.390625 0.9972222222222222 0.6046875
5 0.5 0.415625 0.9166666666666666 0.0578125
14 0.36666666666666664 0.41875 0.5861111111111111 0.0203125
17 0.5 0.0546875 1 0.0625
14 0.5 0.05625 0.11944444444444445 0.01875
14 0.49722222222222223 0.2578125 0.5888888888888889 0.08125
14 0.5 0.334375 0.9111111111111111 0.0203125
14 0.49444444444444446 0.81875 0.9416666666666667 0.159375
6 0.06944444444444445 0.05625 0.041666666666666664 0.0234375
15 0.5 0.4890625 0.9166666666666666 0.059375
1 0.5 0.9703125 1 0.059375
6 0.35 0.96875 0.027777777777777776 0.025
6 0.6388888888888888 0.96875 0.044444444444444446 0.0296875
6 0.9277777777777778 0.96875 0.04722222222222222 0.0375
6 0.06944444444444445 0.96875 0.027777777777777776 0.025
18 0.5 0.0109375 0.9972222222222222 0.0203125
14 0.5 0.4890625 0.18888888888888888 0.015625