1 0.5 0.9671875 1 0.065625
7 0.5 0.646875 0.925 0.2765625
7 0.5 0.915625 0.925 0.034375
7 0.5 0.2203125 0.925 0.265625
17 0.5 0.05625 1 0.0625
16 0.1 0.9703125 0.08333333333333333 0.05
16 0.3 0.971875 0.05555555555555555 0.0515625
16 0.5 0.971875 0.11944444444444445 0.053125
16 0.7 0.9703125 0.05277777777777778 0.05
16 0.9 0.9703125 0.075 0.05
14 0.1 0.9890625 0.08333333333333333 0.0109375
14 0.3 0.990625 0.05555555555555555 0.0140625
14 0.5 0.990625 0.11944444444444445 0.0140625
14 0.7 0.9890625 0.05277777777777778 0.0109375
14 0.9 0.9890625 0.075 0.0109375
6 0.9 0.9578125 0.044444444444444446 0.025
6 0.7 0.9578125 0.044444444444444446 0.025
6 0.5 0.9578125 0.044444444444444446 0.025
6 0.3 0.9578125 0.044444444444444446 0.025
6 0.1 0.9578125 0.044444444444444446 0.025
6 0.9111111111111111 0.925 0.04722222222222222 0.0171875
16 0.6 0.8875 0.21388888888888888 0.0484375
16 0.39166666666666666 0.8875 0.2 0.0484375
14 0.3416666666666667 0.8421875 0.12222222222222222 0.015625
6 0.15 0.840625 0.22777777777777777 0.01875
14 0.2611111111111111 0.8140625 0.45 0.0265625
6 0.9111111111111111 0.1046875 0.04722222222222222 0.025
6 0.9111111111111111 0.5390625 0.04722222222222222 0.025
14 0.8472222222222222 0.753125 0.13333333333333333 0.01875
14 0.85 0.3203125 0.12777777777777777 0.01875
15 0.16111111111111112 0.4453125 0.25 0.0296875
14 0.33055555555555555 0.409375 0.1 0.015625
6 0.15 0.4078125 0.22777777777777777 0.01875
14 0.26666666666666666 0.38125 0.4583333333333333 0.0265625
6 0.05277777777777778 0.05625 0.041666666666666664 0.0203125
14 0.375 0.065625 0.4527777777777778 0.0125
14 0.26666666666666666 0.0453125 0.2361111111111111 0.0125
6 0.9305555555555556 0.0578125 0.025 0.0078125
18 0.5 0.0109375 0.9972222222222222 0.021875
14 0.16111111111111112 0.446875 0.19722222222222222 0.009375
6 0.3611111111111111 0.8890625 0.041666666666666664 0.01875
6 0.5361111111111111 0.8890625 0.03333333333333333 0.0203125
14 0.6138888888888889 0.8890625 0.08611111111111111 0.0125
14 0.43333333333333335 0.890625 0.058333333333333334 0.015625