7 0.5 0.784375 0.9972222222222222 0.2953125
7 0.5 0.48125 0.9972222222222222 0.2984375
7 0.5 0.20625 0.9972222222222222 0.240625
1 0.5 0.9671875 1 0.065625
6 0.9 0.965625 0.044444444444444446 0.028125
6 0.7 0.9671875 0.04722222222222222 0.0296875
6 0.5 0.9671875 0.05277777777777778 0.0265625
6 0.3 0.9671875 0.05277777777777778 0.0265625
6 0.1 0.9671875 0.04722222222222222 0.0265625
14 0.11388888888888889 0.7859375 0.10555555555555556 0.0203125
14 0.15 0.4859375 0.18333333333333332 0.025
14 0.12777777777777777 0.178125 0.1361111111111111 0.0203125
14 0.5 0.059375 0.09166666666666666 0.0203125
18 0.5 0.0109375 0.9972222222222222 0.0203125
6 0.925 0.05625 0.041666666666666664 0.0234375