9 0.5 0.421875 1 0.6671875
6 0.9472222222222222 0.7078125 0.016666666666666666 0.0125
6 0.9472222222222222 0.6125 0.016666666666666666 0.0125
6 0.9472222222222222 0.5171875 0.016666666666666666 0.0125
6 0.9472222222222222 0.421875 0.016666666666666666 0.0125
6 0.9472222222222222 0.3265625 0.016666666666666666 0.0125
6 0.9472222222222222 0.2328125 0.016666666666666666 0.0125
6 0.9472222222222222 0.1375 0.016666666666666666 0.0125
6 0.09166666666666666 0.1375 0.058333333333333334 0.0328125
6 0.09166666666666666 0.2328125 0.058333333333333334 0.0328125
6 0.09166666666666666 0.328125 0.058333333333333334 0.03125
6 0.09166666666666666 0.4234375 0.058333333333333334 0.0296875
6 0.09166666666666666 0.5171875 0.058333333333333334 0.0265625
6 0.09166666666666666 0.6125 0.058333333333333334 0.0265625
6 0.09166666666666666 0.7078125 0.058333333333333334 0.028125
14 0.1111111111111111 0.0609375 0.11944444444444445 0.0109375
18 0.5 0.0109375 0.9972222222222222 0.0203125
14 0.3416666666666667 0.709375 0.2916666666666667 0.015625
14 0.2638888888888889 0.6125 0.1388888888888889 0.0125
14 0.28055555555555556 0.51875 0.16944444444444445 0.0171875
14 0.2972222222222222 0.4234375 0.20277777777777778 0.015625
14 0.2611111111111111 0.328125 0.13055555555555556 0.015625
14 0.2916666666666667 0.234375 0.19444444444444445 0.015625
14 0.25277777777777777 0.1375 0.11388888888888889 0.0140625