1 0.5 0.9671875 1 0.065625
16 0.125 0.9671875 0.06944444444444445 0.0546875
16 0.375 0.96875 0.1 0.0515625
16 0.625 0.96875 0.10833333333333334 0.0515625
16 0.875 0.9671875 0.06666666666666667 0.053125
14 0.125 0.9890625 0.06944444444444445 0.0109375
14 0.375 0.9890625 0.1 0.009375
14 0.625 0.9890625 0.10555555555555556 0.0109375
14 0.875 0.9890625 0.06666666666666667 0.0109375
6 0.125 0.9578125 0.06388888888888888 0.0359375
6 0.375 0.9578125 0.05 0.0296875
6 0.625 0.9578125 0.058333333333333334 0.0296875
6 0.875 0.9578125 0.058333333333333334 0.0328125
14 0.49444444444444446 0.746875 0.9138888888888889 0.071875
14 0.18888888888888888 0.8140625 0.24722222222222223 0.0109375
7 0.5 0.434375 0.9222222222222223 0.51875
7 0.5 0.903125 0.9222222222222223 0.0578125
11 0.5 0.1421875 0.9194444444444444 0.0484375
14 0.26666666666666666 0.140625 0.31666666666666665 0.0125
14 0.7277777777777777 0.140625 0.3 0.0125
5 0.5 0.0578125 0.9416666666666667 0.046875
14 0.49722222222222223 0.05625 0.41944444444444445 0.0140625
6 0.07222222222222222 0.05625 0.027777777777777776 0.015625
18 0.5 0.0109375 0.9972222222222222 0.0203125