18 0.5 0.021875 1 0.04375
17 0.5 0.078125 1 0.06875
5 0.4440677966101695 0.071875 0.7966101694915254 0.0484375
6 0.7762711864406779 0.071875 0.04745762711864407 0.021875
6 0.9389830508474576 0.159375 0.013559322033898305 0.009375
14 0.9254237288135593 0.0734375 0.06440677966101695 0.0171875
14 0.14576271186440679 0.1578125 0.19661016949152543 0.01875
14 0.13898305084745763 0.20625 0.18305084745762712 0.01875
14 0.6169491525423729 0.20625 0.17966101694915254 0.0140625
14 0.13559322033898305 0.2453125 0.18305084745762712 0.015625
14 0.12203389830508475 0.2828125 0.14576271186440679 0.0140625
14 0.5830508474576271 0.2453125 0.1152542372881356 0.0171875
14 0.5830508474576271 0.2828125 0.1152542372881356 0.0140625
14 0.12203389830508475 0.321875 0.14576271186440679 0.0171875
14 0.6 0.321875 0.14576271186440679 0.0140625
14 0.17627118644067796 0.3609375 0.2576271186440678 0.015625
14 0.5830508474576271 0.3609375 0.1152542372881356 0.015625
14 0.29491525423728815 0.4328125 0.4847457627118644 0.01875
14 0.08813559322033898 0.48125 0.08135593220338982 0.0171875
14 0.6 0.48125 0.14915254237288136 0.0171875
14 0.15254237288135594 0.51875 0.21694915254237288 0.015625
14 0.6542372881355932 0.51875 0.2576271186440678 0.0171875
14 0.10508474576271186 0.5578125 0.1152542372881356 0.0125
14 0.6372881355932203 0.5578125 0.2271186440677966 0.0140625
14 0.15593220338983052 0.5953125 0.2135593220338983 0.0171875
14 0.5830508474576271 0.596875 0.1152542372881356 0.0140625
14 0.10508474576271186 0.634375 0.1152542372881356 0.015625
14 0.7220338983050848 0.634375 0.3898305084745763 0.0140625
6 0.9220338983050848 0.20625 0.020338983050847456 0.00625
6 0.46440677966101696 0.3609375 0.023728813559322035 0.0078125
7 0.09830508474576272 0.0734375 0.03728813559322034 0.0203125
14 0.3254237288135593 0.0734375 0.4067796610169492 0.01875
14 0.8508474576271187 0.159375 0.13220338983050847 0.0171875