11 0.5 0.1515625 0.8194444444444444 0.0625
15 0.8083333333333333 0.2109375 0.20277777777777778 0.0546875
15 0.6027777777777777 0.2109375 0.2 0.0546875
15 0.3972222222222222 0.2109375 0.2 0.0546875
15 0.19166666666666668 0.2109375 0.20277777777777778 0.0546875
2 0.5 0.578125 0.7388888888888889 0.2453125
15 0.6861111111111111 0.671875 0.36666666666666664 0.05625
15 0.3138888888888889 0.671875 0.36944444444444446 0.05625
18 0.5 0.034375 0.8194444444444444 0.0671875
17 0.5 0.0921875 0.8194444444444444 0.046875
6 0.1527777777777778 0.0875 0.022222222222222223 0.0265625
15 0.2638888888888889 0.0890625 0.11666666666666667 0.028125
14 0.2638888888888889 0.0890625 0.06666666666666667 0.0140625
14 0.5 0.0890625 0.19444444444444445 0.01875
6 0.8527777777777777 0.0890625 0.044444444444444446 0.0203125
14 0.29444444444444445 0.15 0.1 0.0171875
14 0.7055555555555556 0.1515625 0.1 0.015625
14 0.19166666666666668 0.209375 0.05 0.0171875
14 0.3972222222222222 0.209375 0.05 0.015625
14 0.6027777777777777 0.209375 0.04722222222222222 0.015625
14 0.8083333333333333 0.209375 0.05 0.0171875
14 0.16111111111111112 0.29375 0.058333333333333334 0.01875
8 0.85 0.2953125 0.03611111111111111 0.0203125
14 0.17777777777777778 0.3546875 0.08888888888888889 0.0140625
14 0.8472222222222222 0.3546875 0.03333333333333333 0.021875
14 0.16666666666666666 0.421875 0.06666666666666667 0.0125
14 0.2972222222222222 0.421875 0.1111111111111111 0.0125
16 0.7805555555555556 0.4265625 0.17777777777777778 0.0328125
14 0.7583333333333333 0.4265625 0.06666666666666667 0.0125
6 0.8222222222222222 0.4265625 0.027777777777777776 0.0140625
15 0.21944444444444444 0.490625 0.08333333333333333 0.0234375
14 0.21944444444444444 0.490625 0.05 0.0109375
6 0.7416666666666667 0.4875 0.030555555555555555 0.015625
6 0.8138888888888889 0.490625 0.008333333333333333 0.01875
14 0.325 0.515625 0.2972222222222222 0.0140625
14 0.3333333333333333 0.54375 0.3138888888888889 0.01875
14 0.30277777777777776 0.571875 0.25555555555555554 0.0171875
14 0.8055555555555556 0.6078125 0.03333333333333333 0.01875
14 0.31666666666666665 0.671875 0.05 0.0171875
14 0.6861111111111111 0.6734375 0.10555555555555556 0.01875
9 0.5 0.846875 0.8222222222222222 0.2265625
14 0.19444444444444445 0.7734375 0.12222222222222222 0.01875
14 0.19444444444444445 0.8484375 0.12222222222222222 0.01875
14 0.1638888888888889 0.921875 0.06111111111111111 0.0203125
8 0.85 0.7765625 0.03611111111111111 0.0203125
8 0.85 0.8515625 0.03611111111111111 0.0203125
8 0.85 0.925 0.03333333333333333 0.0203125
6 0.85 0.296875 0.016666666666666666 0.00625
6 0.85 0.7765625 0.016666666666666666 0.0046875
6 0.85 0.8515625 0.016666666666666666 0.00625
6 0.85 0.9265625 0.016666666666666666 0.0046875