18 0.5 0.025 1 0.05
17 0.5 0.07265625 1 0.0421875
6 0.0711864406779661 0.075 0.030508474576271188 0.0203125
14 0.37966101694915255 0.1421875 0.6406779661016949 0.0234375
14 0.08813559322033898 0.175 0.0576271186440678 0.0171875
14 0.23728813559322035 0.240625 0.3593220338983051 0.025
14 0.19661016949152543 0.35625 0.2711864406779661 0.034375
15 0.5 0.63359375 1 0.0640625
14 0.49830508474576274 0.6359375 0.0711864406779661 0.0203125
14 0.17966101694915254 0.7046875 0.030508474576271188 0.025
14 0.5050847457627119 0.703125 0.04067796610169491 0.028125
14 0.8203389830508474 0.703125 0.03728813559322034 0.0265625
14 0.17966101694915254 0.7765625 0.04067796610169491 0.0234375
14 0.5016949152542373 0.7765625 0.04067796610169491 0.0265625
14 0.823728813559322 0.7765625 0.03728813559322034 0.0265625
14 0.18305084745762712 0.8515625 0.03389830508474576 0.0234375
14 0.5050847457627119 0.8515625 0.03728813559322034 0.025
14 0.823728813559322 0.8515625 0.03728813559322034 0.025
14 0.17966101694915254 0.925 0.0847457627118644 0.025
14 0.49830508474576274 0.925 0.04406779661016949 0.025
6 0.823728813559322 0.925 0.05084745762711865 0.0203125