18 0.5 0.01796875 1 0.0359375
17 0.5 0.06953125 1 0.0671875
16 0.7084745762711865 0.071875 0.06779661016949153 0.046875
16 0.823728813559322 0.0671875 0.07457627118644068 0.0515625
16 0.9254237288135593 0.071875 0.05423728813559322 0.04375
7 0.26101694915254237 0.521875 0.43728813559322033 0.2
7 0.7423728813559322 0.521875 0.43389830508474575 0.196875
1 0.5 0.909375 1 0.0625
16 0.11186440677966102 0.9046875 0.06779661016949153 0.046875
16 0.3050847457627119 0.90625 0.0847457627118644 0.0421875
16 0.6949152542372882 0.90625 0.08135593220338982 0.04375
16 0.8915254237288136 0.9078125 0.09830508474576272 0.040625
15 0.5016949152542373 0.896875 0.1423728813559322 0.0609375
14 0.10847457627118644 0.921875 0.020338983050847456 0.0125
14 0.3050847457627119 0.921875 0.0847457627118644 0.0109375
14 0.49830508474576274 0.9 0.09491525423728814 0.0328125
14 0.6949152542372882 0.9234375 0.07796610169491526 0.0125
14 0.8915254237288136 0.921875 0.09491525423728814 0.0125
14 0.26101694915254237 0.6984375 0.43728813559322033 0.1015625
14 0.7389830508474576 0.7 0.43389830508474575 0.103125
14 0.05423728813559322 0.403125 0.01694915254237288 0.0140625
14 0.535593220338983 0.403125 0.02711864406779661 0.0171875
14 0.05423728813559322 0.8015625 0.023728813559322035 0.0140625
14 0.5322033898305085 0.8015625 0.02711864406779661 0.015625
14 0.1423728813559322 0.353125 0.2 0.021875
14 0.09491525423728814 0.1828125 0.13220338983050847 0.0140625
14 0.15254237288135594 0.234375 0.25084745762711863 0.0171875
14 0.6542372881355932 0.234375 0.2440677966101695 0.0171875
14 0.5966101694915255 0.1828125 0.1288135593220339 0.015625
14 0.5016949152542373 0.1296875 0.26440677966101694 0.01875
14 0.7084745762711865 0.0890625 0.0576271186440678 0.0109375
14 0.8203389830508474 0.0875 0.0711864406779661 0.0109375
14 0.9254237288135593 0.0875 0.03728813559322034 0.0109375
14 0.15932203389830507 0.06875 0.2 0.0375
6 0.7084745762711865 0.0609375 0.06779661016949153 0.025
6 0.823728813559322 0.0578125 0.07457627118644068 0.0328125
6 0.9254237288135593 0.0625 0.05423728813559322 0.0234375
6 0.06440677966101695 0.1296875 0.0711864406779661 0.0328125
6 0.6203389830508474 0.2859375 0.04067796610169491 0.009375
6 0.8440677966101695 0.3546875 0.05084745762711865 0.0203125
6 0.9254237288135593 0.3546875 0.04745762711864407 0.0203125
14 0.47796610169491527 0.2875 0.21694915254237288 0.0140625
6 0.11186440677966102 0.896875 0.06779661016949153 0.028125
6 0.30847457627118646 0.896875 0.05084745762711865 0.0234375
6 0.6949152542372882 0.8984375 0.05084745762711865 0.025
6 0.888135593220339 0.896875 0.06779661016949153 0.01875