18 0.5 0.01796875 1 0.0328125
17 0.5 0.07734375 1 0.0515625
16 0.14576271186440679 0.178125 0.14915254237288136 0.0609375
5 0.8067796610169492 0.26875 0.31186440677966104 0.040625
16 0.3864406779661017 0.178125 0.09152542372881356 0.059375
16 0.6203389830508474 0.1765625 0.09152542372881356 0.0625
16 0.8542372881355932 0.1765625 0.11186440677966102 0.0640625
16 0.19661016949152543 0.3296875 0.3050847457627119 0.0234375
16 0.12203389830508475 0.3875 0.1423728813559322 0.0265625
16 0.24067796610169492 0.44375 0.39661016949152544 0.0265625
16 0.15254237288135594 0.5015625 0.22372881355932203 0.0234375
16 0.11864406779661017 0.559375 0.15593220338983052 0.025
16 0.17966101694915254 0.615625 0.2711864406779661 0.021875
16 0.20677966101694914 0.675 0.3288135593220339 0.025
16 0.1694915254237288 0.7328125 0.25084745762711863 0.0234375
16 0.2271186440677966 0.790625 0.3525423728813559 0.021875
16 0.14576271186440679 0.8484375 0.19661016949152543 0.025
16 0.6338983050847458 0.8484375 0.25084745762711863 0.0234375
16 0.6169491525423729 0.7890625 0.21694915254237288 0.0234375
16 0.6847457627118644 0.7328125 0.3694915254237288 0.025
16 0.6203389830508474 0.675 0.24067796610169492 0.021875
16 0.6576271186440678 0.6171875 0.3016949152542373 0.021875
16 0.6576271186440678 0.328125 0.3016949152542373 0.025
16 0.6847457627118644 0.3859375 0.3593220338983051 0.0234375
16 0.6406779661016949 0.4453125 0.2711864406779661 0.021875
16 0.6237288135593221 0.503125 0.23728813559322035 0.0234375
16 0.6237288135593221 0.559375 0.23728813559322035 0.0203125
14 0.23728813559322035 0.9265625 0.38305084745762713 0.01875
14 0.18305084745762712 0.8484375 0.11186440677966102 0.01875
14 0.6711864406779661 0.8484375 0.17288135593220338 0.0203125
14 0.6542372881355932 0.790625 0.13220338983050847 0.0171875
14 0.2677966101694915 0.7890625 0.27796610169491526 0.01875
14 0.7254237288135593 0.7328125 0.27796610169491526 0.021875
14 0.21016949152542372 0.7328125 0.17288135593220338 0.01875
14 0.24745762711864408 0.675 0.24067796610169492 0.0203125
14 0.6644067796610169 0.675 0.15254237288135594 0.01875
14 0.6983050847457627 0.615625 0.22372881355932203 0.0171875
14 0.21694915254237288 0.6171875 0.18983050847457628 0.015625
14 0.15932203389830507 0.559375 0.0711864406779661 0.0203125
14 0.6644067796610169 0.559375 0.15593220338983052 0.01875
14 0.6610169491525424 0.503125 0.15593220338983052 0.0203125
14 0.19322033898305085 0.503125 0.13898305084745763 0.0203125
14 0.2847457627118644 0.44375 0.3016949152542373 0.01875
14 0.6779661016949152 0.4453125 0.19322033898305085 0.01875
14 0.7220338983050848 0.3875 0.28135593220338984 0.0203125
14 0.15932203389830507 0.3859375 0.06779661016949153 0.01875
14 0.23728813559322035 0.328125 0.22372881355932203 0.0171875
14 0.6949152542372882 0.328125 0.22372881355932203 0.01875
14 0.7728813559322034 0.26875 0.16271186440677965 0.015625
14 0.1152542372881356 0.26875 0.14576271186440679 0.0171875
14 0.14576271186440679 0.2 0.14915254237288136 0.0171875
14 0.38305084745762713 0.2 0.061016949152542375 0.0171875
14 0.6169491525423729 0.2 0.08813559322033898 0.015625
14 0.8576271186440678 0.2015625 0.11864406779661017 0.01875
14 0.18983050847457628 0.078125 0.28135593220338984 0.01875
6 0.3593220338983051 0.08125 0.020338983050847456 0.015625
6 0.5966101694915255 0.0796875 0.0711864406779661 0.0296875
6 0.7016949152542373 0.0796875 0.0576271186440678 0.0296875
6 0.8101694915254237 0.0796875 0.06440677966101695 0.03125
6 0.9288135593220339 0.0796875 0.05423728813559322 0.0265625
6 0.14915254237288136 0.1640625 0.061016949152542375 0.03125
6 0.38305084745762713 0.1625 0.09491525423728814 0.028125
6 0.6203389830508474 0.1640625 0.07796610169491526 0.0359375
6 0.8576271186440678 0.1609375 0.08813559322033898 0.03125
6 0.9220338983050848 0.26875 0.03728813559322034 0.01875
6 0.07457627118644068 0.3296875 0.05423728813559322 0.025
6 0.5322033898305085 0.3296875 0.04406779661016949 0.0234375
6 0.0711864406779661 0.3859375 0.04406779661016949 0.0265625
6 0.5322033898305085 0.3859375 0.05423728813559322 0.0234375
6 0.0711864406779661 0.44375 0.05423728813559322 0.025
6 0.535593220338983 0.446875 0.061016949152542375 0.021875
6 0.0711864406779661 0.5015625 0.061016949152542375 0.025
6 0.5322033898305085 0.503125 0.05423728813559322 0.021875
6 0.0711864406779661 0.559375 0.05084745762711865 0.025
6 0.5322033898305085 0.559375 0.04745762711864407 0.01875
6 0.0711864406779661 0.615625 0.05423728813559322 0.021875
6 0.5322033898305085 0.6171875 0.05084745762711865 0.0203125
6 0.07457627118644068 0.675 0.0576271186440678 0.021875
6 0.5322033898305085 0.675 0.061016949152542375 0.0203125
6 0.0711864406779661 0.7328125 0.05084745762711865 0.021875
6 0.5288135593220339 0.7328125 0.061016949152542375 0.0265625
6 0.07457627118644068 0.790625 0.05423728813559322 0.021875
6 0.5288135593220339 0.7890625 0.04406779661016949 0.021875
6 0.07457627118644068 0.8484375 0.05084745762711865 0.025
6 0.535593220338983 0.8484375 0.05423728813559322 0.0234375