11 0.5 0.2703125 1 0.059375
11 0.5 0.20859375 1 0.0609375
15 0.16271186440677965 0.13125 0.15254237288135594 0.040625
15 0.3220338983050847 0.1328125 0.12203389830508475 0.040625
15 0.49830508474576274 0.1328125 0.18305084745762712 0.040625
15 0.6779661016949152 0.13125 0.12203389830508475 0.040625
15 0.8542372881355932 0.13125 0.1864406779661017 0.040625
18 0.5 0.02265625 1 0.0453125
17 0.5 0.0734375 1 0.05625
6 0.6813559322033899 0.071875 0.0576271186440678 0.025
6 0.7966101694915254 0.071875 0.04406779661016949 0.025
6 0.9186440677966101 0.0703125 0.05423728813559322 0.028125
6 0.4406779661016949 0.6328125 0.05084745762711865 0.0203125
6 0.9389830508474576 0.6328125 0.05084745762711865 0.0203125
6 0.04745762711864407 0.7578125 0.023728813559322035 0.009375
6 0.17627118644067796 0.7578125 0.023728813559322035 0.0125
6 0.5491525423728814 0.7578125 0.023728813559322035 0.0109375
6 0.688135593220339 0.7578125 0.023728813559322035 0.0125
14 0.16271186440677965 0.13125 0.06440677966101695 0.015625
14 0.3220338983050847 0.13125 0.03389830508474576 0.01875
14 0.49830508474576274 0.13125 0.09152542372881356 0.0171875
14 0.6779661016949152 0.13125 0.030508474576271188 0.0171875
14 0.8542372881355932 0.13125 0.1016949152542373 0.015625
14 0.10508474576271186 0.20625 0.10508474576271186 0.0171875
14 0.2745762711864407 0.20625 0.1152542372881356 0.0171875
14 0.4406779661016949 0.20625 0.11186440677966102 0.015625
14 0.6372881355932203 0.20625 0.16610169491525423 0.0171875
14 0.8305084745762712 0.20625 0.1016949152542373 0.015625
14 0.08135593220338982 0.2703125 0.05084745762711865 0.015625
14 0.18305084745762712 0.2703125 0.05084745762711865 0.015625
14 0.29491525423728815 0.2703125 0.07457627118644068 0.015625
14 0.49491525423728816 0.2703125 0.2305084745762712 0.015625
14 0.7661016949152543 0.2703125 0.2033898305084746 0.01875
14 0.9389830508474576 0.26875 0.0576271186440678 0.0140625
15 0.13220338983050847 0.3390625 0.15254237288135594 0.0359375
15 0.29152542372881357 0.3390625 0.1288135593220339 0.034375
15 0.43389830508474575 0.3390625 0.12542372881355932 0.034375
15 0.5796610169491525 0.3390625 0.1288135593220339 0.0359375
14 0.13559322033898305 0.3390625 0.07457627118644068 0.0140625
14 0.29152542372881357 0.3390625 0.04745762711864407 0.015625
14 0.43389830508474575 0.3390625 0.05084745762711865 0.015625
14 0.5796610169491525 0.340625 0.05423728813559322 0.015625
14 0.06440677966101695 0.6359375 0.061016949152542375 0.0109375
14 0.23728813559322035 0.6640625 0.4067796610169492 0.0125
14 0.13898305084745763 0.690625 0.21016949152542372 0.0140625
14 0.06779661016949153 0.7234375 0.030508474576271188 0.0125
14 0.10508474576271186 0.75625 0.06779661016949153 0.009375
14 0.2542372881355932 0.7578125 0.09491525423728814 0.0109375
14 0.5966101694915255 0.6375 0.12203389830508475 0.0109375
14 0.7322033898305085 0.6640625 0.3898305084745763 0.0140625
14 0.6406779661016949 0.6921875 0.20677966101694914 0.0125
14 0.5898305084745763 0.725 0.0711864406779661 0.0125
14 0.6135593220338983 0.7578125 0.07796610169491526 0.009375
14 0.7728813559322034 0.75625 0.11186440677966102 0.009375
7 0.25084745762711863 0.49375 0.49830508474576274 0.2296875
14 0.03728813559322034 0.5921875 0.020338983050847456 0.015625
7 0.7508474576271187 0.49296875 0.49830508474576274 0.2296875
14 0.535593220338983 0.5921875 0.01694915254237288 0.0125
1 0.5 0.90234375 1 0.0703125
16 0.1016949152542373 0.903125 0.06440677966101695 0.0453125
16 0.2983050847457627 0.903125 0.1423728813559322 0.0453125
16 0.49830508474576274 0.903125 0.10508474576271186 0.0453125
16 0.7016949152542373 0.9046875 0.05423728813559322 0.0453125
16 0.9016949152542373 0.903125 0.04406779661016949 0.0453125
6 0.1016949152542373 0.8921875 0.04745762711864407 0.021875
6 0.3016949152542373 0.8921875 0.04745762711864407 0.0203125
6 0.49491525423728816 0.8921875 0.04067796610169491 0.0234375
6 0.7016949152542373 0.8921875 0.05423728813559322 0.01875
6 0.9016949152542373 0.890625 0.04406779661016949 0.021875
14 0.1016949152542373 0.9203125 0.061016949152542375 0.009375
14 0.2983050847457627 0.921875 0.1423728813559322 0.009375
14 0.5016949152542373 0.921875 0.10508474576271186 0.0078125
14 0.7016949152542373 0.921875 0.05423728813559322 0.009375
14 0.9016949152542373 0.9203125 0.03728813559322034 0.0109375
14 0.14576271186440679 0.0734375 0.1694915254237288 0.0234375
7 0.25084745762711863 0.8359375 0.49830508474576274 0.0609375
7 0.7508474576271187 0.83515625 0.49830508474576274 0.0609375