16 0.17966101694915254 0.0890625 0.24745762711864408 0.0453125
16 0.5694915254237288 0.09375 0.14576271186440679 0.021875
16 0.7661016949152543 0.0921875 0.12203389830508475 0.0203125
16 0.17966101694915254 0.3296875 0.2305084745762712 0.03125
16 0.6 0.3296875 0.1694915254237288 0.03125
16 0.19661016949152543 0.3921875 0.26440677966101694 0.028125
16 0.6847457627118644 0.39375 0.33559322033898303 0.0296875
16 0.2 0.459375 0.26440677966101694 0.028125
16 0.6440677966101694 0.4578125 0.26101694915254237 0.028125
16 0.24067796610169492 0.521875 0.3593220338983051 0.0296875
16 0.6610169491525424 0.521875 0.3016949152542373 0.028125
16 0.21694915254237288 0.5859375 0.3016949152542373 0.0265625
6 0.24745762711864408 0.090625 0.020338983050847456 0.015625
6 0.5084745762711864 0.0921875 0.03728813559322034 0.021875
6 0.7220338983050848 0.090625 0.04067796610169491 0.01875
6 0.911864406779661 0.0890625 0.06440677966101695 0.0296875
6 0.09830508474576272 0.3296875 0.061016949152542375 0.028125
6 0.5457627118644067 0.328125 0.061016949152542375 0.0296875
6 0.09491525423728814 0.3921875 0.06779661016949153 0.0328125
6 0.5457627118644067 0.3953125 0.06779661016949153 0.0296875
6 0.09830508474576272 0.4578125 0.0576271186440678 0.0296875
6 0.5423728813559322 0.4578125 0.06440677966101695 0.0265625
6 0.09830508474576272 0.521875 0.0711864406779661 0.0296875
6 0.5423728813559322 0.521875 0.05423728813559322 0.028125
6 0.09830508474576272 0.5859375 0.0576271186440678 0.025
14 0.1152542372881356 0.834375 0.10847457627118644 0.0140625
14 0.5932203389830508 0.834375 0.10508474576271186 0.015625
14 0.12203389830508475 0.6796875 0.1288135593220339 0.021875
7 0.26440677966101694 0.76875 0.4067796610169492 0.0921875
7 0.7423728813559322 0.76875 0.4067796610169492 0.0921875
14 0.2677966101694915 0.5859375 0.18983050847457628 0.01875
14 0.29491525423728815 0.521875 0.25084745762711863 0.0203125
14 0.25084745762711863 0.4578125 0.15932203389830507 0.01875
14 0.24745762711864408 0.39375 0.15932203389830507 0.0203125
14 0.7288135593220338 0.3953125 0.23728813559322035 0.0203125
14 0.6915254237288135 0.4578125 0.16271186440677965 0.01875
14 0.711864406779661 0.521875 0.19322033898305085 0.0203125
14 0.6508474576271186 0.3296875 0.06779661016949153 0.0234375
14 0.23389830508474577 0.3296875 0.1288135593220339 0.01875
14 0.13898305084745763 0.2609375 0.16271186440677965 0.0203125
14 0.16271186440677965 0.0890625 0.1016949152542373 0.0171875
14 0.11186440677966102 0.1515625 0.05423728813559322 0.015625
14 0.12203389830508475 0.1828125 0.0847457627118644 0.015625
14 0.3152542372881356 0.15 0.13220338983050847 0.01875
14 0.36610169491525424 0.1828125 0.2305084745762712 0.0171875
14 0.5864406779661017 0.1515625 0.05084745762711865 0.0140625
14 0.6 0.18125 0.07796610169491526 0.0125
14 0.7898305084745763 0.1515625 0.12542372881355932 0.0171875
14 0.7898305084745763 0.1828125 0.12542372881355932 0.0171875
14 0.5932203389830508 0.090625 0.09491525423728814 0.0171875
14 0.7898305084745763 0.090625 0.06440677966101695 0.015625