18 0.5 0.02890625 1 0.0578125
17 0.5 0.0953125 1 0.071875
14 0.4915254237288136 0.23125 0.8915254237288136 0.0703125
14 0.42033898305084744 0.3109375 0.735593220338983 0.0140625
14 0.14915254237288136 0.3453125 0.19322033898305085 0.0171875
6 0.08813559322033898 0.096875 0.06440677966101695 0.025
14 0.20677966101694914 0.096875 0.1016949152542373 0.0375
6 0.5864406779661017 0.09375 0.06440677966101695 0.0375
6 0.7084745762711865 0.0953125 0.07457627118644068 0.034375
6 0.8101694915254237 0.0953125 0.05084745762711865 0.0234375
8 0.9389830508474576 0.09375 0.10508474576271186 0.046875
14 0.26101694915254237 0.1453125 0.4101694915254237 0.015625
14 0.1288135593220339 0.3890625 0.15254237288135594 0.01875
7 0.5016949152542373 0.584375 0.9016949152542373 0.3015625
14 0.49830508474576274 0.8265625 0.8915254237288136 0.09375
1 0.5 0.93203125 1 0.0796875
16 0.1152542372881356 0.9265625 0.05084745762711865 0.0453125
16 0.3593220338983051 0.925 0.04406779661016949 0.046875
16 0.6203389830508474 0.925 0.1152542372881356 0.0484375
16 0.8745762711864407 0.925 0.05084745762711865 0.046875
6 0.1152542372881356 0.9140625 0.02711864406779661 0.01875
14 0.1152542372881356 0.9421875 0.05084745762711865 0.0125
6 0.3593220338983051 0.9125 0.04406779661016949 0.021875
14 0.3593220338983051 0.9421875 0.02711864406779661 0.0125
6 0.6169491525423729 0.9125 0.04745762711864407 0.0234375
14 0.6203389830508474 0.9421875 0.11186440677966102 0.0125
6 0.8745762711864407 0.9125 0.05084745762711865 0.0234375
14 0.8745762711864407 0.9421875 0.04745762711864407 0.0125