18 0.5016949152542373 0.0296875 0.9966101694915255 0.059375
17 0.5016949152542373 0.08125 0.9932203389830508 0.0390625
8 0.08135593220338982 0.0796875 0.13898305084745763 0.034375
14 0.46440677966101696 0.0796875 0.5627118644067797 0.0296875
6 0.7864406779661017 0.0796875 0.05423728813559322 0.0234375
6 0.8677966101694915 0.078125 0.0576271186440678 0.0265625
6 0.9457627118644067 0.078125 0.061016949152542375 0.0203125
14 0.13559322033898305 0.1203125 0.23389830508474577 0.0171875
14 0.5016949152542373 0.1859375 0.8847457627118644 0.0609375
14 0.39322033898305087 0.340625 0.7016949152542373 0.1359375
14 0.2542372881355932 0.5328125 0.43050847457627117 0.1359375
7 0.5016949152542373 0.7390625 0.9152542372881356 0.234375
14 0.49830508474576274 0.9015625 0.9186440677966101 0.0546875
6 0.8305084745762712 0.9328125 0.05084745762711865 0.01875
6 0.9525423728813559 0.93125 0.05084745762711865 0.025
6 0.08135593220338982 0.078125 0.0711864406779661 0.021875