2 0.5050847457627119 0.4984375 0.9016949152542373 0.084375
9 0.5084745762711864 0.7625 0.888135593220339 0.1265625
18 0.5 0.03046875 1 0.0609375
17 0.5 0.09296875 1 0.0578125
6 0.0711864406779661 0.0875 0.0576271186440678 0.021875
6 0.8305084745762712 0.0875 0.0576271186440678 0.0234375
6 0.9355932203389831 0.0875 0.05423728813559322 0.021875
14 0.5016949152542373 0.0890625 0.08135593220338982 0.025
14 0.3254237288135593 0.1875 0.5288135593220339 0.0640625
14 0.49830508474576274 0.25 0.8915254237288136 0.015625
2 0.5016949152542373 0.359375 0.8949152542372881 0.1484375
14 0.15932203389830507 0.31875 0.1423728813559322 0.0203125
14 0.2135593220338983 0.3609375 0.25084745762711863 0.0171875
14 0.13898305084745763 0.4015625 0.09830508474576272 0.0171875
14 0.8677966101694915 0.3171875 0.09491525423728814 0.015625
14 0.8813559322033898 0.403125 0.06779661016949153 0.01875
14 0.16271186440677965 0.5015625 0.13220338983050847 0.0171875
14 0.8305084745762712 0.4875 0.15254237288135594 0.015625
7 0.7186440677966102 0.4859375 0.03728813559322034 0.0171875
8 0.5016949152542373 0.5765625 0.0576271186440678 0.0265625
14 0.17627118644067796 0.659375 0.11864406779661017 0.0171875
14 0.16271186440677965 0.75 0.13559322033898305 0.0171875
14 0.17966101694915254 0.8078125 0.1694915254237288 0.0171875
14 0.8576271186440678 0.7359375 0.1016949152542373 0.015625
14 0.49830508474576274 0.8578125 0.10847457627118644 0.0125
6 0.5796610169491525 0.8578125 0.020338983050847456 0.0046875
15 0.26101694915254237 0.915625 0.4610169491525424 0.0609375
15 0.7457627118644068 0.9140625 0.46440677966101696 0.0625
14 0.2576271186440678 0.9140625 0.15593220338983052 0.0203125
14 0.7423728813559322 0.915625 0.2440677966101695 0.0203125