18 0.5 0.03125 0.9966216216216216 0.0625
17 0.5 0.1078125 0.9966216216216216 0.0890625
14 0.13513513513513514 0.1140625 0.13851351351351351 0.0234375
6 0.23986486486486486 0.1140625 0.013513513513513514 0.0125
15 0.8614864864864865 0.1140625 0.1554054054054054 0.0390625
14 0.8614864864864865 0.1140625 0.0777027027027027 0.0125
2 0.5 0.1828125 0.9054054054054054 0.053125
14 0.14189189189189189 0.18125 0.09121621621621621 0.0265625
14 0.47635135135135137 0.18125 0.527027027027027 0.0140625
6 0.8952702702702703 0.1828125 0.013513513513513514 0.0125
16 0.125 0.2734375 0.11148648648648649 0.0546875
16 0.375 0.2734375 0.125 0.0546875
16 0.625 0.2734375 0.11486486486486487 0.05625
16 0.8783783783783784 0.271875 0.0945945945945946 0.0546875
6 0.8851351351351351 0.259375 0.08108108108108109 0.028125
14 0.875 0.29375 0.08445945945945946 0.0125
6 0.6418918918918919 0.259375 0.08783783783783784 0.0265625
6 0.375 0.259375 0.057432432432432436 0.0265625
6 0.125 0.259375 0.07432432432432433 0.0296875
14 0.125 0.29375 0.11148648648648649 0.0140625
14 0.375 0.29375 0.125 0.0140625
14 0.625 0.29375 0.11486486486486487 0.0140625
9 0.5 0.621875 1 0.55625
14 0.18243243243243243 0.39375 0.23986486486486486 0.0203125
14 0.19932432432432431 0.4546875 0.2668918918918919 0.015625
14 0.22297297297297297 0.5171875 0.32094594594594594 0.015625
14 0.09121621621621621 0.60625 0.057432432432432436 0.0140625
14 0.16891891891891891 0.6640625 0.21621621621621623 0.0171875
14 0.16554054054054054 0.725 0.20270270270270271 0.0171875
14 0.08445945945945946 0.815625 0.04391891891891892 0.0109375
14 0.14864864864864866 0.871875 0.17567567567567569 0.0171875
6 0.9358108108108109 0.871875 0.013513513513513514 0.0125
6 0.9358108108108109 0.725 0.013513513513513514 0.0140625
6 0.9358108108108109 0.6640625 0.013513513513513514 0.0140625
6 0.9358108108108109 0.5171875 0.013513513513513514 0.015625
6 0.9358108108108109 0.4546875 0.016891891891891893 0.0125
6 0.9358108108108109 0.39375 0.013513513513513514 0.0125
1 0.5 0.9515625 1 0.096875
6 0.125 0.9296875 0.0472972972972973 0.021875
6 0.375 0.9296875 0.05067567567567568 0.0234375
6 0.625 0.9296875 0.04054054054054054 0.0265625
6 0.8817567567567568 0.9234375 0.0777027027027027 0.01875
14 0.3783783783783784 0.39375 0.07094594594594594 0.0078125