7 0.6813559322033899 0.3921875 0.6372881355932203 0.2296875
18 0.5 0.0296875 1 0.059375
17 0.5 0.0921875 1 0.0625
6 0.08135593220338982 0.0875 0.03728813559322034 0.028125
6 0.9288135593220339 0.0890625 0.0576271186440678 0.0265625
14 0.5016949152542373 0.0890625 0.11186440677966102 0.01875
11 0.5016949152542373 0.1578125 0.9966101694915255 0.065625
14 0.1016949152542373 0.153125 0.14915254237288136 0.01875
14 0.31864406779661014 0.1546875 0.17966101694915254 0.01875
14 0.5152542372881356 0.153125 0.09830508474576272 0.0171875
14 0.6508474576271186 0.153125 0.06440677966101695 0.0171875
14 0.7694915254237288 0.153125 0.06779661016949153 0.015625
14 0.8915254237288136 0.153125 0.06779661016949153 0.01875
14 0.31864406779661014 0.253125 0.46440677966101696 0.0515625
14 0.26101694915254237 0.3203125 0.34915254237288135 0.0578125
14 0.2271186440677966 0.4453125 0.27796610169491526 0.0609375
16 0.5050847457627119 0.5328125 0.8949152542372881 0.0515625
14 0.4542372881355932 0.53125 0.23728813559322035 0.0171875
6 0.6610169491525424 0.5296875 0.01694915254237288 0.0125
9 0.49830508474576274 0.76875 0.9898305084745763 0.3703125
14 0.19661016949152543 0.61875 0.2847457627118644 0.0203125
14 0.3389830508474576 0.6609375 0.5661016949152542 0.0359375
14 0.25084745762711863 0.7421875 0.39322033898305087 0.0234375
14 0.33559322033898303 0.784375 0.5627118644067797 0.0375
14 0.24745762711864408 0.865625 0.39661016949152544 0.01875
14 0.33559322033898303 0.9078125 0.5627118644067797 0.0375
14 0.8440677966101695 0.871875 0.2135593220338983 0.015625
14 0.8440677966101695 0.7578125 0.21694915254237288 0.0171875
14 0.8372881355932204 0.625 0.2271186440677966 0.0171875
14 0.8813559322033898 0.659375 0.1423728813559322 0.028125
14 0.8779661016949153 0.784375 0.14576271186440679 0.0140625
8 0.8915254237288136 0.9046875 0.12542372881355932 0.0578125