0 0.5 0.2296875 1 0.459375
18 0.5 0.0171875 1 0.034375
8 0.08135593220338982 0.0625 0.09830508474576272 0.0453125
8 0.8067796610169492 0.0625 0.09830508474576272 0.0421875
8 0.9186440677966101 0.0625 0.1016949152542373 0.04375
8 0.49830508474576274 0.2296875 0.15254237288135594 0.0703125
7 0.07457627118644068 0.41875 0.0576271186440678 0.0265625
15 0.49830508474576274 0.89375 0.9288135593220339 0.05625
14 0.5050847457627119 0.8953125 0.23389830508474577 0.0390625
16 0.8949152542372881 0.7921875 0.16610169491525423 0.0671875
14 0.43728813559322033 0.8375 0.6610169491525424 0.0171875
14 0.8949152542372881 0.815625 0.0576271186440678 0.0078125
14 0.8915254237288136 0.796875 0.07796610169491526 0.009375
14 0.3898305084745763 0.7703125 0.6203389830508474 0.015625
14 0.061016949152542375 0.7171875 0.05084745762711865 0.0171875
14 0.24745762711864408 0.71875 0.010169491525423728 0.0171875
14 0.10847457627118644 0.671875 0.15254237288135594 0.0171875
14 0.2271186440677966 0.6296875 0.3864406779661017 0.0203125
14 0.49830508474576274 0.5421875 0.9288135593220339 0.0390625
14 0.2271186440677966 0.484375 0.26440677966101694 0.0171875
14 0.9220338983050848 0.484375 0.0847457627118644 0.0125
14 0.1694915254237288 0.5890625 0.2677966101694915 0.0140625
14 0.46440677966101696 0.5890625 0.16610169491525423 0.0140625
7 0.3423728813559322 0.5890625 0.05084745762711865 0.0234375
6 0.5661016949152542 0.5890625 0.01694915254237288 0.0125
6 0.8745762711864407 0.590625 0.1864406779661017 0.015625
14 0.7491525423728813 0.5890625 0.03728813559322034 0.0109375
14 0.9254237288135593 0.434375 0.03389830508474576 0.0125
14 0.17966101694915254 0.4171875 0.12203389830508475 0.0140625
6 0.0576271186440678 0.484375 0.04067796610169491 0.0203125
6 0.3389830508474576 0.7171875 0.030508474576271188 0.0140625
6 0.15593220338983052 0.7171875 0.03728813559322034 0.00625
6 0.05084745762711865 0.76875 0.03389830508474576 0.0171875
6 0.061016949152542375 0.8359375 0.05423728813559322 0.01875
6 0.8915254237288136 0.78125 0.05084745762711865 0.0203125
6 0.9593220338983051 0.8359375 0.01694915254237288 0.0140625