2 0.5 0.3515625 0.8918918918918919 0.1515625
18 0.5 0.025 1 0.0484375
17 0.5 0.0828125 0.9966216216216216 0.065625
14 0.13513513513513514 0.0890625 0.16554054054054054 0.0203125
6 0.918918918918919 0.0875 0.04054054054054054 0.01875
14 0.3344594594594595 0.1890625 0.5574324324324325 0.0640625
14 0.16554054054054054 0.30625 0.14189189189189189 0.0171875
14 0.16554054054054054 0.340625 0.14527027027027026 0.0171875
14 0.14527027027027026 0.396875 0.10472972972972973 0.0171875
14 0.8277027027027027 0.30625 0.15878378378378377 0.015625
14 0.75 0.3515625 0.3108108108108108 0.040625
14 0.8547297297297297 0.396875 0.10810810810810811 0.0171875
9 0.5 0.6046875 0.8952702702702703 0.25625
14 0.14189189189189189 0.5046875 0.14864864864864866 0.0171875
14 0.75 0.5171875 0.36486486486486486 0.04375
14 0.12162162162162163 0.5890625 0.10810810810810811 0.0171875
14 0.19932432432432431 0.6453125 0.2635135135135135 0.0171875
14 0.18243243243243243 0.703125 0.22635135135135134 0.0171875
14 0.8986486486486487 0.5890625 0.06756756756756757 0.0171875
14 0.8783783783783784 0.6453125 0.10810810810810811 0.0171875
14 0.8783783783783784 0.703125 0.10810810810810811 0.0171875
14 0.46621621621621623 0.7515625 0.8243243243243243 0.015625
14 0.3783783783783784 0.81875 0.5574324324324325 0.0140625
15 0.22972972972972974 0.8921875 0.3581081081081081 0.0640625
15 0.6891891891891891 0.8921875 0.5202702702702703 0.0640625
14 0.22972972972972974 0.890625 0.0777027027027027 0.01875
14 0.6891891891891891 0.890625 0.08108108108108109 0.01875