18 0.5 0.0265625 1 0.053125
17 0.5 0.0796875 1 0.053125
6 0.07094594594594594 0.08125 0.057432432432432436 0.0234375
5 0.5 0.08125 0.7094594594594594 0.0375
6 0.21621621621621623 0.08125 0.037162162162162164 0.01875
14 0.527027027027027 0.08125 0.3783783783783784 0.015625
6 0.9324324324324325 0.0796875 0.05405405405405406 0.0171875
15 0.18243243243243243 0.1375 0.2533783783783784 0.0375
15 0.44594594594594594 0.1375 0.22297297297297297 0.0390625
15 0.6385135135135135 0.1375 0.11824324324324324 0.0390625
14 0.18243243243243243 0.1390625 0.19256756756756757 0.015625
14 0.44256756756756754 0.1375 0.16216216216216217 0.015625
14 0.6385135135135135 0.1390625 0.060810810810810814 0.015625
0 0.5 0.5265625 1 0.7203125
6 0.5777027027027027 0.4484375 0.057432432432432436 0.025
6 0.793918918918919 0.734375 0.05405405405405406 0.0234375
14 0.5743243243243243 0.484375 0.10135135135135136 0.015625
14 0.7905405405405406 0.771875 0.0777027027027027 0.015625
8 0.08783783783783784 0.45625 0.10135135135135136 0.0484375
8 0.08445945945945946 0.521875 0.09797297297297297 0.0484375
15 0.3952702702702703 0.528125 0.11148648648648649 0.0515625
15 0.5608108108108109 0.7921875 0.12837837837837837 0.0578125
15 0.033783783783783786 0.753125 0.06756756756756757 0.05
15 0.8277027027027027 0.7171875 0.10472972972972973 0.0515625
14 0.3952702702702703 0.528125 0.030405405405405407 0.015625
14 0.016891891891891893 0.7546875 0.02364864864864865 0.0171875
14 0.5608108108108109 0.79375 0.0472972972972973 0.0203125
14 0.8277027027027027 0.715625 0.02364864864864865 0.0171875
15 0.5 0.921875 0.902027027027027 0.05625
14 0.5 0.9203125 0.3885135135135135 0.01875
8 0.08445945945945946 0.5703125 0.10135135135135136 0.046875