14 0.7297297297297297 0.55625 0.4222972972972973 0.0453125
18 0.5 0.0296875 1 0.0578125
5 0.5 0.0875 0.7331081081081081 0.0421875
11 0.5 0.1453125 1 0.0484375
6 0.0777027027027027 0.0890625 0.030405405405405407 0.025
6 0.9256756756756757 0.0890625 0.0472972972972973 0.0078125
6 0.17567567567567569 0.0875 0.04054054054054054 0.021875
6 0.5540540540540541 0.196875 0.04054054054054054 0.0171875
6 0.36486486486486486 0.596875 0.033783783783783786 0.0171875
6 0.8445945945945946 0.5984375 0.033783783783783786 0.0140625
7 0.2533783783783784 0.35 0.46959459459459457 0.3453125
7 0.7466216216216216 0.3484375 0.47297297297297297 0.2171875
7 0.25675675675675674 0.8 0.47297297297297297 0.346875
7 0.7432432432432432 0.7984375 0.47297297297297297 0.3453125
14 0.11148648648648649 0.1421875 0.06418918918918919 0.0171875
14 0.2635135135135135 0.1421875 0.10135135135135136 0.0203125
14 0.4189189189189189 0.1421875 0.10135135135135136 0.0203125
14 0.5743243243243243 0.1421875 0.10135135135135136 0.0203125
14 0.7364864864864865 0.1421875 0.10135135135135136 0.01875
14 0.8851351351351351 0.1421875 0.06418918918918919 0.01875
14 0.9898648648648649 0.1421875 0.016891891891891893 0.015625
14 0.2668918918918919 0.0875 0.0945945945945946 0.01875
14 0.2533783783783784 0.553125 0.4391891891891892 0.0453125
14 0.6148648648648649 0.6 0.057432432432432436 0.01875
14 0.17905405405405406 0.5953125 0.15878378378378377 0.0140625
14 0.2533783783783784 0.6015625 0.013513513513513514 0.0015625
14 0.4358108108108108 0.596875 0.08445945945945946 0.0140625
14 0.918918918918919 0.5984375 0.0945945945945946 0.015625
14 0.6317567567567568 0.4984375 0.19256756756756757 0.0125
6 0.44256756756756754 0.5 0.05067567567567568 0.0234375
14 0.12837837837837837 0.9484375 0.15878378378378377 0.015625
14 0.625 0.95 0.16891891891891891 0.0125
14 0.2635135135135135 0.9 0.3716216216216216 0.0484375
7 0.060810810810810814 0.5953125 0.057432432432432436 0.028125
14 0.5472972972972973 0.596875 0.057432432432432436 0.028125
14 0.75 0.390625 0.44594594594594594 0.128125
14 0.2533783783783784 0.30625 0.13851351351351351 0.021875
6 0.8209459459459459 0.0890625 0.05067567567567568 0.0234375