15 0.15202702702702703 0.159375 0.23310810810810811 0.0765625
15 0.41216216216216217 0.159375 0.23986486486486486 0.075
15 0.6587837837837838 0.159375 0.20945945945945946 0.075
18 0.5 0.028125 1 0.0546875
17 0.5 0.0859375 1 0.0578125
2 0.5 0.38125 0.9324324324324325 0.221875
2 0.5 0.6671875 0.9358108108108109 0.3171875
2 0.5033783783783784 0.921875 0.9290540540540541 0.15625
16 0.40540540540540543 0.9328125 0.2533783783783784 0.05
12 0.20945945945945946 0.8109375 0.1891891891891892 0.015625
6 0.0472972972972973 0.0890625 0.02702702702702703 0.021875
15 0.8885135135135135 0.159375 0.2195945945945946 0.075
6 0.9256756756756757 0.0890625 0.04391891891891892 0.00625
6 0.5608108108108109 0.0765625 0.02027027027027027 0.0125
6 0.5912162162162162 0.1046875 0.04054054054054054 0.015625
6 0.668918918918919 0.1046875 0.02702702702702703 0.0171875
14 0.10472972972972973 0.1453125 0.060810810810810814 0.015625
14 0.14864864864864866 0.1734375 0.14864864864864866 0.0140625
14 0.36486486486486486 0.1453125 0.060810810810810814 0.015625
14 0.40878378378378377 0.175 0.1554054054054054 0.0140625
14 0.6283783783783784 0.1453125 0.06418918918918919 0.015625
14 0.6554054054054054 0.1734375 0.11824324324324324 0.0125
14 0.8614864864864865 0.1453125 0.060810810810810814 0.0171875
14 0.902027027027027 0.1734375 0.14527027027027026 0.0125
14 0.47297297297297297 0.078125 0.09797297297297297 0.015625
14 0.4189189189189189 0.1046875 0.2533783783783784 0.0125
14 0.6283783783783784 0.103125 0.010135135135135136 0.009375
14 0.7027027027027027 0.1046875 0.010135135135135136 0.009375
14 0.5 0.2359375 0.5135135135135135 0.0109375
14 0.6385135135135135 0.31875 0.4189189189189189 0.059375
15 0.831081081081081 0.446875 0.20608108108108109 0.05
14 0.831081081081081 0.446875 0.13513513513513514 0.015625
14 0.5337837837837838 0.4484375 0.20608108108108109 0.0140625
14 0.31756756756756754 0.4640625 0.06418918918918919 0.0140625
14 0.625 0.5921875 0.3918918918918919 0.1375
14 0.6858108108108109 0.7078125 0.5067567567567568 0.0125
14 0.6013513513513513 0.684375 0.11148648648648649 0.0125
14 0.5574324324324325 0.7375 0.16891891891891891 0.0140625
14 0.5574324324324325 0.7859375 0.2635135135135135 0.04375
15 0.831081081081081 0.7859375 0.20608108108108109 0.05
6 0.47297297297297297 0.684375 0.0945945945945946 0.0125
6 0.4391891891891892 0.7359375 0.02702702702702703 0.0109375
14 0.8277027027027027 0.7875 0.11486486486486487 0.015625
14 0.44256756756756754 0.9328125 0.11486486486486487 0.0140625
14 0.668918918918919 0.934375 0.05405405405405406 0.0140625
6 0.3310810810810811 0.934375 0.04391891891891892 0.0171875
6 0.5878378378378378 0.9328125 0.04391891891891892 0.015625
6 0.0945945945945946 0.8703125 0.060810810810810814 0.025
14 0.6621621621621622 0.865625 0.46621621621621623 0.01875
6 0.0945945945945946 0.5359375 0.060810810810810814 0.0234375
16 0.6283783783783784 0.9328125 0.1858108108108108 0.05