0 0.5 0.15 1 0.2984375
17 0.5 0.0859375 0.9966216216216216 0.0734375
16 0.8918918918918919 0.0890625 0.13513513513513514 0.0296875
16 0.6959459459459459 0.0875 0.13851351351351351 0.025
18 0.5 0.025 1 0.0484375
11 0.5 0.5921875 0.9966216216216216 0.0421875
9 0.5 0.8703125 0.9324324324324325 0.2578125
16 0.5 0.678125 0.9324324324324325 0.0734375
6 0.0472972972972973 0.0890625 0.02702702702702703 0.0265625
6 0.6554054054054054 0.0890625 0.060810810810810814 0.025
6 0.8412162162162162 0.0875 0.04054054054054054 0.028125
6 0.07094594594594594 0.540625 0.037162162162162164 0.0203125
6 0.10135135135135136 0.678125 0.060810810810810814 0.0265625
6 0.3108108108108108 0.7921875 0.030405405405405407 0.0125
6 0.3108108108108108 0.8875 0.02702702702702703 0.0125
6 0.3108108108108108 0.984375 0.02702702702702703 0.0125
14 0.17229729729729729 0.7765625 0.1891891891891892 0.015625
14 0.19594594594594594 0.8609375 0.14527027027027026 0.0140625
14 0.14189189189189189 0.95 0.10810810810810811 0.0140625
14 0.40878378378378377 0.9453125 0.22972972972972974 0.040625
14 0.8378378378378378 0.946875 0.20945945945945946 0.01875
14 0.8851351351351351 0.9703125 0.11486486486486487 0.0140625
14 0.4527027027027027 0.8484375 0.30067567567567566 0.040625
14 0.8378378378378378 0.85 0.21283783783783783 0.0171875
14 0.875 0.875 0.13851351351351351 0.0140625
14 0.41216216216216217 0.765625 0.22635135135135134 0.0140625
14 0.5236486486486487 0.7921875 0.3614864864864865 0.0140625
14 0.8378378378378378 0.7671875 0.20945945945945946 0.01875
14 0.8851351351351351 0.790625 0.11486486486486487 0.0140625
14 0.31756756756756754 0.6796875 0.30405405405405406 0.040625
14 0.19594594594594594 0.590625 0.11824324324324324 0.0125
14 0.5 0.590625 0.05067567567567568 0.0140625
14 0.8040540540540541 0.590625 0.11486486486486487 0.0140625
14 0.1858108108108108 0.5390625 0.13175675675675674 0.015625
14 0.3918918918918919 0.540625 0.22297297297297297 0.015625
14 0.46959459459459457 0.4078125 0.847972972972973 0.1484375
14 0.7364864864864865 0.0890625 0.06418918918918919 0.015625
14 0.9222972972972973 0.0890625 0.060810810810810814 0.015625
7 0.13851351351351351 0.965625 0.11148648648648649 0.009375
7 0.09797297297297297 0.859375 0.030405405405405407 0.015625
6 0.09797297297297297 0.5078125 0.10472972972972973 0.0140625
14 0.8851351351351351 0.2875 0.21283783783783783 0.0140625
14 0.42905405405405406 0.8875 0.16554054054054054 0.0109375