18 0.5 0.0375 1 0.075
17 0.5 0.1171875 1 0.0796875
16 0.4864864864864865 0.2578125 0.6351351351351351 0.0671875
1 0.5 0.95 1 0.0984375
16 0.09797297297297297 0.928125 0.06756756756756757 0.04375
16 0.30067567567567566 0.9265625 0.060810810810810814 0.0421875
16 0.5 0.9265625 0.06418918918918919 0.04375
16 0.6993243243243243 0.9265625 0.060810810810810814 0.04375
16 0.902027027027027 0.928125 0.06418918918918919 0.0453125
14 0.5 0.4796875 0.8918918918918919 0.2
7 0.5844594594594594 0.6375 0.0472972972972973 0.0234375
7 0.3108108108108108 0.35625 0.04054054054054054 0.0234375
7 0.24324324324324326 0.2578125 0.09797297297297297 0.0515625
7 0.9121621621621622 0.25625 0.0945945945945946 0.046875
7 0.9087837837837838 0.11875 0.0777027027027027 0.0359375
15 0.7905405405405406 0.190625 0.0945945945945946 0.0265625
15 0.8918918918918919 0.190625 0.09797297297297297 0.025
14 0.19256756756756757 0.11875 0.27364864864864863 0.03125
14 0.6148648648648649 0.11875 0.14189189189189189 0.015625
14 0.22635135135135134 0.1921875 0.34121621621621623 0.0234375
14 0.5236486486486487 0.246875 0.40540540540540543 0.015625
14 0.41216216216216217 0.2671875 0.1891891891891892 0.0140625
14 0.7905405405405406 0.1890625 0.07094594594594594 0.0125
14 0.8885135135135135 0.1890625 0.0472972972972973 0.0125
14 0.16216216216216217 0.3578125 0.21283783783783783 0.0171875
14 0.2972972972972973 0.621875 0.4864864864864865 0.046875
14 0.20270270270270271 0.7171875 0.2939189189189189 0.0234375
14 0.8986486486486487 0.7171875 0.08783783783783784 0.0140625
14 0.11824324324324324 0.78125 0.13851351351351351 0.0625
14 0.3108108108108108 0.7796875 0.15202702702702703 0.040625
14 0.375 0.8625 0.40540540540540543 0.0203125
14 0.09797297297297297 0.94375 0.06418918918918919 0.0125
14 0.2972972972972973 0.94375 0.0472972972972973 0.0109375
14 0.5 0.94375 0.060810810810810814 0.0109375
14 0.6993243243243243 0.94375 0.0472972972972973 0.0109375
14 0.902027027027027 0.94375 0.06418918918918919 0.0109375
6 0.10135135135135136 0.9203125 0.057432432432432436 0.025
6 0.30067567567567566 0.91875 0.060810810810810814 0.0265625
6 0.5 0.91875 0.060810810810810814 0.028125
6 0.6993243243243243 0.91875 0.057432432432432436 0.025
6 0.902027027027027 0.9203125 0.060810810810810814 0.025
6 0.6925675675675675 0.8609375 0.0472972972972973 0.0296875
6 0.8074324324324325 0.8609375 0.0472972972972973 0.025
6 0.9358108108108109 0.8625 0.060810810810810814 0.025
8 0.0945945945945946 0.25625 0.07432432432432433 0.0375
6 0.7871621621621622 0.1203125 0.05067567567567568 0.0265625