18 0.5 0.028125 1 0.05625
17 0.5 0.0921875 1 0.0703125
15 0.8952702702702703 0.0921875 0.14527027027027026 0.0421875
16 0.3108108108108108 0.1890625 0.27364864864864863 0.0390625
16 0.5878378378378378 0.1890625 0.23648648648648649 0.034375
14 0.21283783783783783 0.15 0.10135135135135136 0.0171875
14 0.4966216216216216 0.09375 0.24324324324324326 0.01875
14 0.8952702702702703 0.09375 0.07432432432432433 0.021875
14 0.3108108108108108 0.1890625 0.125 0.015625
14 0.5912162162162162 0.190625 0.08445945945945946 0.0140625
16 0.8412162162162162 0.1875 0.20945945945945946 0.0328125
14 0.8378378378378378 0.1890625 0.060810810810810814 0.0171875
14 0.2702702702702703 0.2484375 0.4797297297297297 0.0234375
10 0.5033783783783784 0.7796875 0.9898648648648649 0.4390625
7 0.08783783783783784 0.1640625 0.10135135135135136 0.05
6 0.07432432432432433 0.09375 0.04391891891891892 0.021875
6 0.21283783783783783 0.190625 0.037162162162162164 0.01875
6 0.40878378378378377 0.1890625 0.016891891891891893 0.00625
6 0.5135135135135135 0.1890625 0.02364864864864865 0.0109375
6 0.668918918918919 0.190625 0.016891891891891893 0.00625
6 0.777027027027027 0.1890625 0.033783783783783786 0.015625
6 0.902027027027027 0.1890625 0.02027027027027027 0.0078125
6 0.07094594594594594 0.6078125 0.06418918918918919 0.0296875
6 0.07432432432432433 0.6765625 0.060810810810810814 0.0328125
6 0.07432432432432433 0.7484375 0.06418918918918919 0.03125
6 0.07094594594594594 0.815625 0.0472972972972973 0.03125
6 0.07094594594594594 0.884375 0.07432432432432433 0.0234375
6 0.07432432432432433 0.95625 0.060810810810810814 0.021875
14 0.22972972972972974 0.9546875 0.16554054054054054 0.021875
14 0.24662162162162163 0.884375 0.20270270270270271 0.01875
14 0.20270270270270271 0.8171875 0.11148648648648649 0.01875
14 0.22972972972972974 0.746875 0.16216216216216217 0.0203125
14 0.22635135135135134 0.6765625 0.16216216216216217 0.0171875
14 0.25 0.60625 0.20945945945945946 0.0203125