18 0.5 0.0328125 1 0.0640625
17 0.5 0.0890625 1 0.05
16 0.5 0.171875 0.9155405405405406 0.0703125
2 0.5 0.434375 0.9054054054054054 0.284375
2 0.5 0.759375 0.9155405405405406 0.325
16 0.3108108108108108 0.903125 0.24324324324324326 0.046875
6 0.2635135135135135 0.903125 0.05067567567567568 0.025
6 0.5135135135135135 0.903125 0.05067567567567568 0.021875
6 0.6452702702702703 0.7953125 0.033783783783783786 0.0171875
6 0.07432432432432433 0.0875 0.030405405405405407 0.025
6 0.8006756756756757 0.0875 0.0472972972972973 0.03125
6 0.9256756756756757 0.0875 0.05067567567567568 0.025
6 0.8986486486486487 0.1734375 0.04391891891891892 0.0203125
6 0.6317567567567568 0.271875 0.033783783783783786 0.015625
6 0.43243243243243246 0.39375 0.04391891891891892 0.01875
6 0.4391891891891892 0.421875 0.06418918918918919 0.028125
6 0.44256756756756754 0.703125 0.06418918918918919 0.0296875
14 0.34459459459459457 0.903125 0.06756756756756757 0.01875
14 0.6554054054054054 0.903125 0.19932432432432431 0.01875
14 0.75 0.853125 0.34797297297297297 0.0328125
14 0.8445945945945946 0.8203125 0.16216216216216217 0.0171875
14 0.7905405405405406 0.79375 0.22297297297297297 0.0140625
14 0.6317567567567568 0.740625 0.23648648648648649 0.034375
14 0.4560810810810811 0.740625 0.0472972972972973 0.0109375
14 0.5777027027027027 0.703125 0.16554054054054054 0.015625
14 0.5709459459459459 0.6515625 0.31756756756756754 0.0625
14 0.7837837837837838 0.5453125 0.27364864864864863 0.0328125
14 0.7364864864864865 0.5109375 0.3716216216216216 0.03125
14 0.4527027027027027 0.459375 0.0472972972972973 0.0125
14 0.6351351351351351 0.459375 0.22972972972972974 0.034375
14 0.5101351351351351 0.39375 0.08108108108108109 0.0125
14 0.581081081081081 0.421875 0.16554054054054054 0.015625
14 0.6148648648648649 0.3421875 0.40540540540540543 0.0640625
14 0.5 0.246875 0.1891891891891892 0.0125
14 0.47297297297297297 0.26875 0.24324324324324326 0.0140625
14 0.42905405405405406 0.171875 0.6959459459459459 0.0421875
14 0.4391891891891892 0.090625 0.5574324324324325 0.021875
7 0.21283783783783783 0.4328125 0.32432432432432434 0.2859375
7 0.20945945945945946 0.7375 0.3310810810810811 0.28125
14 0.09797297297297297 0.5546875 0.04054054054054054 0.0109375
16 0.6216216216216216 0.903125 0.3783783783783784 0.046875