18 0.5 0.034375 1 0.06875
6 0.08108108108108109 0.103125 0.04054054054054054 0.0234375
6 0.9256756756756757 0.0984375 0.0777027027027027 0.0328125
6 0.9256756756756757 0.165625 0.057432432432432436 0.034375
6 0.9256756756756757 0.2453125 0.060810810810810814 0.03125
6 0.9222972972972973 0.3078125 0.06418918918918919 0.034375
6 0.9324324324324325 0.3734375 0.07432432432432433 0.0375
6 0.5 0.796875 0.2195945945945946 0.103125
16 0.19932432432432431 0.80625 0.11824324324324324 0.075
16 0.8040540540540541 0.80625 0.11148648648648649 0.0734375
16 0.5067567567567568 0.1046875 0.3108108108108108 0.05
14 0.5304054054054054 0.10625 0.18243243243243243 0.0203125
14 0.0777027027027027 0.703125 0.07432432432432433 0.015625
14 0.22635135135135134 0.703125 0.08108108108108109 0.0140625
14 0.36486486486486486 0.7046875 0.06418918918918919 0.015625
15 0.5 0.703125 0.11148648648648649 0.0328125
14 0.5 0.7015625 0.06418918918918919 0.0140625
14 0.6486486486486487 0.703125 0.0945945945945946 0.0140625
14 0.19594594594594594 0.8359375 0.11824324324324324 0.0140625
14 0.8040540540540541 0.8328125 0.08445945945945946 0.0140625
14 0.5 0.91875 0.10472972972972973 0.015625
14 0.7027027027027027 0.9203125 0.14189189189189189 0.015625
6 0.40202702702702703 0.10625 0.037162162162162164 0.01875