15 0.19594594594594594 0.784375 0.2195945945945946 0.04375
18 0.5 0.0296875 0.9966216216216216 0.059375
7 0.5 0.2140625 1 0.30625
6 0.060810810810810814 0.09375 0.030405405405405407 0.025
6 0.8243243243243243 0.09375 0.0472972972972973 0.0234375
6 0.9256756756756757 0.0953125 0.04054054054054054 0.025
14 0.8952702702702703 0.33125 0.08108108108108109 0.0203125
14 0.5 0.43125 0.3277027027027027 0.01875
14 0.5033783783783784 0.4671875 0.4391891891891892 0.03125
14 0.28378378378378377 0.5140625 0.125 0.0140625
14 0.40540540540540543 0.5140625 0.060810810810810814 0.0140625
14 0.6216216216216216 0.515625 0.3141891891891892 0.015625
14 0.5 0.54375 0.2195945945945946 0.015625
14 0.5 0.5734375 0.39864864864864863 0.015625
16 0.902027027027027 0.396875 0.11148648648648649 0.028125
14 0.9222972972972973 0.396875 0.02702702702702703 0.015625
6 0.8783783783783784 0.396875 0.033783783783783786 0.015625
14 0.14189189189189189 0.678125 0.20270270270270271 0.01875
14 0.27702702702702703 0.7078125 0.4594594594594595 0.0171875
14 0.19594594594594594 0.784375 0.15202702702702703 0.01875
14 0.4189189189189189 0.784375 0.1554054054054054 0.0203125
14 0.6216216216216216 0.784375 0.11486486486486487 0.01875
15 0.1554054054054054 0.90625 0.19932432432432431 0.0671875
15 0.6216216216216216 0.9046875 0.668918918918919 0.0625
14 0.1554054054054054 0.9046875 0.07432432432432433 0.0171875
14 0.6216216216216216 0.9046875 0.14864864864864866 0.0203125