9 0.5 0.596875 1 0.2625
18 0.5 0.0296875 0.9966216216216216 0.0578125
17 0.5 0.0890625 1 0.0578125
15 0.21283783783783783 0.0875 0.1554054054054054 0.0296875
14 0.20945945945945946 0.0859375 0.08783783783783784 0.0140625
14 0.5 0.0890625 0.08445945945945946 0.0203125
6 0.8344594594594594 0.0875 0.05067567567567568 0.021875
6 0.918918918918919 0.0875 0.04391891891891892 0.021875
6 0.5 0.1984375 0.12162162162162163 0.05625
14 0.5 0.2953125 0.6351351351351351 0.0625
14 0.3547297297297297 0.3703125 0.36824324324324326 0.0140625
16 0.3344594594594595 0.425 0.30405405405405406 0.034375
6 0.23310810810810811 0.425 0.033783783783783786 0.015625
14 0.3614864864864865 0.425 0.1891891891891892 0.0171875
15 0.6655405405405406 0.425 0.30743243243243246 0.034375
14 0.6655405405405406 0.425 0.18243243243243243 0.0171875
14 0.8614864864864865 0.4984375 0.14527027027027026 0.01875
14 0.777027027027027 0.5296875 0.31756756756756754 0.015625
14 0.8614864864864865 0.5640625 0.14864864864864866 0.01875
14 0.7668918918918919 0.59375 0.34121621621621623 0.0140625
14 0.902027027027027 0.628125 0.06756756756756757 0.0171875
14 0.8817567567567568 0.6625 0.10810810810810811 0.015625
14 0.8817567567567568 0.6953125 0.10472972972972973 0.0171875
14 0.13513513513513514 0.496875 0.13851351351351351 0.0171875
14 0.13513513513513514 0.5640625 0.14189189189189189 0.01875
14 0.11486486486486487 0.6265625 0.10135135135135136 0.0171875
14 0.19256756756756757 0.6625 0.2533783783783784 0.01875
14 0.1554054054054054 0.696875 0.18243243243243243 0.0171875
14 0.4797297297297297 0.753125 0.05067567567567568 0.015625
6 0.5371621621621622 0.753125 0.02702702702702703 0.00625
15 0.5 0.9046875 0.8851351351351351 0.0625
14 0.5 0.9046875 0.08108108108108109 0.0234375