18 0.5 0.03125 1 0.0625
17 0.5 0.090625 1 0.05
6 0.09121621621621621 0.0875 0.04054054054054054 0.0171875
6 0.9054054054054054 0.0875 0.05405405405405406 0.025
14 0.7533783783783784 0.0890625 0.11486486486486487 0.0171875
14 0.44256756756756754 0.0890625 0.08108108108108109 0.0125
14 0.2668918918918919 0.0890625 0.18243243243243243 0.021875
14 0.28716216216216217 0.1375 0.42905405405405406 0.0125
5 0.5033783783783784 0.2046875 0.875 0.05625
14 0.27702702702702703 0.20625 0.32094594594594594 0.01875
6 0.8614864864864865 0.2046875 0.0472972972972973 0.025
16 0.16554054054054054 0.2890625 0.12162162162162163 0.0546875
16 0.3885135135135135 0.2890625 0.1554054054054054 0.053125
16 0.6114864864864865 0.2875 0.13513513513513514 0.0515625
16 0.8344594594594594 0.2890625 0.10135135135135136 0.0515625
6 0.8378378378378378 0.275 0.04054054054054054 0.0203125
6 0.6114864864864865 0.2734375 0.0472972972972973 0.021875
6 0.38513513513513514 0.2734375 0.04054054054054054 0.0203125
6 0.16216216216216217 0.2734375 0.0472972972972973 0.0234375
2 0.27702702702702703 0.3703125 0.42567567567567566 0.0609375
2 0.27702702702702703 0.4375 0.4222972972972973 0.059375
2 0.28040540540540543 0.503125 0.42567567567567566 0.0609375
2 0.7195945945945946 0.3703125 0.42905405405405406 0.0625
2 0.7195945945945946 0.4375 0.42567567567567566 0.059375
2 0.7195945945945946 0.503125 0.42905405405405406 0.0578125
14 0.16554054054054054 0.3078125 0.12162162162162163 0.01875
14 0.3885135135135135 0.30625 0.1554054054054054 0.0203125
14 0.6114864864864865 0.30625 0.13513513513513514 0.0171875
14 0.8344594594594594 0.30625 0.09797297297297297 0.0171875
14 0.17229729729729729 0.3703125 0.13851351351351351 0.015625
14 0.17229729729729729 0.4359375 0.13513513513513514 0.0171875
14 0.25675675675675674 0.503125 0.30067567567567566 0.0203125
14 0.6925675675675675 0.503125 0.2939189189189189 0.0171875
14 0.597972972972973 0.4359375 0.10135135135135136 0.01875
14 0.6148648648648649 0.3703125 0.14189189189189189 0.0171875
6 0.44594594594594594 0.3703125 0.030405405405405407 0.0171875
6 0.44594594594594594 0.4375 0.030405405405405407 0.015625
6 0.44594594594594594 0.503125 0.030405405405405407 0.0140625
6 0.8885135135135135 0.503125 0.030405405405405407 0.015625
6 0.8885135135135135 0.4359375 0.030405405405405407 0.015625
6 0.8885135135135135 0.3703125 0.033783783783783786 0.015625
9 0.20270270270270271 0.7890625 0.40202702702702703 0.421875
14 0.14527027027027026 0.596875 0.14864864864864866 0.01875
14 0.13851351351351351 0.653125 0.13851351351351351 0.0171875
14 0.13513513513513514 0.709375 0.13513513513513514 0.0171875
14 0.13851351351351351 0.7671875 0.13513513513513514 0.015625
14 0.13851351351351351 0.825 0.13851351351351351 0.0171875
14 0.12162162162162163 0.8828125 0.10135135135135136 0.015625
14 0.10135135135135136 0.9375 0.07094594594594594 0.0171875
9 0.6993243243243243 0.7875 0.597972972972973 0.4234375
14 0.5912162162162162 0.9515625 0.27702702702702703 0.01875
14 0.5202702702702703 0.9 0.13513513513513514 0.0171875
14 0.5236486486486487 0.8484375 0.13513513513513514 0.0171875
14 0.5202702702702703 0.796875 0.13851351351351351 0.0171875
14 0.5912162162162162 0.7453125 0.28040540540540543 0.015625
14 0.5405405405405406 0.6953125 0.17229729729729729 0.0171875
14 0.5202702702702703 0.6421875 0.13851351351351351 0.015625
14 0.5236486486486487 0.5921875 0.14189189189189189 0.0171875
6 0.9087837837837838 0.9015625 0.02702702702702703 0.0078125
6 0.36486486486486486 0.5953125 0.02027027027027027 0.0140625