18 0.5 0.0296875 1 0.059375
11 0.5 0.0953125 1 0.06875
2 0.5033783783783784 0.259375 0.8918918918918919 0.2296875
11 0.28040540540540543 0.4296875 0.543918918918919 0.05
16 0.1891891891891892 0.6265625 0.2702702702702703 0.1796875
16 0.4831081081081081 0.6265625 0.27364864864864863 0.18125
16 0.7736486486486487 0.6265625 0.2668918918918919 0.1828125
1 0.5 0.9453125 1 0.1078125
16 0.10135135135135136 0.925 0.05405405405405406 0.05
16 0.30067567567567566 0.925 0.06418918918918919 0.04375
16 0.5033783783783784 0.9265625 0.057432432432432436 0.0453125
16 0.6993243243243243 0.9265625 0.06418918918918919 0.046875
16 0.902027027027027 0.9265625 0.08445945945945946 0.0453125
14 0.10135135135135136 0.94375 0.02027027027027027 0.0109375
14 0.30067567567567566 0.94375 0.06418918918918919 0.009375
14 0.5 0.94375 0.04391891891891892 0.0109375
14 0.6993243243243243 0.94375 0.06418918918918919 0.0109375
14 0.902027027027027 0.94375 0.08445945945945946 0.009375
14 0.2668918918918919 0.8546875 0.4222972972972973 0.0171875
14 0.12837837837837837 0.6859375 0.14527027027027026 0.01875
14 0.09797297297297297 0.709375 0.08445945945945946 0.0109375
14 0.47635135135135137 0.684375 0.2533783783783784 0.01875
14 0.43243243243243246 0.709375 0.16891891891891891 0.0125
14 0.7195945945945946 0.6859375 0.15202702702702703 0.0171875
14 0.668918918918919 0.709375 0.0472972972972973 0.0125
14 0.14864864864864866 0.5 0.18243243243243243 0.0234375
14 0.5743243243243243 0.4984375 0.05405405405405406 0.0171875
14 0.6790540540540541 0.4984375 0.060810810810810814 0.015625
14 0.7804054054054054 0.496875 0.05405405405405406 0.015625
14 0.902027027027027 0.5 0.08445945945945946 0.0171875
14 0.09797297297297297 0.4234375 0.0945945945945946 0.025
14 0.27364864864864863 0.4234375 0.09121621621621621 0.025
14 0.4358108108108108 0.4234375 0.06418918918918919 0.021875
14 0.28378378378378377 0.18125 0.3783783783783784 0.0140625
14 0.32094594594594594 0.2234375 0.4527027027027027 0.05
15 0.14189189189189189 0.09375 0.17905405405405406 0.040625
15 0.7736486486486487 0.0953125 0.10135135135135136 0.0265625
14 0.7736486486486487 0.096875 0.060810810810810814 0.0109375
14 0.9054054054054054 0.096875 0.0945945945945946 0.01875
7 0.777027027027027 0.29375 0.27702702702702703 0.109375
7 0.1891891891891892 0.6 0.2635135135135135 0.1234375
7 0.4831081081081081 0.5984375 0.27364864864864863 0.125
7 0.7736486486486487 0.596875 0.2702702702702703 0.125
6 0.10135135135135136 0.915625 0.05405405405405406 0.028125
6 0.30067567567567566 0.915625 0.060810810810810814 0.025
6 0.5033783783783784 0.915625 0.060810810810810814 0.0265625
6 0.7027027027027027 0.9140625 0.057432432432432436 0.0234375
6 0.902027027027027 0.915625 0.060810810810810814 0.021875
6 0.6114864864864865 0.85625 0.04054054054054054 0.01875
6 0.7195945945945946 0.85625 0.05067567567567568 0.0296875
6 0.8277027027027027 0.85625 0.04054054054054054 0.0203125
6 0.9358108108108109 0.85625 0.0472972972972973 0.01875
6 0.28040540540540543 0.6421875 0.037162162162162164 0.0171875
6 0.5743243243243243 0.6421875 0.037162162162162164 0.021875
6 0.8648648648648649 0.640625 0.04054054054054054 0.021875
6 0.28040540540540543 0.5 0.02364864864864865 0.01875
6 0.8344594594594594 0.3328125 0.033783783783783786 0.0171875