1 0.5033783783783784 0.95 0.9932432432432432 0.1
18 0.5 0.03125 1 0.0609375
17 0.5 0.090625 1 0.0609375
5 0.5608108108108109 0.0890625 0.793918918918919 0.04375
7 0.08445945945945946 0.159375 0.10472972972972973 0.046875
7 0.3783783783783784 0.3296875 0.4358108108108108 0.2703125
7 0.8074324324324325 0.3296875 0.38513513513513514 0.2703125
7 0.08108108108108109 0.5359375 0.0777027027027027 0.021875
7 0.08445945945945946 0.6125 0.10135135135135136 0.046875
7 0.1891891891891892 0.684375 0.0472972972972973 0.0171875
7 0.1891891891891892 0.7109375 0.05067567567567568 0.01875
7 0.3918918918918919 0.815625 0.46621621621621623 0.1625
7 0.8243243243243243 0.815625 0.35135135135135137 0.1625
6 0.10135135135135136 0.928125 0.06418918918918919 0.028125
6 0.30067567567567566 0.9265625 0.06418918918918919 0.03125
6 0.5 0.928125 0.060810810810810814 0.028125
6 0.7027027027027027 0.928125 0.06418918918918919 0.028125
6 0.8986486486486487 0.9296875 0.05405405405405406 0.0296875
6 0.1858108108108108 0.4953125 0.05067567567567568 0.021875
6 0.28378378378378377 0.4953125 0.0472972972972973 0.0234375
6 0.38175675675675674 0.4953125 0.04054054054054054 0.025
6 0.47635135135135137 0.4953125 0.0472972972972973 0.021875
14 0.28378378378378377 0.1453125 0.24324324324324326 0.0171875
14 0.8445945945945946 0.14375 0.0777027027027027 0.015625
14 0.3277027027027027 0.171875 0.32432432432432434 0.015625
14 0.32094594594594594 0.534375 0.32432432432432434 0.0171875
14 0.4527027027027027 0.6265625 0.5777027027027027 0.0171875
14 0.2533783783783784 0.6 0.1858108108108108 0.01875
14 0.8581081081081081 0.596875 0.0472972972972973 0.0171875
14 0.35135135135135137 0.684375 0.24324324324324326 0.0203125
14 0.3547297297297297 0.684375 0.2533783783783784 0.0203125
14 0.2939189189189189 0.7125 0.13513513513513514 0.0171875
6 0.9391891891891891 0.14375 0.04391891891891892 0.009375
6 0.9391891891891891 0.5984375 0.037162162162162164 0.009375
6 0.08108108108108109 0.0890625 0.02702702702702703 0.01875
6 0.20608108108108109 0.0890625 0.037162162162162164 0.0171875
14 0.30405405405405406 0.0890625 0.11148648648648649 0.0171875