17 0.5 0.01875 1 0.0375
16 0.5 0.0671875 1 0.05625
6 0.5 0.39609375 1 0.4609375
7 0.08813559322033898 0.896875 0.11186440677966102 0.05
15 0.3728813559322034 0.896875 0.3898305084745763 0.0625
14 0.7830508474576271 0.896875 0.3898305084745763 0.0609375
13 0.4067796610169492 0.896875 0.16271186440677965 0.0171875
13 0.33220338983050846 0.8640625 0.25084745762711863 0.0125
13 0.7830508474576271 0.896875 0.16271186440677965 0.0171875
13 0.3288135593220339 0.8328125 0.5661016949152542 0.0203125
13 0.3288135593220339 0.7921875 0.21016949152542372 0.0140625
13 0.18305084745762712 0.7640625 0.27796610169491526 0.015625
13 0.31186440677966104 0.7125 0.5322033898305085 0.05
13 0.7627118644067796 0.7234375 0.20677966101694914 0.03125
13 0.13559322033898305 0.665625 0.17627118644067796 0.0125
13 0.42033898305084744 0.665625 0.19322033898305085 0.0140625
13 0.8847457627118644 0.59375 0.05423728813559322 0.0125
13 0.43050847457627117 0.1203125 0.5559322033898305 0.015625
13 0.3525423728813559 0.14375 0.04745762711864407 0.0125
6 0.0711864406779661 0.13125 0.10508474576271186 0.046875
5 0.06440677966101695 0.065625 0.02711864406779661 0.025
5 0.6677966101694915 0.065625 0.06779661016949153 0.0296875
5 0.8 0.065625 0.0576271186440678 0.028125
5 0.9322033898305084 0.0640625 0.06440677966101695 0.0296875
5 0.9288135593220339 0.13125 0.01694915254237288 0.0140625
5 0.23389830508474577 0.1453125 0.16271186440677965 0.0125
5 0.9254237288135593 0.6609375 0.05084745762711865 0.0234375
5 0.9423728813559322 0.7125 0.02711864406779661 0.0109375
5 0.1288135593220339 0.7921875 0.16271186440677965 0.0125
5 0.5389830508474577 0.665625 0.010169491525423728 0.0078125
5 0.29491525423728815 0.665625 0.03728813559322034 0.0140625
13 0.7559322033898305 0.1203125 0.03389830508474576 0.009375
5 0.28135593220338984 0.896875 0.04406779661016949 0.0203125
5 0.08813559322033898 0.8984375 0.0576271186440678 0.021875