17 0.5 0.01640625 1 0.0328125
16 0.5 0.06171875 1 0.0546875
6 0.46779661016949153 0.6203125 0.8542372881355932 0.39375
11 0.5016949152542373 0.84375 0.6372881355932203 0.0078125
1 0.5 0.89609375 1 0.0828125
15 0.09830508474576272 0.896875 0.06440677966101695 0.0515625
15 0.3016949152542373 0.8984375 0.09830508474576272 0.0484375
15 0.7016949152542373 0.896875 0.12203389830508475 0.05
15 0.9016949152542373 0.89375 0.12542372881355932 0.0578125
14 0.5016949152542373 0.896875 0.1423728813559322 0.065625
13 0.1016949152542373 0.915625 0.023728813559322035 0.0125
13 0.3016949152542373 0.915625 0.09830508474576272 0.0109375
13 0.5016949152542373 0.896875 0.0576271186440678 0.025
13 0.7016949152542373 0.915625 0.12203389830508475 0.0125
13 0.9016949152542373 0.915625 0.12542372881355932 0.0125
13 0.3525423728813559 0.771875 0.535593220338983 0.0546875
13 0.1423728813559322 0.3875 0.2 0.0203125
13 0.10847457627118644 0.2109375 0.12542372881355932 0.015625
13 0.10847457627118644 0.2625 0.12542372881355932 0.0140625
13 0.12203389830508475 0.3140625 0.15593220338983052 0.015625
13 0.6067796610169491 0.2109375 0.12542372881355932 0.015625
13 0.6101694915254238 0.2625 0.12542372881355932 0.015625
13 0.6677966101694915 0.3140625 0.2440677966101695 0.015625
13 0.10508474576271186 0.1609375 0.12542372881355932 0.015625
13 0.15932203389830507 0.1140625 0.2271186440677966 0.015625
13 0.2135593220338983 0.0640625 0.15593220338983052 0.01875
5 0.06440677966101695 0.0640625 0.03389830508474576 0.025
5 0.8135593220338984 0.0625 0.061016949152542375 0.028125
5 0.9152542372881356 0.0625 0.0576271186440678 0.0296875
5 0.9423728813559322 0.1140625 0.03389830508474576 0.015625
5 0.09830508474576272 0.884375 0.061016949152542375 0.0265625
5 0.2983050847457627 0.884375 0.05423728813559322 0.021875
5 0.7016949152542373 0.8859375 0.0576271186440678 0.0265625
5 0.9016949152542373 0.884375 0.09152542372881356 0.040625