9 0.5 0.7171875 1 0.5625
10 0.38513513513513514 0.465625 0.7668918918918919 0.0625
13 0.5033783783783784 0.09375 0.28040540540540543 0.025
2 0.5067567567567568 0.21875 0.8885135135135135 0.096875
13 0.13175675675675674 0.1484375 0.13175675675675674 0.01875
13 0.3918918918918919 0.2078125 0.38175675675675674 0.040625
13 0.7466216216216216 0.246875 0.2939189189189189 0.01875
5 0.9155405405405406 0.090625 0.04391891891891892 0.021875
17 0.5 0.025 0.9966216216216216 0.05
2 0.5033783783783784 0.36875 0.902027027027027 0.08125
13 0.11824324324324324 0.3078125 0.09797297297297297 0.0203125
13 0.6317567567567568 0.30625 0.22972972972972974 0.0203125
13 0.8885135135135135 0.30625 0.08445945945945946 0.0125
13 0.28378378378378377 0.3703125 0.1554054054054054 0.021875
13 0.7601351351351351 0.3671875 0.2905405405405405 0.021875
6 0.13513513513513514 0.209375 0.08445945945945946 0.0375
6 0.13851351351351351 0.36875 0.08108108108108109 0.0375
5 0.8851351351351351 0.209375 0.04391891891891892 0.0125
5 0.40202702702702703 0.3703125 0.04391891891891892 0.0140625
5 0.9256756756756757 0.4734375 0.037162162162162164 0.015625
7 0.8885135135135135 0.61875 0.05067567567567568 0.021875
13 0.24324324324324326 0.5625 0.15878378378378377 0.021875
13 0.13175675675675674 0.4765625 0.14189189189189189 0.01875
13 0.31756756756756754 0.475 0.07094594594594594 0.0171875
13 0.46621621621621623 0.475 0.06418918918918919 0.015625
13 0.6351351351351351 0.475 0.11486486486486487 0.0171875
5 0.3614864864864865 0.5625 0.033783783783783786 0.009375
6 0.10135135135135136 0.5640625 0.09121621621621621 0.0390625
4 0.4594594594594595 0.6265625 0.7972972972972973 0.053125
13 0.5506756756756757 0.61875 0.5608108108108109 0.0296875
13 0.19256756756756757 0.703125 0.037162162162162164 0.0265625
13 0.5 0.7046875 0.037162162162162164 0.0234375
13 0.8040540540540541 0.7046875 0.033783783783783786 0.0234375
13 0.19594594594594594 0.775 0.033783783783783786 0.0203125
13 0.5 0.775 0.033783783783783786 0.028125
13 0.8074324324324325 0.775 0.033783783783783786 0.0265625
13 0.8074324324324325 0.8484375 0.033783783783783786 0.025
13 0.5 0.846875 0.037162162162162164 0.021875
13 0.19256756756756757 0.846875 0.030405405405405407 0.0234375
13 0.4966216216216216 0.91875 0.02702702702702703 0.0234375
5 0.19594594594594594 0.91875 0.05405405405405406 0.021875
14 0.8040540540540541 0.91875 0.22972972972972974 0.053125
13 0.8040540540540541 0.91875 0.08445945945945946 0.025
5 0.4864864864864865 0.30625 0.030405405405405407 0.015625
5 0.8209459459459459 0.30625 0.02364864864864865 0.0125