6 0.5 0.16015625 1 0.2484375
17 0.5 0.01875 1 0.034375
16 0.5 0.06328125 1 0.0515625
6 0.09830508474576272 0.2265625 0.1016949152542373 0.046875
6 0.21694915254237288 0.228125 0.1016949152542373 0.046875
6 0.3389830508474576 0.2265625 0.10508474576271186 0.0515625
7 0.10508474576271186 0.5125 0.09491525423728814 0.04375
7 0.2305084745762712 0.5125 0.09830508474576272 0.0421875
7 0.3593220338983051 0.5125 0.09491525423728814 0.046875
7 0.488135593220339 0.5140625 0.1016949152542373 0.0453125
7 0.6203389830508474 0.5140625 0.09491525423728814 0.0453125
7 0.9220338983050848 0.2484375 0.08813559322033898 0.040625
15 0.5016949152542373 0.575 0.888135593220339 0.05
14 0.5559322033898305 0.9015625 0.7932203389830509 0.0546875
13 0.5559322033898305 0.9015625 0.22033898305084745 0.0171875
13 0.24067796610169492 0.846875 0.2542372881355932 0.0125
13 0.3389830508474576 0.7875 0.39322033898305087 0.0453125
13 0.13220338983050847 0.7265625 0.04406779661016949 0.0125
13 0.23728813559322035 0.6921875 0.36271186440677966 0.0171875
13 0.14915254237288136 0.575 0.13898305084745763 0.015625
13 0.07796610169491526 0.4625 0.05084745762711865 0.0171875
13 0.12203389830508475 0.4125 0.09152542372881356 0.0109375
13 0.13898305084745763 0.3546875 0.1694915254237288 0.0203125
13 0.29491525423728815 0.3875 0.04745762711864407 0.0125
13 0.1694915254237288 0.31875 0.22372881355932203 0.0140625
13 0.49491525423728816 0.2265625 0.1864406779661017 0.015625
6 0.5016949152542373 0.0625 0.0847457627118644 0.0421875
5 0.0847457627118644 0.0609375 0.02711864406779661 0.0203125
5 0.7016949152542373 0.0609375 0.05423728813559322 0.025
5 0.8101694915254237 0.0609375 0.05084745762711865 0.0234375
5 0.9220338983050848 0.0609375 0.04745762711864407 0.025
5 0.6271186440677966 0.2265625 0.020338983050847456 0.0171875
5 0.14915254237288136 0.3875 0.18305084745762712 0.0140625
5 0.3389830508474576 0.3875 0.023728813559322035 0.015625
5 0.8949152542372881 0.575 0.013559322033898305 0.0109375
5 0.0711864406779661 0.7296875 0.03389830508474576 0.0140625
5 0.0711864406779661 0.8484375 0.02711864406779661 0.0140625
5 0.0847457627118644 0.9015625 0.061016949152542375 0.03125
5 0.9322033898305084 0.728125 0.01694915254237288 0.0109375
5 0.9322033898305084 0.8484375 0.013559322033898305 0.0109375