9 0.5 0.7484375 1 0.503125
16 0.5 0.03984375 1 0.0796875
5 0.07339449541284404 0.040625 0.03058103975535168 0.0265625
14 0.21100917431192662 0.0421875 0.1529051987767584 0.0328125
13 0.21100917431192662 0.040625 0.09174311926605505 0.0203125
13 0.4984709480122324 0.04375 0.0856269113149847 0.025
5 0.8379204892966361 0.040625 0.05504587155963303 0.0265625
5 0.9204892966360856 0.0421875 0.04892966360856269 0.0234375
2 0.4984709480122324 0.146875 0.8837920489296636 0.0796875
6 0.1162079510703364 0.1328125 0.04281345565749235 0.0234375
13 0.2324159021406728 0.1328125 0.14984709480122324 0.021875
13 0.1926605504587156 0.1578125 0.06116207951070336 0.01875
13 0.7492354740061162 0.1328125 0.18960244648318042 0.0203125
13 0.8256880733944955 0.159375 0.03669724770642202 0.0171875
5 0.8837920489296636 0.1453125 0.027522935779816515 0.0078125
13 0.5015290519877675 0.234375 0.44648318042813456 0.03125
4 0.5045871559633027 0.309375 0.8776758409785933 0.075
13 0.27217125382262997 0.3078125 0.345565749235474 0.028125
13 0.5076452599388379 0.378125 0.15902140672782875 0.01875
13 0.8195718654434251 0.378125 0.22629969418960244 0.0171875
5 0.38837920489296635 0.3796875 0.045871559633027525 0.0234375
5 0.6758409785932722 0.3796875 0.039755351681957186 0.0234375
4 0.4984709480122324 0.54375 0.8470948012232415 0.0484375
13 0.37003058103975534 0.534375 0.5657492354740061 0.0234375
5 0.8899082568807339 0.534375 0.04281345565749235 0.0234375
10 0.5 0.6046875 1 0.065625
13 0.12538226299694188 0.603125 0.07339449541284404 0.025
13 0.3761467889908257 0.6015625 0.07339449541284404 0.01875
13 0.6269113149847095 0.6 0.10703363914373089 0.0203125
13 0.8776758409785933 0.603125 0.07339449541284404 0.0234375
13 0.5015290519877675 0.7265625 0.42813455657492355 0.0203125