8 0.5016949152542373 0.759375 0.8745762711864407 0.4234375
2 0.5016949152542373 0.9203125 0.8745762711864407 0.0984375
2 0.5016949152542373 0.8125 0.8711864406779661 0.096875
2 0.5016949152542373 0.70625 0.8711864406779661 0.096875
2 0.5050847457627119 0.5984375 0.8779661016949153 0.1
17 0.5 0.02734375 1 0.0546875
16 0.5 0.08359375 1 0.0578125
5 0.08135593220338982 0.0828125 0.02711864406779661 0.028125
5 0.7966101694915254 0.0828125 0.06440677966101695 0.028125
5 0.9084745762711864 0.084375 0.061016949152542375 0.025
13 0.19661016949152543 0.0828125 0.1423728813559322 0.01875
4 0.5406779661016949 0.16640625 0.9186440677966101 0.0453125
13 0.30847457627118646 0.15625 0.45084745762711864 0.0203125
5 0.911864406779661 0.159375 0.05423728813559322 0.0234375
14 0.16610169491525423 0.2234375 0.17288135593220338 0.0328125
14 0.3525423728813559 0.221875 0.1694915254237288 0.0328125
14 0.5423728813559322 0.221875 0.1694915254237288 0.0328125
14 0.7457627118644068 0.221875 0.2033898305084746 0.0328125
14 0.9305084745762712 0.22109375 0.13898305084745763 0.0328125
13 0.16271186440677965 0.221875 0.10847457627118644 0.0140625
13 0.3525423728813559 0.221875 0.10508474576271186 0.015625
13 0.5389830508474577 0.221875 0.10847457627118644 0.015625
13 0.7423728813559322 0.221875 0.13559322033898305 0.015625
13 0.9457627118644067 0.221875 0.10847457627118644 0.015625
13 0.2711864406779661 0.3078125 0.3593220338983051 0.0171875
13 0.31186440677966104 0.3671875 0.43728813559322033 0.059375
6 0.7830508474576271 0.384375 0.2677966101694915 0.0875
11 0.4711864406779661 0.496875 0.14576271186440679 0.0078125
5 0.5864406779661017 0.496875 0.023728813559322035 0.0125
13 0.27796610169491526 0.584375 0.2983050847457627 0.0203125
13 0.1694915254237288 0.615625 0.08813559322033898 0.01875
13 0.29491525423728815 0.615625 0.061016949152542375 0.015625
13 0.43389830508474575 0.6140625 0.12542372881355932 0.0140625
13 0.6033898305084746 0.6140625 0.12542372881355932 0.0140625
13 0.2745762711864407 0.6921875 0.3050847457627119 0.0203125
13 0.1864406779661017 0.7234375 0.12203389830508475 0.015625
13 0.3898305084745763 0.721875 0.1864406779661017 0.015625
13 0.5898305084745763 0.721875 0.11864406779661017 0.0171875
13 0.29491525423728815 0.8 0.3423728813559322 0.0203125
13 0.15593220338983052 0.83125 0.061016949152542375 0.0171875
13 0.26101694915254237 0.8296875 0.0576271186440678 0.015625
13 0.36610169491525424 0.8296875 0.05084745762711865 0.015625
13 0.5152542372881356 0.8296875 0.15254237288135594 0.0140625
13 0.3016949152542373 0.9078125 0.34576271186440677 0.021875
13 0.19322033898305085 0.9375 0.13898305084745763 0.015625
13 0.3728813559322034 0.9375 0.12203389830508475 0.015625
13 0.511864406779661 0.9375 0.0576271186440678 0.0171875
5 0.8440677966101695 0.921875 0.04406779661016949 0.0125
5 0.9152542372881356 0.7953125 0.05084745762711865 0.0234375
5 0.8610169491525423 0.8375 0.12203389830508475 0.05625
5 0.8406779661016949 0.70625 0.04406779661016949 0.0140625
5 0.8440677966101695 0.5984375 0.03728813559322034 0.0109375