17 0.5 0.01875 1 0.0375
16 0.5 0.06328125 1 0.0515625
6 0.4745762711864407 0.4234375 0.8576271186440678 0.534375
7 0.12203389830508475 0.8390625 0.14915254237288136 0.05625
7 0.30847457627118646 0.8375 0.15932203389830507 0.0578125
7 0.49830508474576274 0.8375 0.14915254237288136 0.0546875
7 0.688135593220339 0.8390625 0.14915254237288136 0.05625
7 0.9186440677966101 0.83125 0.11186440677966102 0.0515625
1 0.5 0.90078125 1 0.0703125
10 0.3254237288135593 0.76875 0.5661016949152542 0.040625
5 0.12203389830508475 0.9015625 0.06779661016949153 0.0296875
5 0.3050847457627119 0.9015625 0.06440677966101695 0.028125
5 0.6949152542372882 0.903125 0.061016949152542375 0.028125
5 0.8779661016949153 0.9015625 0.06440677966101695 0.0296875
14 0.5016949152542373 0.903125 0.12203389830508475 0.05625
13 0.5016949152542373 0.9046875 0.07457627118644068 0.0171875
13 0.1288135593220339 0.75625 0.13898305084745763 0.0171875
13 0.31864406779661014 0.7578125 0.13898305084745763 0.015625
13 0.511864406779661 0.75625 0.13220338983050847 0.0171875
13 0.7694915254237288 0.65625 0.1423728813559322 0.0140625
13 0.2711864406779661 0.5609375 0.288135593220339 0.0328125
13 0.23728813559322035 0.6 0.22033898305084745 0.015625
13 0.11864406779661017 0.128125 0.05423728813559322 0.015625
13 0.2847457627118644 0.1296875 0.0576271186440678 0.0171875
13 0.23728813559322035 0.065625 0.17627118644067796 0.0171875
5 0.08135593220338982 0.0640625 0.0576271186440678 0.01875
5 0.8067796610169492 0.0625 0.05423728813559322 0.0265625
5 0.9152542372881356 0.0625 0.05084745762711865 0.0265625
13 0.5016949152542373 0.903125 0.0711864406779661 0.015625