15 0.13898305084745763 0.384375 0.17966101694915254 0.0234375
15 0.6203389830508474 0.384375 0.18983050847457628 0.025
15 0.1423728813559322 0.440625 0.2033898305084746 0.021875
15 0.6406779661016949 0.440625 0.20677966101694914 0.0234375
15 0.13898305084745763 0.496875 0.19322033898305085 0.021875
15 0.6 0.4953125 0.1288135593220339 0.0265625
15 0.13898305084745763 0.5546875 0.19322033898305085 0.025
15 0.6372881355932203 0.553125 0.19322033898305085 0.028125
15 0.14915254237288136 0.6109375 0.22033898305084745 0.0234375
15 0.6474576271186441 0.609375 0.2135593220338983 0.0234375
15 0.15932203389830507 0.665625 0.2305084745762712 0.01875
15 0.6338983050847458 0.665625 0.18983050847457628 0.0203125
15 0.16271186440677965 0.721875 0.2271186440677966 0.021875
15 0.6610169491525424 0.721875 0.25084745762711863 0.0234375
15 0.12203389830508475 0.778125 0.14576271186440679 0.021875
15 0.6440677966101694 0.778125 0.2305084745762712 0.021875
15 0.12542372881355932 0.834375 0.15932203389830507 0.01875
15 0.6135593220338983 0.8375 0.15932203389830507 0.0203125
1 0.5 0.90625 1 0.06875
5 0.09830508474576272 0.90625 0.06779661016949153 0.03125
5 0.3050847457627119 0.9046875 0.06779661016949153 0.03125
5 0.5016949152542373 0.9046875 0.07457627118644068 0.034375
5 0.7016949152542373 0.9046875 0.0711864406779661 0.0265625
5 0.9016949152542373 0.903125 0.0576271186440678 0.0296875
5 0.0711864406779661 0.384375 0.04406779661016949 0.021875
5 0.8169491525423729 0.078125 0.05423728813559322 0.034375
5 0.9220338983050848 0.0765625 0.06440677966101695 0.0296875
5 0.5559322033898305 0.384375 0.0576271186440678 0.025
5 0.06779661016949153 0.440625 0.05084745762711865 0.021875
5 0.559322033898305 0.440625 0.04406779661016949 0.021875
5 0.0711864406779661 0.496875 0.05084745762711865 0.021875
5 0.559322033898305 0.496875 0.04406779661016949 0.0265625
5 0.0711864406779661 0.5546875 0.05084745762711865 0.0265625
5 0.5559322033898305 0.553125 0.03389830508474576 0.021875
5 0.06779661016949153 0.609375 0.05423728813559322 0.0234375
5 0.5559322033898305 0.6109375 0.030508474576271188 0.0234375
5 0.0711864406779661 0.665625 0.05084745762711865 0.0203125
5 0.5559322033898305 0.6671875 0.03728813559322034 0.0203125
5 0.0711864406779661 0.721875 0.04067796610169491 0.0203125
5 0.559322033898305 0.721875 0.04067796610169491 0.01875
5 0.0711864406779661 0.778125 0.04406779661016949 0.01875
5 0.06779661016949153 0.834375 0.04406779661016949 0.01875
5 0.5559322033898305 0.778125 0.05423728813559322 0.021875
5 0.5559322033898305 0.8359375 0.04067796610169491 0.01875
13 0.16610169491525423 0.8359375 0.08135593220338982 0.0140625
13 0.6542372881355932 0.8375 0.08135593220338982 0.015625
13 0.15593220338983052 0.78125 0.0711864406779661 0.015625
13 0.2 0.7234375 0.15254237288135594 0.015625
13 0.2033898305084746 0.6671875 0.1423728813559322 0.0140625
13 0.18983050847457628 0.609375 0.13220338983050847 0.015625
13 0.18305084745762712 0.553125 0.10847457627118644 0.0171875
13 0.17966101694915254 0.4984375 0.11186440677966102 0.015625
13 0.6372881355932203 0.496875 0.05084745762711865 0.0171875
13 0.6711864406779661 0.5546875 0.12203389830508475 0.015625
13 0.6813559322033899 0.6109375 0.13898305084745763 0.0140625
13 0.6711864406779661 0.6671875 0.11864406779661017 0.0171875
13 0.6983050847457627 0.7234375 0.17288135593220338 0.015625
13 0.688135593220339 0.7796875 0.1423728813559322 0.0203125
13 0.17627118644067796 0.384375 0.10508474576271186 0.0171875
13 0.18305084745762712 0.4421875 0.11864406779661017 0.0171875
13 0.6644067796610169 0.3859375 0.1016949152542373 0.0171875
13 0.6779661016949152 0.4421875 0.1288135593220339 0.015625
13 0.1864406779661017 0.2421875 0.1016949152542373 0.0125
13 0.09830508474576272 0.315625 0.10508474576271186 0.0171875
13 0.5050847457627119 0.2421875 0.11864406779661017 0.0171875
13 0.8169491525423729 0.24375 0.09491525423728814 0.0171875
13 0.49830508474576274 0.0734375 0.14576271186440679 0.0203125
6 0.1864406779661017 0.175 0.2847457627118644 0.0953125
6 0.5016949152542373 0.1765625 0.29152542372881357 0.090625
6 0.8169491525423729 0.175 0.29152542372881357 0.0953125