17 0.5 0.0203125 1 0.040625
16 0.5 0.07109375 1 0.0578125
13 0.19661016949152543 0.0640625 0.3152542372881356 0.0234375
10 0.5 0.12734375 1 0.0546875
5 0.8033898305084746 0.0640625 0.05423728813559322 0.025
5 0.9186440677966101 0.0640625 0.0576271186440678 0.025
13 0.0711864406779661 0.128125 0.02711864406779661 0.01875
13 0.18983050847457628 0.128125 0.061016949152542375 0.0171875
13 0.33220338983050846 0.128125 0.05423728813559322 0.0171875
13 0.5084745762711864 0.128125 0.13898305084745763 0.015625
13 0.7050847457627119 0.128125 0.08813559322033898 0.015625
13 0.888135593220339 0.128125 0.1152542372881356 0.015625
0 0.5016949152542373 0.4578125 0.9966101694915255 0.6015625
13 0.15932203389830507 0.4875 0.14915254237288136 0.0171875
13 0.4033898305084746 0.5703125 0.6305084745762712 0.0828125
13 0.26101694915254237 0.653125 0.34576271186440677 0.0484375
13 0.8610169491525423 0.7265625 0.14576271186440679 0.0140625
6 0.11864406779661017 0.8296875 0.14576271186440679 0.0671875
6 0.30847457627118646 0.83125 0.14915254237288136 0.071875
6 0.49830508474576274 0.83125 0.15932203389830507 0.071875
6 0.6915254237288135 0.83125 0.15593220338983052 0.071875
7 0.9186440677966101 0.8296875 0.11186440677966102 0.053125
1 0.5 0.90234375 1 0.0703125
5 0.12203389830508475 0.903125 0.06779661016949153 0.028125
5 0.3050847457627119 0.9015625 0.06440677966101695 0.0296875
5 0.6949152542372882 0.903125 0.06440677966101695 0.0328125
5 0.8813559322033898 0.9015625 0.06779661016949153 0.03125
14 0.5050847457627119 0.903125 0.12542372881355932 0.05625
13 0.5016949152542373 0.903125 0.07796610169491526 0.015625