14 0.3423728813559322 0.90625 0.6847457627118644 0.0625
6 0.5 0.26640625 1 0.4609375
17 0.5 0.0171875 1 0.034375
15 0.7661016949152543 0.90625 0.15593220338983052 0.0640625
15 0.9220338983050848 0.90625 0.15593220338983052 0.0640625
13 0.34576271186440677 0.90625 0.15593220338983052 0.0234375
13 0.7661016949152543 0.921875 0.09491525423728814 0.0109375
13 0.9254237288135593 0.921875 0.023728813559322035 0.0125
13 0.10847457627118644 0.7359375 0.1288135593220339 0.015625
13 0.423728813559322 0.7359375 0.376271186440678 0.015625
13 0.49491525423728816 0.5640625 0.9050847457627119 0.053125
13 0.14576271186440679 0.6390625 0.20677966101694914 0.0578125
13 0.9016949152542373 0.653125 0.1152542372881356 0.015625
13 0.5016949152542373 0.471875 0.04745762711864407 0.0140625
5 0.07796610169491526 0.0765625 0.06440677966101695 0.0265625
5 0.7966101694915254 0.0765625 0.061016949152542375 0.025
5 0.9220338983050848 0.0765625 0.07457627118644068 0.0296875
5 0.9491525423728814 0.7359375 0.01694915254237288 0.0140625
5 0.9491525423728814 0.7921875 0.01694915254237288 0.0140625
5 0.9491525423728814 0.8203125 0.01694915254237288 0.0140625
5 0.7661016949152543 0.8984375 0.061016949152542375 0.025
5 0.9220338983050848 0.8984375 0.06440677966101695 0.028125
13 0.36271186440677966 0.7640625 0.25084745762711863 0.015625
13 0.4135593220338983 0.7921875 0.3559322033898305 0.0140625
13 0.4915254237288136 0.8203125 0.5084745762711864 0.0140625