17 0.5 0.0203125 1 0.040625
16 0.5 0.06484375 1 0.0453125
4 0.4610169491525424 0.0640625 0.6067796610169491 0.040625
14 0.13898305084745763 0.2046875 0.18305084745762712 0.0453125
14 0.3559322033898305 0.2046875 0.21016949152542372 0.046875
14 0.576271186440678 0.2046875 0.1864406779661017 0.0453125
5 0.07796610169491526 0.065625 0.0576271186440678 0.01875
5 0.8271186440677966 0.0640625 0.04745762711864407 0.021875
5 0.9254237288135593 0.0640625 0.04745762711864407 0.021875
5 0.9491525423728814 0.284375 0.010169491525423728 0.0109375
5 0.4 0.3359375 0.020338983050847456 0.00625
5 0.4 0.38125 0.01694915254237288 0.00625
13 0.34915254237288135 0.065625 0.29152542372881357 0.01875
13 0.11864406779661017 0.146875 0.14915254237288136 0.01875
13 0.13898305084745763 0.20625 0.0711864406779661 0.0140625
13 0.3593220338983051 0.20625 0.14915254237288136 0.015625
13 0.576271186440678 0.20625 0.0711864406779661 0.015625
13 0.21016949152542372 0.2828125 0.3288135593220339 0.015625
13 0.9016949152542373 0.284375 0.061016949152542375 0.0125
13 0.14576271186440679 0.3375 0.2 0.015625
13 0.1016949152542373 0.3828125 0.1152542372881356 0.015625
13 0.15254237288135594 0.4296875 0.21694915254237288 0.015625
13 0.1423728813559322 0.475 0.19661016949152543 0.0171875
13 0.1152542372881356 0.521875 0.13559322033898305 0.015625
13 0.6508474576271186 0.3375 0.21016949152542372 0.0140625
13 0.6169491525423729 0.384375 0.14576271186440679 0.0171875
13 0.6033898305084746 0.4296875 0.1152542372881356 0.0171875
13 0.6 0.4765625 0.1152542372881356 0.015625
13 0.6271186440677966 0.521875 0.16271186440677965 0.0171875