2 0.5016949152542373 0.296875 0.8949152542372881 0.3140625
12 0.8169491525423729 0.3265625 0.1288135593220339 0.028125
2 0.5016949152542373 0.5921875 0.8949152542372881 0.121875
15 0.8372881355932204 0.5765625 0.1423728813559322 0.0484375
15 0.6135593220338983 0.5765625 0.0847457627118644 0.0484375
15 0.3898305084745763 0.5859375 0.1152542372881356 0.0671875
15 0.16271186440677965 0.5765625 0.11186440677966102 0.0515625
1 0.5 0.93515625 1 0.1265625
15 0.13220338983050847 0.915625 0.1016949152542373 0.05
15 0.3152542372881356 0.915625 0.07796610169491526 0.0515625
15 0.5016949152542373 0.9140625 0.09152542372881356 0.0515625
15 0.6847457627118644 0.9140625 0.07796610169491526 0.0515625
15 0.8711864406779661 0.915625 0.10508474576271186 0.0484375
17 0.5 0.02109375 1 0.0421875
16 0.5 0.090625 1 0.065625
6 0.15932203389830507 0.0859375 0.2271186440677966 0.0234375
5 0.9186440677966101 0.0875 0.06440677966101695 0.028125
10 0.3559322033898305 0.1875 0.4711864406779661 0.034375
13 0.21694915254237288 0.1796875 0.19322033898305085 0.0171875
13 0.5152542372881356 0.1796875 0.15254237288135594 0.0171875
13 0.33559322033898303 0.2421875 0.29152542372881357 0.015625
6 0.1423728813559322 0.2421875 0.04067796610169491 0.01875
5 0.8779661016949153 0.240625 0.006779661016949152 0.015625
5 0.5559322033898305 0.3265625 0.013559322033898305 0.0125
13 0.8 0.3265625 0.04406779661016949 0.0109375
14 0.7016949152542373 0.4046875 0.3898305084745763 0.0484375
14 0.3050847457627119 0.4046875 0.39322033898305087 0.0484375
13 0.3050847457627119 0.4046875 0.1423728813559322 0.0171875
13 0.6983050847457627 0.4046875 0.06779661016949153 0.0171875
5 0.13220338983050847 0.903125 0.0576271186440678 0.0265625
5 0.31864406779661014 0.903125 0.05423728813559322 0.0265625
5 0.5016949152542373 0.903125 0.061016949152542375 0.028125
5 0.688135593220339 0.903125 0.05084745762711865 0.028125
5 0.8711864406779661 0.9015625 0.05084745762711865 0.0203125
13 0.8711864406779661 0.934375 0.10508474576271186 0.0125
13 0.6847457627118644 0.934375 0.07796610169491526 0.0125
13 0.5016949152542373 0.934375 0.08813559322033898 0.0109375
13 0.3152542372881356 0.934375 0.07796610169491526 0.0125
13 0.13220338983050847 0.934375 0.1016949152542373 0.0125
13 0.823728813559322 0.5109375 0.1152542372881356 0.0140625
5 0.9152542372881356 0.5109375 0.03389830508474576 0.015625
13 0.16271186440677965 0.59375 0.11186440677966102 0.0140625
13 0.3898305084745763 0.603125 0.1152542372881356 0.03125
13 0.6135593220338983 0.59375 0.0847457627118644 0.0125
13 0.8372881355932204 0.59375 0.1423728813559322 0.0125
5 0.8372881355932204 0.5671875 0.07457627118644068 0.028125
5 0.6135593220338983 0.565625 0.061016949152542375 0.0265625
5 0.3898305084745763 0.5671875 0.08135593220338982 0.0265625
5 0.16610169491525423 0.565625 0.06779661016949153 0.0265625
5 0.5016949152542373 0.6375 0.02711864406779661 0.0109375
13 0.1694915254237288 0.6875 0.2271186440677966 0.0140625
13 0.13898305084745763 0.728125 0.16271186440677965 0.0171875
13 0.34576271186440677 0.7296875 0.13220338983050847 0.015625
13 0.5559322033898305 0.728125 0.16610169491525423 0.0171875
13 0.2847457627118644 0.809375 0.4711864406779661 0.0421875
11 0.16271186440677965 0.85 0.1423728813559322 0.0078125
7 0.3016949152542373 0.85 0.03728813559322034 0.0171875
6 0.7389830508474576 0.8171875 0.17627118644067796 0.0875
6 0.8542372881355932 0.325 0.030508474576271188 0.0140625
5 0.3016949152542373 0.85 0.01694915254237288 0.0078125