14 0.27364864864864863 0.6734375 0.12162162162162163 0.0234375
1 0.5033783783783784 0.94375 0.9932432432432432 0.1125
17 0.5 0.03125 1 0.0625
16 0.5 0.0953125 1 0.0671875
5 0.06756756756756757 0.0875 0.030405405405405407 0.025
5 0.9222972972972973 0.0875 0.05405405405405406 0.0265625
14 0.8412162162162162 0.1625 0.21621621621621623 0.0328125
13 0.8614864864864865 0.1625 0.11824324324324324 0.015625
13 0.14864864864864866 0.1625 0.1891891891891892 0.01875
13 0.10810810810810811 0.2140625 0.11148648648648649 0.034375
13 0.19932432432432431 0.253125 0.2939189189189189 0.0125
5 0.2905405405405405 0.1640625 0.04391891891891892 0.0203125
5 0.22297297297297297 0.215625 0.04054054054054054 0.009375
5 0.38175675675675674 0.253125 0.033783783783783786 0.015625
13 0.34459459459459457 0.340625 0.44594594594594594 0.021875
6 0.28040540540540543 0.446875 0.32094594594594594 0.146875
13 0.7567567567567568 0.4109375 0.2195945945945946 0.015625
13 0.7567567567567568 0.4453125 0.2195945945945946 0.015625
13 0.7601351351351351 0.4796875 0.22297297297297297 0.015625
5 0.8716216216216216 0.3421875 0.016891891891891893 0.015625
13 0.375 0.6125 0.5067567567567568 0.0203125
13 0.6554054054054054 0.7234375 0.38513513513513514 0.0453125
13 0.2702702702702703 0.6734375 0.06756756756756757 0.0125
13 0.2702702702702703 0.778125 0.1554054054054054 0.015625
6 0.2702702702702703 0.7265625 0.10135135135135136 0.0671875
14 0.5 0.8359375 0.7635135135135135 0.046875
13 0.4966216216216216 0.834375 0.30743243243243246 0.0171875
15 0.10810810810810811 0.9234375 0.057432432432432436 0.046875
15 0.30405405405405406 0.9234375 0.05405405405405406 0.0484375
13 0.10810810810810811 0.9390625 0.057432432432432436 0.0140625
13 0.30405405405405406 0.940625 0.05405405405405406 0.0140625
5 0.30405405405405406 0.9109375 0.05405405405405406 0.0234375
5 0.10810810810810811 0.9109375 0.057432432432432436 0.0234375
15 0.5033783783783784 0.9234375 0.11486486486486487 0.046875
15 0.6993243243243243 0.9234375 0.14527027027027026 0.046875
15 0.8918918918918919 0.9234375 0.08445945945945946 0.046875
5 0.5 0.9109375 0.05067567567567568 0.021875
13 0.5033783783783784 0.9390625 0.11486486486486487 0.015625
5 0.6959459459459459 0.9109375 0.05405405405405406 0.021875
5 0.8918918918918919 0.9109375 0.05067567567567568 0.021875
13 0.6959459459459459 0.9390625 0.14527027027027026 0.0140625
13 0.8918918918918919 0.9390625 0.08445945945945946 0.0140625
5 0.777027027027027 0.1609375 0.02702702702702703 0.0125