15 0.5 0.478125 0.28040540540540543 0.040625
17 0.5 0.0265625 1 0.053125
5 0.5 0.209375 0.14864864864864866 0.071875
13 0.5 0.31875 0.3918918918918919 0.065625
13 0.4797297297297297 0.3765625 0.44932432432432434 0.015625
5 0.7297297297297297 0.3765625 0.013513513513513514 0.0125
5 0.4222972972972973 0.4765625 0.04054054054054054 0.01875
13 0.5304054054054054 0.4765625 0.14189189189189189 0.0140625
2 0.5 0.796875 0.8986486486486487 0.0859375
13 0.30743243243243246 0.7953125 0.39864864864864863 0.0421875
6 0.8175675675675675 0.796875 0.25 0.0703125
7 0.14527027027027026 0.9234375 0.20270270270270271 0.0734375
5 0.14527027027027026 0.9234375 0.04054054054054054 0.01875
14 0.6148648648648649 0.9234375 0.6925675675675675 0.0703125
13 0.6114864864864865 0.9234375 0.07432432432432433 0.0203125