17 0.5 0.0171875 1 0.034375
0 0.5 0.15234375 1 0.2359375
16 0.5 0.0640625 1 0.059375
4 0.5016949152542373 0.8421875 0.9050847457627119 0.0453125
6 0.1864406779661017 0.6171875 0.27796610169491526 0.1453125
6 0.488135593220339 0.61875 0.28135593220338984 0.14375
6 0.7932203389830509 0.61875 0.27796610169491526 0.1453125
1 0.5 0.90234375 1 0.0703125
15 0.0847457627118644 0.903125 0.04745762711864407 0.0453125
15 0.25084745762711863 0.903125 0.07457627118644068 0.04375
15 0.43050847457627117 0.9 0.11864406779661017 0.0546875
15 0.5864406779661017 0.903125 0.09152542372881356 0.05
15 0.7491525423728813 0.9046875 0.05084745762711865 0.0453125
15 0.9152542372881356 0.9046875 0.1152542372881356 0.0453125
5 0.08135593220338982 0.890625 0.04745762711864407 0.0234375
5 0.25084745762711863 0.890625 0.05084745762711865 0.01875
5 0.43728813559322033 0.8890625 0.09830508474576272 0.03125
5 0.5830508474576271 0.8921875 0.05423728813559322 0.0265625
5 0.752542372881356 0.8921875 0.04745762711864407 0.0203125
5 0.9186440677966101 0.8921875 0.04406779661016949 0.021875
5 0.1016949152542373 0.8453125 0.04406779661016949 0.0234375
5 0.2711864406779661 0.6640625 0.061016949152542375 0.025
5 0.5728813559322034 0.665625 0.0576271186440678 0.025
5 0.8779661016949153 0.6640625 0.0576271186440678 0.025
5 0.9050847457627119 0.3296875 0.06440677966101695 0.028125
5 0.09152542372881356 0.0671875 0.030508474576271188 0.021875
5 0.7932203389830509 0.06875 0.05423728813559322 0.028125
5 0.9186440677966101 0.0671875 0.061016949152542375 0.0265625
6 0.13220338983050847 0.3390625 0.15593220338983052 0.071875
13 0.33220338983050846 0.325 0.16610169491525423 0.0203125
13 0.3254237288135593 0.3578125 0.16610169491525423 0.0171875
13 0.9050847457627119 0.359375 0.08813559322033898 0.0125
13 0.4271186440677966 0.4203125 0.7423728813559322 0.0140625
13 0.19322033898305085 0.5125 0.2983050847457627 0.0171875
13 0.17966101694915254 0.728125 0.24745762711864408 0.0390625
13 0.488135593220339 0.7265625 0.2677966101694915 0.040625
13 0.7830508474576271 0.728125 0.2542372881355932 0.0390625
13 0.3016949152542373 0.846875 0.2983050847457627 0.015625
13 0.08135593220338982 0.9203125 0.020338983050847456 0.0109375
13 0.25084745762711863 0.9203125 0.0711864406779661 0.0109375
13 0.41694915254237286 0.921875 0.09152542372881356 0.0125
13 0.5864406779661017 0.921875 0.09152542372881356 0.0125
13 0.752542372881356 0.921875 0.020338983050847456 0.0109375
13 0.9152542372881356 0.9203125 0.1152542372881356 0.0109375