10 0.5 0.15 1 0.0515625
2 0.5 0.5890625 0.8986486486486487 0.1625
6 0.7668918918918919 0.353125 0.25 0.08125
17 0.5 0.0296875 1 0.0578125
16 0.5 0.0921875 1 0.0625
5 0.08108108108108109 0.0859375 0.02702702702702703 0.0203125
13 0.22297297297297297 0.0875 0.16216216216216217 0.0203125
5 0.8277027027027027 0.0859375 0.05067567567567568 0.0234375
5 0.918918918918919 0.0859375 0.05067567567567568 0.01875
13 0.16216216216216217 0.1484375 0.10810810810810811 0.0171875
13 0.3885135135135135 0.1484375 0.10810810810810811 0.0171875
13 0.6114864864864865 0.1484375 0.07094594594594594 0.01875
13 0.8378378378378378 0.15 0.07094594594594594 0.0171875
13 0.40202702702702703 0.2625 0.5945945945945946 0.0765625
13 0.1891891891891892 0.3703125 0.16554054054054054 0.015625
5 0.3108108108108108 0.3703125 0.016891891891891893 0.0140625
11 0.16216216216216217 0.4265625 0.11824324324324324 0.009375
5 0.2533783783783784 0.4265625 0.02027027027027027 0.009375
6 0.17229729729729729 0.5 0.16891891891891891 0.0484375
13 0.5236486486486487 0.50625 0.5 0.0140625
13 0.21621621621621623 0.5625 0.23986486486486486 0.015625
13 0.3108108108108108 0.60625 0.42567567567567566 0.01875
7 0.3783783783783784 0.5609375 0.0472972972972973 0.0203125
14 0.831081081081081 0.5609375 0.15202702702702703 0.0359375
13 0.831081081081081 0.559375 0.060810810810810814 0.015625
2 0.5 0.8046875 0.8952702702702703 0.175
13 0.1554054054054054 0.753125 0.06418918918918919 0.009375
13 0.31756756756756754 0.8078125 0.4391891891891892 0.0453125
5 0.8885135135135135 0.7953125 0.016891891891891893 0.0125
13 0.8040540540540541 0.859375 0.19594594594594594 0.01875
13 0.15878378378378377 0.9515625 0.07094594594594594 0.0109375
5 0.3783783783783784 0.5609375 0.013513513513513514 0.0125