9 0.49444444444444446 0.684375 0.8166666666666667 0.5546875
8 0.49166666666666664 0.6328125 0.8194444444444444 0.234375
17 0.5083333333333333 0.028125 0.825 0.053125
13 0.5055555555555555 0.45625 0.49444444444444446 0.059375
13 0.18888888888888888 0.5515625 0.10277777777777777 0.015625
13 0.7361111111111112 0.5515625 0.24444444444444444 0.0140625
13 0.18888888888888888 0.584375 0.09722222222222222 0.015625
13 0.18888888888888888 0.61875 0.09722222222222222 0.0140625
13 0.175 0.6515625 0.07222222222222222 0.015625
13 0.20277777777777778 0.6859375 0.125 0.0171875
13 0.225 0.71875 0.16944444444444445 0.015625
13 0.725 0.584375 0.26944444444444443 0.0140625
13 0.8027777777777778 0.61875 0.11388888888888889 0.015625
13 0.6833333333333333 0.6515625 0.3527777777777778 0.0171875
13 0.825 0.684375 0.07222222222222222 0.0171875
13 0.8222222222222222 0.71875 0.07222222222222222 0.015625
13 0.4638888888888889 0.7703125 0.575 0.0171875
5 0.14722222222222223 0.771875 0.03611111111111111 0.021875
14 0.5 0.8328125 0.29444444444444445 0.053125
13 0.5 0.834375 0.10555555555555556 0.0203125
14 0.24166666666666667 0.9265625 0.30277777777777776 0.0625
13 0.24166666666666667 0.9265625 0.1 0.0203125
14 0.6527777777777778 0.928125 0.5166666666666667 0.065625
13 0.6527777777777778 0.925 0.03611111111111111 0.0234375