17 0.5 0.0171875 1 0.034375
6 0.5 0.14921875 1 0.2296875
15 0.8983050847457628 0.078125 0.19661016949152543 0.04375
13 0.19661016949152543 0.3015625 0.17966101694915254 0.01875
13 0.9355932203389831 0.08125 0.0711864406779661 0.01875
13 0.22372881355932203 0.3703125 0.25084745762711863 0.075
13 0.38305084745762713 0.4421875 0.5864406779661017 0.0203125
13 0.847457627118644 0.478125 0.2711864406779661 0.0203125
6 0.4 0.3890625 0.061016949152542375 0.0421875
15 0.11186440677966102 0.5578125 0.15254237288135594 0.0953125
15 0.29491525423728815 0.55625 0.15254237288135594 0.09375
15 0.4745762711864407 0.5578125 0.15254237288135594 0.09375
15 0.6542372881355932 0.55625 0.15593220338983052 0.0921875
15 0.8305084745762712 0.5578125 0.15932203389830507 0.09375
15 0.11186440677966102 0.6625 0.15593220338983052 0.0921875
15 0.29152542372881357 0.6625 0.14915254237288136 0.0953125
15 0.4745762711864407 0.6609375 0.16271186440677965 0.09375
15 0.6542372881355932 0.6640625 0.15254237288135594 0.09375
15 0.8338983050847457 0.6625 0.15932203389830507 0.0953125
11 0.5016949152542373 0.73125 0.19661016949152543 0.0078125
6 0.11186440677966102 0.546875 0.15593220338983052 0.0734375
6 0.29491525423728815 0.5453125 0.15593220338983052 0.0734375
6 0.4745762711864407 0.546875 0.15593220338983052 0.071875
6 0.6542372881355932 0.546875 0.15932203389830507 0.0734375
6 0.8305084745762712 0.546875 0.15593220338983052 0.0734375
6 0.1152542372881356 0.653125 0.15593220338983052 0.071875
6 0.29152542372881357 0.6515625 0.15254237288135594 0.0734375
6 0.4745762711864407 0.6515625 0.16271186440677965 0.0734375
6 0.6542372881355932 0.653125 0.15932203389830507 0.0734375
6 0.8338983050847457 0.65 0.16610169491525423 0.06875
13 0.11186440677966102 0.596875 0.11186440677966102 0.0125
13 0.29491525423728815 0.5984375 0.1152542372881356 0.0140625
13 0.4745762711864407 0.596875 0.11186440677966102 0.0125
13 0.6542372881355932 0.596875 0.1152542372881356 0.0140625
13 0.8338983050847457 0.596875 0.09830508474576272 0.0140625
13 0.11186440677966102 0.7015625 0.0847457627118644 0.0140625
13 0.29491525423728815 0.703125 0.05423728813559322 0.0125
13 0.4711864406779661 0.703125 0.0576271186440678 0.0140625
13 0.6542372881355932 0.7015625 0.0576271186440678 0.0140625
13 0.8338983050847457 0.703125 0.0576271186440678 0.0125
13 0.3593220338983051 0.79375 0.6338983050847458 0.0234375
1 0.5 0.90078125 1 0.0703125
15 0.11186440677966102 0.9046875 0.0576271186440678 0.05
15 0.30847457627118646 0.903125 0.08135593220338982 0.0515625
15 0.5016949152542373 0.903125 0.061016949152542375 0.0515625
15 0.6983050847457627 0.903125 0.1423728813559322 0.053125
15 0.8915254237288136 0.903125 0.11864406779661017 0.053125
5 0.10847457627118644 0.8921875 0.0576271186440678 0.0265625
5 0.3050847457627119 0.8921875 0.08135593220338982 0.03125
5 0.5016949152542373 0.8921875 0.061016949152542375 0.028125
5 0.6983050847457627 0.8921875 0.0576271186440678 0.028125
5 0.8915254237288136 0.890625 0.04745762711864407 0.0296875
13 0.10847457627118644 0.921875 0.030508474576271188 0.0140625
13 0.30847457627118646 0.9234375 0.0847457627118644 0.0125
13 0.49830508474576274 0.921875 0.030508474576271188 0.0125
13 0.6949152542372882 0.9234375 0.1423728813559322 0.0125
13 0.8915254237288136 0.921875 0.11864406779661017 0.015625
5 0.864406779661017 0.0796875 0.04745762711864407 0.021875