17 0.5 0.0203125 1 0.040625
16 0.5 0.0640625 1 0.040625
4 0.3898305084745763 0.0625 0.511864406779661 0.0359375
5 0.061016949152542375 0.0640625 0.05423728813559322 0.0203125
5 0.6779661016949152 0.0609375 0.05084745762711865 0.021875
5 0.8067796610169492 0.0640625 0.04406779661016949 0.0171875
5 0.9355932203389831 0.0640625 0.061016949152542375 0.025
13 0.19661016949152543 0.0640625 0.07457627118644068 0.0203125
10 0.5 0.11171875 1 0.0546875
8 0.14915254237288136 0.5046875 0.29491525423728815 0.721875
1 0.5 0.903125 1 0.075
15 0.1016949152542373 0.9046875 0.0576271186440678 0.0453125
15 0.3016949152542373 0.9046875 0.08813559322033898 0.04375
15 0.5016949152542373 0.9046875 0.04745762711864407 0.04375
15 0.7016949152542373 0.9046875 0.09491525423728814 0.05
15 0.9016949152542373 0.9046875 0.05084745762711865 0.04375
15 0.43050847457627117 0.2390625 0.16610169491525423 0.1015625
15 0.6508474576271186 0.240625 0.17627118644067796 0.1015625
15 0.8677966101694915 0.2390625 0.19661016949152543 0.1015625
15 0.43389830508474575 0.3546875 0.16610169491525423 0.1015625
15 0.6508474576271186 0.3546875 0.16610169491525423 0.0984375
15 0.8677966101694915 0.3546875 0.1694915254237288 0.1015625
15 0.43050847457627117 0.46875 0.16271186440677965 0.1015625
15 0.6474576271186441 0.475 0.16610169491525423 0.115625
15 0.8677966101694915 0.475 0.16610169491525423 0.1171875
15 0.43050847457627117 0.60625 0.17288135593220338 0.115625
15 0.6474576271186441 0.596875 0.16610169491525423 0.1
15 0.8677966101694915 0.6078125 0.16610169491525423 0.1125
15 0.43050847457627117 0.778125 0.16610169491525423 0.1
15 0.6508474576271186 0.7765625 0.17288135593220338 0.1015625
15 0.8677966101694915 0.7765625 0.16610169491525423 0.1
13 0.10508474576271186 0.115625 0.12542372881355932 0.0171875
13 0.3593220338983051 0.1171875 0.2033898305084746 0.0171875
13 0.5864406779661017 0.1171875 0.06779661016949153 0.0171875
13 0.7457627118644068 0.1171875 0.0711864406779661 0.015625
13 0.9152542372881356 0.1171875 0.08813559322033898 0.0140625
13 0.11186440677966102 0.1671875 0.17966101694915254 0.0125
13 0.0711864406779661 0.2171875 0.09830508474576272 0.0140625
13 0.10508474576271186 0.265625 0.1694915254237288 0.0109375
13 0.04745762711864407 0.3125 0.05084745762711865 0.0140625
13 0.04406779661016949 0.3625 0.04067796610169491 0.0125
13 0.05423728813559322 0.4109375 0.0711864406779661 0.015625
13 0.0711864406779661 0.459375 0.09491525423728814 0.0140625
13 0.11186440677966102 0.5078125 0.17288135593220338 0.0125
13 0.11864406779661017 0.5578125 0.17966101694915254 0.0125
13 0.04745762711864407 0.60625 0.04745762711864407 0.0140625
13 0.04745762711864407 0.6546875 0.04745762711864407 0.015625
13 0.09830508474576272 0.703125 0.15593220338983052 0.0140625
13 0.0576271186440678 0.753125 0.06440677966101695 0.0125
13 0.0711864406779661 0.8 0.1016949152542373 0.0125
13 0.06440677966101695 0.8484375 0.07796610169491526 0.015625
13 0.1016949152542373 0.9203125 0.03728813559322034 0.0125
13 0.2983050847457627 0.9203125 0.08135593220338982 0.009375
13 0.5016949152542373 0.9203125 0.04406779661016949 0.0109375
13 0.7220338983050848 0.921875 0.03728813559322034 0.0109375
13 0.9016949152542373 0.9203125 0.023728813559322035 0.009375
13 0.4067796610169492 0.1671875 0.15593220338983052 0.0125
13 0.43389830508474575 0.2828125 0.10847457627118644 0.0125
13 0.6474576271186441 0.284375 0.04745762711864407 0.0125
13 0.8677966101694915 0.284375 0.19661016949152543 0.0140625
13 0.43050847457627117 0.396875 0.10847457627118644 0.0140625
13 0.6508474576271186 0.396875 0.09152542372881356 0.0140625
13 0.8677966101694915 0.396875 0.09830508474576272 0.0140625
13 0.43389830508474575 0.5125 0.09152542372881356 0.0125
13 0.6508474576271186 0.51875 0.15932203389830507 0.0296875
13 0.8677966101694915 0.51875 0.16610169491525423 0.0296875
13 0.43389830508474575 0.65 0.17288135593220338 0.0296875
13 0.6508474576271186 0.640625 0.16271186440677965 0.0125
13 0.8677966101694915 0.65 0.14915254237288136 0.0296875
13 0.43389830508474575 0.7046875 0.2033898305084746 0.0140625
13 0.43050847457627117 0.8203125 0.15932203389830507 0.0125
13 0.6474576271186441 0.8203125 0.11864406779661017 0.0109375
13 0.8677966101694915 0.8203125 0.023728813559322035 0.0125
6 0.43050847457627117 0.2265625 0.16610169491525423 0.078125
6 0.6474576271186441 0.228125 0.17288135593220338 0.078125
6 0.8677966101694915 0.228125 0.1694915254237288 0.075
6 0.43389830508474575 0.3421875 0.16610169491525423 0.0765625
6 0.6508474576271186 0.34375 0.16610169491525423 0.075
6 0.8677966101694915 0.3421875 0.1694915254237288 0.0765625
6 0.43050847457627117 0.45625 0.16271186440677965 0.0765625
6 0.6474576271186441 0.4578125 0.16610169491525423 0.0765625
6 0.8677966101694915 0.4578125 0.16610169491525423 0.0765625
6 0.43050847457627117 0.5875 0.17627118644067796 0.078125
6 0.6508474576271186 0.5859375 0.16610169491525423 0.078125
6 0.8677966101694915 0.5890625 0.16610169491525423 0.075
6 0.43050847457627117 0.765625 0.1694915254237288 0.0765625
6 0.6508474576271186 0.765625 0.17288135593220338 0.078125
6 0.864406779661017 0.765625 0.16610169491525423 0.078125
5 0.09830508474576272 0.89375 0.05423728813559322 0.025
5 0.2983050847457627 0.8953125 0.06440677966101695 0.021875
5 0.5016949152542373 0.8953125 0.04745762711864407 0.0265625
5 0.7084745762711865 0.8953125 0.08135593220338982 0.03125
5 0.9016949152542373 0.8953125 0.05423728813559322 0.0234375
5 0.6779661016949152 0.921875 0.02711864406779661 0.0109375