17 0.5 0.02109375 1 0.0421875
16 0.5 0.06953125 1 0.0578125
10 0.5 0.128125 1 0.05625
13 0.09830508474576272 0.06875 0.09152542372881356 0.0265625
13 0.13898305084745763 0.128125 0.15932203389830507 0.0171875
13 0.3254237288135593 0.128125 0.09491525423728814 0.0171875
13 0.4847457627118644 0.1265625 0.08813559322033898 0.015625
13 0.6406779661016949 0.1265625 0.09491525423728814 0.0140625
13 0.8542372881355932 0.128125 0.2 0.0140625
10 0.5 0.19921875 1 0.0828125
13 0.12203389830508475 0.2 0.05423728813559322 0.0171875
13 0.27796610169491526 0.2 0.04406779661016949 0.0171875
13 0.43389830508474575 0.1984375 0.05084745762711865 0.015625
13 0.5898305084745763 0.2 0.0576271186440678 0.01875
13 0.7762711864406779 0.1984375 0.1152542372881356 0.015625
13 0.9677966101694915 0.1984375 0.06440677966101695 0.015625
13 0.711864406779661 0.2671875 0.05423728813559322 0.015625
13 0.864406779661017 0.2671875 0.05084745762711865 0.0125
5 0.8067796610169492 0.0671875 0.05423728813559322 0.028125
5 0.9186440677966101 0.065625 0.06440677966101695 0.028125
5 0.7694915254237288 0.2671875 0.01694915254237288 0.0078125
5 0.9220338983050848 0.265625 0.020338983050847456 0.00625
6 0.25084745762711863 0.4515625 0.5016949152542373 0.30625
6 0.7508474576271187 0.45 0.49830508474576274 0.30625
13 0.04067796610169491 0.3171875 0.010169491525423728 0.0171875
13 0.5423728813559322 0.3171875 0.01694915254237288 0.015625
13 0.08135593220338982 0.603125 0.05423728813559322 0.0125
13 0.18305084745762712 0.63125 0.29491525423728815 0.0125
13 0.2271186440677966 0.671875 0.38305084745762713 0.040625
13 0.6169491525423729 0.6328125 0.15593220338983052 0.0125
13 0.7491525423728813 0.671875 0.4271186440677966 0.0390625
13 0.08813559322033898 0.7109375 0.1016949152542373 0.0109375
13 0.5932203389830508 0.7125 0.10847457627118644 0.009375
13 0.14576271186440679 0.7359375 0.22033898305084745 0.0171875
13 0.6576271186440678 0.734375 0.23389830508474577 0.0140625
13 0.11186440677966102 0.7703125 0.07457627118644068 0.0140625
13 0.2542372881355932 0.7703125 0.06779661016949153 0.009375
13 0.6474576271186441 0.7703125 0.1423728813559322 0.0109375
13 0.8305084745762712 0.7703125 0.09152542372881356 0.009375
13 0.06779661016949153 0.803125 0.03389830508474576 0.0140625
13 0.5728813559322034 0.803125 0.03389830508474576 0.015625
1 0.4033898305084746 0.9078125 0.8033898305084746 0.065625
5 0.09152542372881356 0.90625 0.05423728813559322 0.0265625
5 0.2745762711864407 0.90625 0.061016949152542375 0.021875
5 0.4576271186440678 0.90625 0.0576271186440678 0.0265625
5 0.6440677966101694 0.90625 0.0576271186440678 0.0296875
5 0.4440677966101695 0.6265625 0.04745762711864407 0.0203125
5 0.9491525423728814 0.628125 0.04067796610169491 0.01875
5 0.04745762711864407 0.76875 0.02711864406779661 0.0109375
5 0.19322033898305085 0.76875 0.02711864406779661 0.0109375
5 0.5491525423728814 0.76875 0.02711864406779661 0.0125
5 0.7593220338983051 0.7703125 0.02711864406779661 0.0125
7 0.888135593220339 0.80625 0.11864406779661017 0.0484375
15 0.888135593220339 0.890625 0.16610169491525423 0.078125
13 0.8745762711864407 0.878125 0.03728813559322034 0.0125
13 0.8915254237288136 0.8984375 0.07796610169491526 0.0140625
5 0.9152542372881356 0.8796875 0.013559322033898305 0.009375