2 0.5 0.5046875 0.8986486486486487 0.1765625
15 0.8209459459459459 0.5296875 0.08783783783783784 0.0671875
15 0.6047297297297297 0.5296875 0.19256756756756757 0.0640625
15 0.3918918918918919 0.53125 0.11824324324324324 0.0640625
15 0.17905405405405406 0.53125 0.11824324324324324 0.0640625
1 0.5 0.9296875 0.9966216216216216 0.05625
15 0.10135135135135136 0.934375 0.05405405405405406 0.0453125
15 0.30067567567567566 0.9328125 0.057432432432432436 0.0453125
15 0.5 0.934375 0.05405405405405406 0.04375
15 0.6993243243243243 0.934375 0.10135135135135136 0.04375
15 0.8986486486486487 0.9359375 0.05067567567567568 0.0390625
2 0.5 0.6890625 0.8986486486486487 0.1515625
2 0.5 0.2796875 0.8918918918918919 0.1796875
17 0.5 0.028125 0.9966216216216216 0.05625
16 0.5 0.1015625 0.9966216216216216 0.0296875
13 0.11824324324324324 0.1046875 0.10810810810810811 0.0171875
12 0.23986486486486486 0.1046875 0.09121621621621621 0.0234375
5 0.6858108108108109 0.1015625 0.06418918918918919 0.028125
5 0.793918918918919 0.1015625 0.05067567567567568 0.025
5 0.9087837837837838 0.103125 0.05067567567567568 0.0265625
13 0.2972972972972973 0.15625 0.46621621621621623 0.015625
6 0.11486486486486487 0.2203125 0.0472972972972973 0.0234375
13 0.3277027027027027 0.2203125 0.35135135135135137 0.015625
5 0.5371621621621622 0.2203125 0.030405405405405407 0.015625
13 0.8074324324324325 0.21875 0.0472972972972973 0.0125
14 0.875 0.2203125 0.06418918918918919 0.025
13 0.875 0.21875 0.037162162162162164 0.0109375
5 0.902027027027027 0.2796875 0.013513513513513514 0.0234375
13 0.5 0.2609375 0.10135135135135136 0.0125
13 0.5 0.2890625 0.08108108108108109 0.025
13 0.19594594594594594 0.3390625 0.060810810810810814 0.015625
13 0.5 0.3390625 0.060810810810810814 0.015625
13 0.8006756756756757 0.3390625 0.09797297297297297 0.015625
11 0.5033783783783784 0.3828125 0.06756756756756757 0.0078125
14 0.6824324324324325 0.4140625 0.4966216216216216 0.04375
13 0.6824324324324325 0.4109375 0.43243243243243246 0.0140625
13 0.875 0.4515625 0.057432432432432436 0.0140625
5 0.8074324324324325 0.45 0.04391891891891892 0.0203125
5 0.8209459459459459 0.515625 0.0777027027027027 0.0375
5 0.6081081081081081 0.5171875 0.08108108108108109 0.0375
5 0.3918918918918919 0.5171875 0.08108108108108109 0.0375
5 0.17905405405405406 0.5171875 0.0777027027027027 0.0359375
13 0.17905405405405406 0.5546875 0.11148648648648649 0.015625
13 0.3918918918918919 0.5546875 0.11486486486486487 0.015625
13 0.6047297297297297 0.5546875 0.1891891891891892 0.0140625
13 0.8209459459459459 0.5546875 0.08783783783783784 0.015625
13 0.3344594594594595 0.6578125 0.47297297297297297 0.0234375
13 0.8141891891891891 0.6578125 0.08445945945945946 0.021875
5 0.8918918918918919 0.6578125 0.02027027027027027 0.0171875
2 0.5 0.7296875 0.8581081081081081 0.053125
13 0.4797297297297297 0.728125 0.6283783783783784 0.0203125
2 0.5 0.846875 0.8952702702702703 0.1046875
6 0.19594594594594594 0.853125 0.16554054054054054 0.071875
13 0.5574324324324325 0.8515625 0.4527027027027027 0.046875
5 0.8986486486486487 0.8203125 0.030405405405405407 0.015625
5 0.10135135135135136 0.925 0.0472972972972973 0.025
5 0.30067567567567566 0.9234375 0.057432432432432436 0.0265625
5 0.5 0.925 0.05405405405405406 0.025
5 0.6993243243243243 0.925 0.05067567567567568 0.0234375
5 0.8986486486486487 0.925 0.05067567567567568 0.01875
13 0.10135135135135136 0.95 0.02027027027027027 0.0125
13 0.30067567567567566 0.95 0.05067567567567568 0.0125
13 0.5 0.95 0.05067567567567568 0.0125
13 0.6993243243243243 0.95 0.10135135135135136 0.0125
13 0.8986486486486487 0.95 0.0472972972972973 0.0109375