17 0.5 0.0171875 1 0.034375
16 0.5 0.059375 1 0.046875
15 0.5016949152542373 0.1453125 0.9050847457627119 0.0640625
6 0.1152542372881356 0.1453125 0.061016949152542375 0.0546875
6 0.5 0.41484375 1 0.3953125
11 0.5016949152542373 0.6234375 0.1152542372881356 0.0125
13 0.07457627118644068 0.6734375 0.0576271186440678 0.0140625
14 0.2542372881355932 0.9 0.46779661016949153 0.05625
14 0.7457627118644068 0.9 0.46440677966101696 0.05625
13 0.2576271186440678 0.9 0.19322033898305085 0.0171875
13 0.7491525423728813 0.9 0.11864406779661017 0.0171875
13 0.4067796610169492 0.71875 0.7220338983050848 0.0234375
13 0.4271186440677966 0.8296875 0.7627118644067796 0.021875
7 0.911864406779661 0.484375 0.09491525423728814 0.04375
7 0.911864406779661 0.54375 0.09491525423728814 0.0421875
7 0.911864406779661 0.603125 0.09830508474576272 0.04375
13 0.8813559322033898 0.6734375 0.12542372881355932 0.015625
13 0.5220338983050847 0.6734375 0.04745762711864407 0.0125
13 0.5050847457627119 0.146875 0.5796610169491525 0.0390625
5 0.06440677966101695 0.0625 0.03389830508474576 0.0265625
5 0.6610169491525424 0.0625 0.0576271186440678 0.0265625
5 0.7966101694915254 0.0625 0.05423728813559322 0.0265625
5 0.9423728813559322 0.05625 0.09152542372881356 0.0390625
5 0.9084745762711864 0.1453125 0.023728813559322035 0.0234375
5 0.6813559322033899 0.671875 0.2440677966101695 0.0203125
13 0.3288135593220339 0.7953125 0.559322033898305 0.0203125
13 0.15254237288135594 0.7640625 0.2135593220338983 0.015625
5 0.29152542372881357 0.7625 0.04067796610169491 0.0171875
13 0.9322033898305084 0.1015625 0.04067796610169491 0.0109375
5 0.9084745762711864 0.4859375 0.05423728813559322 0.021875
5 0.9084745762711864 0.603125 0.0576271186440678 0.0296875
5 0.9084745762711864 0.54375 0.05423728813559322 0.025