17 0.49830508474576274 0.025 0.9966101694915255 0.05
16 0.5016949152542373 0.078125 0.9966101694915255 0.05625
5 0.0711864406779661 0.0765625 0.030508474576271188 0.0265625
13 0.5016949152542373 0.3609375 0.44745762711864406 0.109375
13 0.1864406779661017 0.7390625 0.23728813559322035 0.015625
13 0.13220338983050847 0.778125 0.13220338983050847 0.015625
13 0.13220338983050847 0.81875 0.13220338983050847 0.0140625
13 0.8508474576271187 0.7375 0.09830508474576272 0.015625
13 0.7457627118644068 0.778125 0.3864406779661017 0.0171875
5 0.9288135593220339 0.740625 0.013559322033898305 0.015625
13 0.5084745762711864 0.940625 0.2305084745762712 0.015625
13 0.5423728813559322 0.90625 0.3254237288135593 0.0203125
5 0.31864406779661014 0.90625 0.05084745762711865 0.025