1 0.5016949152542373 0.9 0.9966101694915255 0.0765625
17 0.5 0.021875 1 0.04375
16 0.5 0.071875 1 0.05625
13 0.1423728813559322 0.06875 0.19322033898305085 0.025
5 0.7864406779661017 0.06875 0.0576271186440678 0.0265625
5 0.9254237288135593 0.0640625 0.07796610169491526 0.0328125
15 0.1288135593220339 0.1640625 0.15932203389830507 0.1
15 0.3220338983050847 0.165625 0.15593220338983052 0.0984375
15 0.5186440677966102 0.165625 0.15593220338983052 0.096875
15 0.711864406779661 0.165625 0.15254237288135594 0.0953125
15 0.9050847457627119 0.165625 0.15593220338983052 0.0984375
6 0.1288135593220339 0.1515625 0.15593220338983052 0.0734375
6 0.3220338983050847 0.1515625 0.15254237288135594 0.071875
6 0.5186440677966102 0.153125 0.15932203389830507 0.0734375
6 0.711864406779661 0.1515625 0.15593220338983052 0.0734375
6 0.9050847457627119 0.153125 0.15593220338983052 0.071875
13 0.5152542372881356 0.153125 0.09152542372881356 0.015625
13 0.7152542372881356 0.153125 0.09830508474576272 0.0125
13 0.9084745762711864 0.153125 0.1152542372881356 0.0171875
13 0.12542372881355932 0.20625 0.1152542372881356 0.0140625
13 0.3220338983050847 0.2078125 0.09830508474576272 0.0140625
13 0.5186440677966102 0.2078125 0.08813559322033898 0.0140625
13 0.711864406779661 0.20625 0.13898305084745763 0.0125
13 0.9084745762711864 0.20625 0.05084745762711865 0.0140625
8 0.17288135593220338 0.55 0.3423728813559322 0.6234375
6 0.6711864406779661 0.3125 0.5491525423728814 0.1078125
11 0.6745762711864407 0.35 0.05084745762711865 0.009375
13 0.6372881355932203 0.290625 0.36271186440677966 0.0171875
13 0.6610169491525424 0.3203125 0.4135593220338983 0.0140625
13 0.07796610169491526 0.2671875 0.06440677966101695 0.0171875
13 0.07796610169491526 0.334375 0.06440677966101695 0.015625
13 0.07796610169491526 0.403125 0.06779661016949153 0.015625
13 0.11186440677966102 0.471875 0.13220338983050847 0.015625
13 0.09491525423728814 0.5390625 0.09152542372881356 0.0171875
13 0.14576271186440679 0.60625 0.19661016949152543 0.015625
13 0.07796610169491526 0.6734375 0.06440677966101695 0.0140625
13 0.07796610169491526 0.7421875 0.06440677966101695 0.015625
13 0.09491525423728814 0.809375 0.09491525423728814 0.015625
8 0.6711864406779661 0.7296875 0.5864406779661017 0.2609375
13 0.43728813559322033 0.640625 0.07457627118644068 0.0203125
13 0.45084745762711864 0.7015625 0.10508474576271186 0.0171875
13 0.45084745762711864 0.7625 0.10847457627118644 0.0140625
13 0.4576271186440678 0.825 0.1152542372881356 0.0171875
15 0.5220338983050847 0.41875 0.27796610169491526 0.05
15 0.8271186440677966 0.41875 0.27796610169491526 0.05
15 0.5220338983050847 0.4828125 0.27796610169491526 0.0484375
15 0.823728813559322 0.4828125 0.27796610169491526 0.0484375
15 0.5220338983050847 0.546875 0.27796610169491526 0.0484375
15 0.823728813559322 0.546875 0.27796610169491526 0.0515625
15 0.09830508474576272 0.903125 0.05084745762711865 0.0453125
15 0.2983050847457627 0.903125 0.07796610169491526 0.04375
15 0.49830508474576274 0.903125 0.10508474576271186 0.04375
15 0.7016949152542373 0.903125 0.05084745762711865 0.04375
15 0.9016949152542373 0.903125 0.13220338983050847 0.04375
6 0.4440677966101695 0.41875 0.08135593220338982 0.0359375
6 0.7423728813559322 0.41875 0.07796610169491526 0.0375
6 0.4440677966101695 0.4828125 0.07796610169491526 0.034375
6 0.7423728813559322 0.4828125 0.08135593220338982 0.034375
6 0.4440677966101695 0.546875 0.08135593220338982 0.034375
6 0.7423728813559322 0.546875 0.08135593220338982 0.0375
13 0.5288135593220339 0.41875 0.0576271186440678 0.0125
13 0.8576271186440678 0.4171875 0.1152542372881356 0.03125
13 0.5389830508474577 0.4828125 0.08135593220338982 0.0140625
13 0.8576271186440678 0.4828125 0.11186440677966102 0.015625
13 0.5559322033898305 0.546875 0.11186440677966102 0.0140625
13 0.8271186440677966 0.546875 0.05423728813559322 0.0140625
13 0.1016949152542373 0.91875 0.020338983050847456 0.0140625
13 0.2983050847457627 0.9171875 0.07457627118644068 0.0109375
13 0.49830508474576274 0.91875 0.10847457627118644 0.0140625
13 0.7016949152542373 0.91875 0.023728813559322035 0.0125
13 0.9016949152542373 0.91875 0.13220338983050847 0.0125
5 0.09830508474576272 0.8921875 0.05423728813559322 0.0265625
5 0.3016949152542373 0.8921875 0.04745762711864407 0.025
5 0.5016949152542373 0.8921875 0.04406779661016949 0.01875
5 0.7016949152542373 0.8921875 0.05084745762711865 0.021875
5 0.9016949152542373 0.8921875 0.05084745762711865 0.0234375
5 0.9355932203389831 0.640625 0.023728813559322035 0.0171875
5 0.9355932203389831 0.7015625 0.01694915254237288 0.0171875
5 0.9355932203389831 0.7640625 0.020338983050847456 0.0171875
5 0.9355932203389831 0.825 0.020338983050847456 0.015625