17 0.5 0.0234375 1 0.046875
16 0.5 0.0703125 1 0.04375
6 0.12203389830508475 0.171875 0.15254237288135594 0.071875
6 0.2135593220338983 0.440625 0.3559322033898305 0.196875
6 0.5864406779661017 0.4421875 0.3559322033898305 0.2015625
6 0.8966101694915254 0.44140625 0.20677966101694914 0.1984375
6 0.26440677966101694 0.878125 0.45084745762711864 0.1171875
6 0.7389830508474576 0.878125 0.45084745762711864 0.1171875
15 0.12203389830508475 0.709375 0.18305084745762712 0.0515625
15 0.3389830508474576 0.7078125 0.2135593220338983 0.0484375
15 0.5864406779661017 0.7078125 0.2440677966101695 0.0515625
15 0.8203389830508474 0.7078125 0.18305084745762712 0.046875
5 0.07457627118644068 0.0703125 0.030508474576271188 0.025
5 0.8067796610169492 0.0703125 0.05423728813559322 0.0234375
5 0.9186440677966101 0.0703125 0.0576271186440678 0.028125
5 0.9322033898305084 0.296875 0.01694915254237288 0.0109375
5 0.0847457627118644 0.7078125 0.03728813559322034 0.01875
5 0.39322033898305087 0.709375 0.02711864406779661 0.009375
5 0.6576271186440678 0.7109375 0.020338983050847456 0.00625
5 0.8576271186440678 0.709375 0.030508474576271188 0.009375
5 0.43728813559322033 0.84375 0.04745762711864407 0.01875
5 0.9186440677966101 0.84375 0.04745762711864407 0.01875
13 0.11186440677966102 0.7859375 0.12542372881355932 0.021875
13 0.14915254237288136 0.709375 0.06440677966101695 0.0171875
13 0.31186440677966104 0.709375 0.09152542372881356 0.0171875
13 0.559322033898305 0.709375 0.11864406779661017 0.0140625
13 0.7898305084745763 0.709375 0.061016949152542375 0.015625
13 0.10508474576271186 0.5640625 0.13559322033898305 0.01875
13 0.2033898305084746 0.5921875 0.33559322033898303 0.0125
13 0.08135593220338982 0.621875 0.07457627118644068 0.0140625
13 0.488135593220339 0.5640625 0.13898305084745763 0.01875
13 0.5830508474576271 0.5921875 0.3423728813559322 0.015625
13 0.4610169491525424 0.621875 0.06779661016949153 0.0125
13 0.8610169491525423 0.5640625 0.13898305084745763 0.0203125
13 0.8847457627118644 0.590625 0.19661016949152543 0.0109375
13 0.8372881355932204 0.6203125 0.06779661016949153 0.0109375
13 0.0847457627118644 0.3671875 0.01694915254237288 0.0140625
13 0.46440677966101696 0.36875 0.01694915254237288 0.0140625
13 0.8406779661016949 0.3671875 0.01694915254237288 0.0125
5 0.3423728813559322 0.3671875 0.05084745762711865 0.01875
5 0.7186440677966102 0.36875 0.05423728813559322 0.021875
13 0.2033898305084746 0.296875 0.31186440677966104 0.0234375
13 0.31186440677966104 0.1765625 0.12542372881355932 0.01875
13 0.34576271186440677 0.1375 0.16610169491525423 0.0140625
13 0.288135593220339 0.20625 0.07796610169491526 0.0125
13 0.2271186440677966 0.071875 0.13898305084745763 0.0234375
13 0.8508474576271187 0.2984375 0.11864406779661017 0.015625
6 0.4 0.296875 0.03728813559322034 0.0265625