17 0.5 0.02265625 1 0.0453125
16 0.5 0.071875 1 0.046875
13 0.09830508474576272 0.0671875 0.0847457627118644 0.0296875
5 0.8067796610169492 0.0671875 0.05423728813559322 0.025
5 0.9186440677966101 0.0671875 0.061016949152542375 0.0296875
10 0.5 0.1265625 1 0.059375
13 0.13559322033898305 0.128125 0.15593220338983052 0.0171875
13 0.3288135593220339 0.128125 0.08813559322033898 0.0140625
13 0.48135593220338985 0.128125 0.0847457627118644 0.0140625
13 0.6372881355932203 0.128125 0.09491525423728814 0.0140625
13 0.8542372881355932 0.128125 0.2 0.015625
13 0.27796610169491526 0.1875 0.4406779661016949 0.0171875
5 0.9389830508474576 0.184375 0.01694915254237288 0.0140625
6 0.5 0.490625 1 0.55
13 0.20677966101694914 0.625 0.1864406779661017 0.0375
13 0.26440677966101694 0.6796875 0.29491525423728815 0.0140625
13 0.8406779661016949 0.7265625 0.0711864406779661 0.0109375
5 0.9084745762711864 0.7265625 0.010169491525423728 0.0109375
6 0.13220338983050847 0.8390625 0.1423728813559322 0.065625
6 0.31864406779661014 0.8390625 0.1423728813559322 0.065625
6 0.5016949152542373 0.8390625 0.13898305084745763 0.0640625
6 0.688135593220339 0.8375 0.13898305084745763 0.0640625
7 0.8915254237288136 0.8046875 0.10847457627118644 0.05
14 0.8915254237288136 0.890625 0.16610169491525423 0.0765625
1 0.4033898305084746 0.9078125 0.8033898305084746 0.0625
5 0.09152542372881356 0.90625 0.0576271186440678 0.028125
5 0.2745762711864407 0.90625 0.0576271186440678 0.021875
5 0.4610169491525424 0.90625 0.0576271186440678 0.025
5 0.6406779661016949 0.90625 0.05084745762711865 0.0296875
13 0.8745762711864407 0.878125 0.03728813559322034 0.0125
13 0.888135593220339 0.9 0.08813559322033898 0.0140625
5 0.9152542372881356 0.878125 0.010169491525423728 0.009375