17 0.5 0.0203125 1 0.040625
10 0.5 0.06875 1 0.05625
13 0.3423728813559322 0.065625 0.15932203389830507 0.0234375
13 0.6779661016949152 0.065625 0.11864406779661017 0.01875
13 0.09152542372881356 0.1296875 0.06779661016949153 0.01875
13 0.21694915254237288 0.1296875 0.06779661016949153 0.015625
13 0.34576271186440677 0.1296875 0.06779661016949153 0.015625
13 0.4915254237288136 0.1296875 0.1016949152542373 0.015625
13 0.6711864406779661 0.1296875 0.1423728813559322 0.015625
13 0.8576271186440678 0.1296875 0.10508474576271186 0.0140625
15 0.09830508474576272 0.225 0.061016949152542375 0.0578125
15 0.2983050847457627 0.225 0.10508474576271186 0.059375
15 0.49830508474576274 0.225 0.08135593220338982 0.0578125
15 0.6983050847457627 0.225 0.14915254237288136 0.05625
15 0.9016949152542373 0.225 0.05423728813559322 0.05625
15 0.1016949152542373 0.315625 0.16610169491525423 0.0578125
15 0.2983050847457627 0.315625 0.07796610169491526 0.05625
15 0.49830508474576274 0.315625 0.07796610169491526 0.0578125
15 0.7016949152542373 0.315625 0.05423728813559322 0.0578125
15 0.9016949152542373 0.315625 0.07796610169491526 0.0578125
15 0.1016949152542373 0.41875 0.10508474576271186 0.0828125
15 0.3016949152542373 0.40625 0.1016949152542373 0.0609375
15 0.49830508474576274 0.40625 0.10508474576271186 0.0578125
15 0.7016949152542373 0.4078125 0.1423728813559322 0.0578125
5 0.5694915254237288 0.6 0.05423728813559322 0.0234375
5 0.0711864406779661 0.678125 0.05423728813559322 0.0203125
5 0.5694915254237288 0.678125 0.061016949152542375 0.0234375
5 0.06779661016949153 0.7546875 0.0576271186440678 0.0203125
5 0.5694915254237288 0.7546875 0.05423728813559322 0.0234375
5 0.0711864406779661 0.8328125 0.05423728813559322 0.025
5 0.0711864406779661 0.065625 0.023728813559322035 0.021875
5 0.09830508474576272 0.209375 0.061016949152542375 0.025
5 0.3016949152542373 0.209375 0.05423728813559322 0.025
5 0.5016949152542373 0.209375 0.04406779661016949 0.0265625
5 0.7016949152542373 0.209375 0.04406779661016949 0.0265625
5 0.9016949152542373 0.209375 0.05084745762711865 0.025
5 0.09830508474576272 0.3 0.0576271186440678 0.025
5 0.3016949152542373 0.3 0.05084745762711865 0.025
5 0.5016949152542373 0.3 0.04067796610169491 0.0265625
5 0.7016949152542373 0.3 0.04745762711864407 0.0265625
5 0.9016949152542373 0.2984375 0.04745762711864407 0.0234375
5 0.1016949152542373 0.390625 0.04745762711864407 0.028125
5 0.2983050847457627 0.390625 0.04406779661016949 0.0296875
5 0.5016949152542373 0.390625 0.03389830508474576 0.025
5 0.7016949152542373 0.390625 0.04406779661016949 0.0203125
5 0.9525423728813559 0.55 0.01694915254237288 0.0140625
13 0.5830508474576271 0.9 0.6406779661016949 0.015625
13 0.15932203389830507 0.9015625 0.05423728813559322 0.015625
13 0.2033898305084746 0.8484375 0.11864406779661017 0.0140625
13 0.21016949152542372 0.8265625 0.13559322033898305 0.0140625
13 0.7898305084745763 0.8265625 0.2983050847457627 0.0328125
13 0.2305084745762712 0.596875 0.17288135593220338 0.0140625
13 0.17288135593220338 0.61875 0.05423728813559322 0.0140625
13 0.735593220338983 0.5953125 0.18983050847457628 0.0125
13 0.7152542372881356 0.61875 0.14915254237288136 0.0140625
13 0.21694915254237288 0.6734375 0.15254237288135594 0.0140625
13 0.21694915254237288 0.6953125 0.14576271186440679 0.0140625
13 0.6915254237288135 0.6734375 0.10847457627118644 0.015625
13 0.688135593220339 0.6953125 0.0847457627118644 0.0125
13 0.2847457627118644 0.75 0.29152542372881357 0.0140625
13 0.22033898305084745 0.771875 0.16271186440677965 0.0140625
13 0.688135593220339 0.75 0.09152542372881356 0.0125
13 0.6711864406779661 0.771875 0.05084745762711865 0.0140625
13 0.15593220338983052 0.54375 0.22372881355932203 0.01875
13 0.8203389830508474 0.5484375 0.20677966101694914 0.015625
13 0.09830508474576272 0.246875 0.04745762711864407 0.0109375
13 0.3016949152542373 0.2484375 0.1016949152542373 0.0140625
13 0.49830508474576274 0.246875 0.07796610169491526 0.0140625
13 0.6983050847457627 0.246875 0.13898305084745763 0.0125
13 0.9016949152542373 0.246875 0.04745762711864407 0.0109375
13 0.1016949152542373 0.3390625 0.16610169491525423 0.0125
13 0.3016949152542373 0.3390625 0.08135593220338982 0.009375
13 0.5016949152542373 0.3375 0.07457627118644068 0.0125
13 0.7016949152542373 0.3375 0.05423728813559322 0.0109375
13 0.9016949152542373 0.3390625 0.07796610169491526 0.0140625
13 0.1016949152542373 0.4421875 0.1016949152542373 0.0390625
13 0.2983050847457627 0.4296875 0.09830508474576272 0.0125
13 0.5016949152542373 0.428125 0.10508474576271186 0.0125
13 0.7016949152542373 0.4296875 0.13898305084745763 0.0140625
5 0.0847457627118644 0.9 0.04406779661016949 0.0171875