17 0.5 0.0203125 1 0.040625
4 0.5016949152542373 0.146875 0.9050847457627119 0.059375
10 0.43389830508474575 0.2234375 0.8610169491525423 0.053125
7 0.911864406779661 0.2203125 0.09491525423728814 0.04375
6 0.5 0.36953125 1 0.2421875
15 0.12203389830508475 0.5515625 0.14915254237288136 0.0859375
15 0.29491525423728815 0.5515625 0.14576271186440679 0.084375
15 0.46440677966101696 0.5515625 0.13898305084745763 0.0875
15 0.6372881355932203 0.5515625 0.13559322033898305 0.0859375
15 0.8135593220338984 0.553125 0.1423728813559322 0.0875
15 0.12542372881355932 0.653125 0.1423728813559322 0.0859375
15 0.29491525423728815 0.653125 0.1423728813559322 0.0859375
15 0.46779661016949153 0.653125 0.13898305084745763 0.0890625
15 0.6406779661016949 0.653125 0.1423728813559322 0.0875
15 0.8135593220338984 0.653125 0.14576271186440679 0.0875
11 0.5016949152542373 0.7296875 0.15932203389830507 0.0125
6 0.5016949152542373 0.81875 0.9084745762711864 0.1140625
1 0.5 0.89921875 1 0.0765625
5 0.1016949152542373 0.9078125 0.06779661016949153 0.03125
5 0.3016949152542373 0.9078125 0.09152542372881356 0.0296875
5 0.7016949152542373 0.9078125 0.06440677966101695 0.034375
5 0.9016949152542373 0.90625 0.07457627118644068 0.034375
7 0.5016949152542373 0.896875 0.13559322033898305 0.065625
6 0.2677966101694915 0.828125 0.0576271186440678 0.028125
13 0.5457627118644067 0.83125 0.4406779661016949 0.01875
13 0.12203389830508475 0.5890625 0.08813559322033898 0.0140625
13 0.2983050847457627 0.5890625 0.11864406779661017 0.0125
13 0.46440677966101696 0.5890625 0.12203389830508475 0.0140625
13 0.6372881355932203 0.5890625 0.10508474576271186 0.0125
13 0.8101694915254237 0.5890625 0.09152542372881356 0.0125
13 0.12542372881355932 0.6890625 0.08135593220338982 0.0125
13 0.29491525423728815 0.6890625 0.0847457627118644 0.0140625
13 0.46779661016949153 0.6875 0.061016949152542375 0.0140625
13 0.6372881355932203 0.6890625 0.0847457627118644 0.015625
13 0.8101694915254237 0.690625 0.1016949152542373 0.0140625
13 0.9050847457627119 0.4671875 0.11186440677966102 0.0140625
13 0.711864406779661 0.3390625 0.4406779661016949 0.059375
13 0.6169491525423729 0.2875 0.17966101694915254 0.015625
13 0.10847457627118644 0.21875 0.12203389830508475 0.021875
13 0.28135593220338984 0.21875 0.12542372881355932 0.01875
13 0.5491525423728814 0.21875 0.2135593220338983 0.015625
6 0.4101694915254237 0.2171875 0.05084745762711865 0.0265625
6 0.1152542372881356 0.146875 0.06440677966101695 0.034375
6 0.6508474576271186 0.0703125 0.11186440677966102 0.0734375
13 0.24067796610169492 0.059375 0.3898305084745763 0.0203125
13 0.10847457627118644 0.09375 0.12542372881355932 0.021875
5 0.8 0.065625 0.061016949152542375 0.0359375
5 0.9322033898305084 0.0640625 0.061016949152542375 0.0296875
13 0.6779661016949152 0.396875 0.3728813559322034 0.0125
6 0.12203389830508475 0.540625 0.14576271186440679 0.065625
6 0.29491525423728815 0.5421875 0.1423728813559322 0.065625
6 0.46440677966101696 0.540625 0.1423728813559322 0.065625
6 0.6372881355932203 0.5421875 0.13559322033898305 0.0640625
6 0.8101694915254237 0.540625 0.14576271186440679 0.0625
6 0.12203389830508475 0.6421875 0.1423728813559322 0.0640625
6 0.29491525423728815 0.64375 0.1423728813559322 0.0671875
6 0.46779661016949153 0.64375 0.13898305084745763 0.0671875
6 0.6406779661016949 0.6421875 0.14915254237288136 0.0640625
6 0.8135593220338984 0.6421875 0.13898305084745763 0.0625