8 0.5 0.753125 1 0.2828125
8 0.5 0.4609375 1 0.196875
17 0.5 0.028125 1 0.05625
16 0.5 0.084375 1 0.0578125
13 0.918918918918919 0.08125 0.06756756756756757 0.01875
13 0.10135135135135136 0.140625 0.09121621621621621 0.0265625
4 0.5067567567567568 0.2109375 0.9054054054054054 0.0546875
13 0.4358108108108108 0.203125 0.46283783783783783 0.0203125
5 0.09797297297297297 0.2015625 0.04391891891891892 0.0203125
14 0.27364864864864863 0.2828125 0.4527027027027027 0.0328125
13 0.27364864864864863 0.28125 0.11486486486486487 0.0171875
13 0.722972972972973 0.2828125 0.1858108108108108 0.015625
13 0.4222972972972973 0.41875 0.42905405405405406 0.0359375
13 0.4189189189189189 0.496875 0.42567567567567566 0.0375
13 0.4189189189189189 0.6546875 0.42905405405405406 0.0375
13 0.36486486486486486 0.73125 0.3108108108108108 0.0359375
13 0.3547297297297297 0.8109375 0.30405405405405406 0.040625
13 0.27702702702702703 0.8796875 0.13175675675675674 0.021875
13 0.11486486486486487 0.3484375 0.09797297297297297 0.015625
13 0.12837837837837837 0.584375 0.13513513513513514 0.0171875
6 0.11148648648648649 0.41875 0.11824324324324324 0.0546875
6 0.11486486486486487 0.4953125 0.11824324324324324 0.053125
6 0.11486486486486487 0.653125 0.11824324324324324 0.053125
6 0.11486486486486487 0.73125 0.11824324324324324 0.0515625
6 0.11148648648648649 0.8109375 0.10810810810810811 0.0515625
14 0.5 0.928125 0.9121621621621622 0.071875
13 0.5033783783783784 0.9265625 0.3141891891891892 0.01875
5 0.9222972972972973 0.6546875 0.05405405405405406 0.025
5 0.918918918918919 0.7328125 0.05405405405405406 0.028125
5 0.918918918918919 0.8109375 0.05405405405405406 0.0234375
13 0.38513513513513514 0.98125 0.3581081081081081 0.021875