17 0.5 0.01875 1 0.0375
16 0.5016949152542373 0.0640625 0.9966101694915255 0.05
10 0.5016949152542373 0.15 0.9966101694915255 0.0515625
8 0.15932203389830507 0.528125 0.31864406779661014 0.69375
1 0.5 0.9109375 1 0.065625
15 0.1288135593220339 0.909375 0.05423728813559322 0.04375
15 0.3728813559322034 0.909375 0.0711864406779661 0.0421875
15 0.6237288135593221 0.909375 0.08135593220338982 0.04375
15 0.8779661016949153 0.909375 0.07796610169491526 0.04375
15 0.48135593220338985 0.3328125 0.3050847457627119 0.1890625
15 0.8135593220338984 0.334375 0.3050847457627119 0.1890625
15 0.47796610169491527 0.5375 0.3050847457627119 0.1890625
15 0.8135593220338984 0.5375 0.3050847457627119 0.1890625
15 0.47796610169491527 0.7421875 0.30847457627118646 0.1890625
15 0.8135593220338984 0.740625 0.3050847457627119 0.190625
4 0.45084745762711864 0.0609375 0.7864406779661017 0.0453125
5 0.11864406779661017 0.0625 0.03728813559322034 0.021875
5 0.7762711864406779 0.0609375 0.04406779661016949 0.0171875
5 0.9220338983050848 0.0609375 0.05423728813559322 0.028125
5 0.23728813559322035 0.10625 0.04406779661016949 0.0171875
5 0.6508474576271186 0.1078125 0.04406779661016949 0.0171875
5 0.1288135593220339 0.9 0.05084745762711865 0.0265625
5 0.376271186440678 0.9015625 0.0576271186440678 0.028125
5 0.6237288135593221 0.9015625 0.0576271186440678 0.025
5 0.8745762711864407 0.9015625 0.0576271186440678 0.025
13 0.41694915254237286 0.1078125 0.27796610169491526 0.0109375
13 0.7423728813559322 0.1078125 0.09491525423728814 0.0140625
13 0.08135593220338982 0.15 0.05084745762711865 0.0171875
13 0.2677966101694915 0.1515625 0.2033898305084746 0.01875
13 0.49830508474576274 0.15 0.1423728813559322 0.0140625
13 0.6610169491525424 0.15 0.0711864406779661 0.015625
13 0.13898305084745763 0.209375 0.1694915254237288 0.01875
13 0.4576271186440678 0.2078125 0.2542372881355932 0.0171875
13 0.10847457627118644 0.253125 0.12203389830508475 0.0140625
13 0.07796610169491526 0.2984375 0.06440677966101695 0.0140625
13 0.07796610169491526 0.34375 0.05423728813559322 0.015625
13 0.0711864406779661 0.3890625 0.04406779661016949 0.0125
13 0.0711864406779661 0.4328125 0.04067796610169491 0.0125
13 0.08135593220338982 0.4765625 0.06440677966101695 0.0125
13 0.09152542372881356 0.521875 0.08813559322033898 0.0140625
13 0.07457627118644068 0.5671875 0.04745762711864407 0.0125
13 0.08135593220338982 0.6125 0.06440677966101695 0.0140625
13 0.08135593220338982 0.6578125 0.061016949152542375 0.0140625
13 0.08135593220338982 0.7015625 0.061016949152542375 0.015625
13 0.10508474576271186 0.746875 0.11186440677966102 0.0125
13 0.10847457627118644 0.7921875 0.1152542372881356 0.0140625
13 0.48135593220338985 0.41875 0.09152542372881356 0.0125
13 0.8169491525423729 0.4171875 0.06440677966101695 0.0140625
13 0.47796610169491527 0.621875 0.12542372881355932 0.0125
13 0.8135593220338984 0.6234375 0.09152542372881356 0.0125
13 0.48135593220338985 0.8265625 0.06779661016949153 0.015625
13 0.8135593220338984 0.828125 0.04406779661016949 0.0140625
13 0.12542372881355932 0.925 0.023728813559322035 0.0125
13 0.376271186440678 0.925 0.06779661016949153 0.0125
13 0.6271186440677966 0.9265625 0.07796610169491526 0.009375
13 0.8779661016949153 0.9265625 0.07796610169491526 0.0109375
6 0.47796610169491527 0.3234375 0.3016949152542373 0.16875
6 0.8101694915254237 0.3234375 0.30847457627118646 0.1703125
6 0.48135593220338985 0.5265625 0.3050847457627119 0.1703125
6 0.8135593220338984 0.528125 0.3016949152542373 0.171875
6 0.47796610169491527 0.73125 0.30847457627118646 0.1703125
6 0.8101694915254237 0.73125 0.2983050847457627 0.165625