17 0.5 0.034375 1 0.06875
13 0.19256756756756757 0.1140625 0.2635135135135135 0.028125
10 0.5 0.171875 1 0.0515625
13 0.0945945945945946 0.165625 0.06418918918918919 0.0203125
13 0.23648648648648649 0.1640625 0.09797297297297297 0.0171875
13 0.38513513513513514 0.1640625 0.06756756756756757 0.0171875
13 0.5135135135135135 0.1640625 0.06418918918918919 0.0171875
13 0.6587837837837838 0.1640625 0.0945945945945946 0.0203125
13 0.8040540540540541 0.165625 0.06756756756756757 0.0171875
13 0.9358108108108109 0.1640625 0.0945945945945946 0.015625
2 0.5067567567567568 0.38125 0.918918918918919 0.340625
11 0.8581081081081081 0.2390625 0.11486486486486487 0.0140625
13 0.28040540540540543 0.2546875 0.33783783783783783 0.015625
13 0.2668918918918919 0.328125 0.3141891891891892 0.1046875
6 0.6722972972972973 0.4171875 0.40878378378378377 0.2171875
13 0.13175675675675674 0.6359375 0.12837837837837837 0.0265625
8 0.5 0.790625 0.9966216216216216 0.225
13 0.15202702702702703 0.70625 0.17905405405405406 0.01875
13 0.24324324324324326 0.7359375 0.3614864864864865 0.0171875
13 0.8581081081081081 0.7203125 0.15878378378378377 0.0171875
13 0.8581081081081081 0.8203125 0.1554054054054054 0.0171875
13 0.13513513513513514 0.8078125 0.13851351351351351 0.0171875
13 0.18243243243243243 0.8359375 0.23986486486486486 0.0140625
1 0.5 0.9515625 1 0.096875
5 0.125 0.9296875 0.0472972972972973 0.0234375
5 0.375 0.9296875 0.05067567567567568 0.0234375
5 0.6385135135135135 0.928125 0.06756756756756757 0.028125
5 0.8817567567567568 0.9234375 0.0777027027027027 0.01875