2 0.5047318611987381 0.503125 0.8801261829652997 0.2546875
10 0.722397476340694 0.6 0.4384858044164038 0.0625
10 0.28391167192429023 0.5984375 0.4353312302839117 0.0609375
2 0.5047318611987381 0.8828125 0.8801261829652997 0.2328125
10 0.722397476340694 0.978125 0.4353312302839117 0.04375
10 0.28391167192429023 0.978125 0.4353312302839117 0.04375
16 0.501577287066246 0.0375 0.9968454258675079 0.065625
5 0.0694006309148265 0.0390625 0.031545741324921134 0.0265625
13 0.38801261829652994 0.0421875 0.167192429022082 0.0234375
13 0.6151419558359621 0.0421875 0.1608832807570978 0.0234375
5 0.8359621451104101 0.040625 0.050473186119873815 0.0234375
5 0.917981072555205 0.040625 0.04416403785488959 0.021875
13 0.0914826498422713 0.1046875 0.06309148264984227 0.015625
5 0.15457413249211358 0.1046875 0.04100946372239748 0.0203125
14 0.3501577287066246 0.146875 0.08517350157728706 0.0265625
13 0.3470031545741325 0.1484375 0.050473186119873815 0.0125
14 0.14195583596214512 0.25625 0.167192429022082 0.0390625
14 0.3470031545741325 0.25625 0.19873817034700317 0.040625
13 0.14511041009463724 0.25625 0.10410094637223975 0.01875
13 0.3438485804416404 0.25625 0.13564668769716087 0.01875
13 0.13249211356466878 0.3328125 0.138801261829653 0.0203125
13 0.8517350157728707 0.334375 0.025236593059936908 0.0171875
5 0.9211356466876972 0.334375 0.03470031545741325 0.009375
13 0.1892744479495268 0.41875 0.13249211356466878 0.0171875
14 0.34069400630914826 0.4203125 0.14511041009463724 0.0265625
13 0.34069400630914826 0.421875 0.10094637223974763 0.0140625
13 0.28391167192429023 0.4671875 0.3217665615141956 0.0421875
5 0.8706624605678234 0.4234375 0.012618296529968454 0.025
13 0.8643533123028391 0.525 0.025236593059936908 0.015625
13 0.2807570977917981 0.596875 0.138801261829653 0.01875
13 0.7192429022082019 0.5953125 0.0694006309148265 0.01875
10 0.15141955835962145 0.7234375 0.17665615141955837 0.01875
5 0.277602523659306 0.725 0.04416403785488959 0.0203125
13 0.8391167192429022 0.7234375 0.056782334384858045 0.0171875
13 0.24290220820189273 0.809375 0.23659305993690852 0.01875
13 0.2870662460567823 0.8578125 0.3217665615141956 0.0421875
13 0.8485804416403786 0.9140625 0.056782334384858045 0.01875
13 0.277602523659306 0.9875 0.14195583596214512 0.01875
13 0.722397476340694 0.9875 0.2082018927444795 0.01875
5 0.9211356466876972 0.725 0.03470031545741325 0.009375