10 0.5 0.26953125 1 0.0546875
14 0.1152542372881356 0.2703125 0.11864406779661017 0.0390625
1 0.5016949152542373 0.903125 0.9966101694915255 0.0703125
17 0.5 0.02109375 1 0.0421875
16 0.5 0.06875 1 0.05
10 0.5 0.1265625 1 0.0625
10 0.5 0.32734375 1 0.0578125
13 0.19661016949152543 0.0640625 0.3152542372881356 0.028125
13 0.0711864406779661 0.128125 0.023728813559322035 0.01875
13 0.18983050847457628 0.128125 0.0576271186440678 0.01875
13 0.3288135593220339 0.128125 0.05423728813559322 0.01875
13 0.5084745762711864 0.1265625 0.1423728813559322 0.0171875
13 0.7050847457627119 0.128125 0.09152542372881356 0.015625
13 0.888135593220339 0.128125 0.11864406779661017 0.01875
13 0.1288135593220339 0.190625 0.13559322033898305 0.01875
13 0.3152542372881356 0.1890625 0.13898305084745763 0.0171875
13 0.49830508474576274 0.1890625 0.13559322033898305 0.0171875
13 0.1152542372881356 0.26875 0.0576271186440678 0.0125
13 0.2440677966101695 0.26875 0.05423728813559322 0.0140625
13 0.3728813559322034 0.26875 0.061016949152542375 0.0140625
13 0.5186440677966102 0.26875 0.09152542372881356 0.015625
13 0.688135593220339 0.2703125 0.11186440677966102 0.0125
13 0.8610169491525423 0.26875 0.09152542372881356 0.0140625
15 0.8813559322033898 0.1890625 0.1694915254237288 0.0375
5 0.9220338983050848 0.1890625 0.03389830508474576 0.01875
5 0.8067796610169492 0.0640625 0.04745762711864407 0.025
5 0.9186440677966101 0.0625 0.05423728813559322 0.0265625
5 0.9322033898305084 0.3234375 0.02711864406779661 0.009375
13 0.8576271186440678 0.1890625 0.061016949152542375 0.01875
13 0.09152542372881356 0.328125 0.06779661016949153 0.0171875
13 0.2305084745762712 0.3296875 0.09491525423728814 0.0171875
13 0.4271186440677966 0.3296875 0.1864406779661017 0.0171875
13 0.6067796610169491 0.3296875 0.061016949152542375 0.015625
13 0.7694915254237288 0.3296875 0.14576271186440679 0.0171875
6 0.2542372881355932 0.5421875 0.49830508474576274 0.30625
6 0.7508474576271187 0.5421875 0.49830508474576274 0.30625
13 0.05084745762711865 0.4125 0.04067796610169491 0.0296875
13 0.5491525423728814 0.4109375 0.03728813559322034 0.0328125
13 0.11864406779661017 0.725 0.14915254237288136 0.0140625
13 0.2305084745762712 0.75 0.3728813559322034 0.0140625
13 0.2135593220338983 0.778125 0.3423728813559322 0.015625
13 0.1288135593220339 0.8109375 0.0711864406779661 0.0109375
13 0.2677966101694915 0.8109375 0.10508474576271186 0.0125
13 0.5864406779661017 0.7234375 0.0847457627118644 0.0125
13 0.752542372881356 0.75 0.4135593220338983 0.0140625
13 0.5728813559322034 0.7765625 0.05084745762711865 0.0140625
13 0.6169491525423729 0.8078125 0.05084745762711865 0.0125
13 0.735593220338983 0.80625 0.07796610169491526 0.0125
5 0.0576271186440678 0.8109375 0.02711864406779661 0.0125
5 0.559322033898305 0.8078125 0.03389830508474576 0.0140625
5 0.4406779661016949 0.665625 0.05084745762711865 0.01875
5 0.9389830508474576 0.6671875 0.04406779661016949 0.021875
5 0.11864406779661017 0.903125 0.06440677966101695 0.025
5 0.30847457627118646 0.903125 0.06440677966101695 0.0265625
5 0.6949152542372882 0.9046875 0.06440677966101695 0.0296875
5 0.8813559322033898 0.903125 0.061016949152542375 0.03125
7 0.9152542372881356 0.8296875 0.10847457627118644 0.05
14 0.5050847457627119 0.903125 0.12542372881355932 0.0609375
5 0.5389830508474577 0.421875 0.020338983050847456 0.009375
13 0.5016949152542373 0.903125 0.07457627118644068 0.015625