17 0.5 0.0171875 1 0.034375
6 0.5 0.23671875 1 0.4015625
11 0.2305084745762712 0.4046875 0.3525423728813559 0.0109375
13 0.18305084745762712 0.475 0.2677966101694915 0.0203125
13 0.864406779661017 0.475 0.10847457627118644 0.0140625
13 0.4067796610169492 0.634375 0.7288135593220338 0.084375
13 0.11864406779661017 0.54375 0.1152542372881356 0.0140625
13 0.22033898305084745 0.728125 0.3559322033898305 0.05
14 0.5898305084745763 0.903125 0.8169491525423729 0.0703125
7 0.08813559322033898 0.903125 0.17627118644067796 0.0703125
13 0.5898305084745763 0.9015625 0.15254237288135594 0.0203125
13 0.8033898305084746 0.740625 0.12542372881355932 0.0171875
7 0.9186440677966101 0.821875 0.10847457627118644 0.0484375
7 0.9186440677966101 0.7609375 0.10847457627118644 0.05
5 0.9152542372881356 0.6015625 0.04745762711864407 0.021875
5 0.9423728813559322 0.4734375 0.01694915254237288 0.0125
5 0.43728813559322033 0.7390625 0.04067796610169491 0.0203125
5 0.08813559322033898 0.896875 0.0576271186440678 0.0234375
13 0.09152542372881356 0.91875 0.023728813559322035 0.0078125