8 0.6627118644067796 0.490625 0.6745762711864407 0.3625
17 0.5 0.02734375 1 0.0546875
16 0.5 0.0875 1 0.0625
14 0.14915254237288136 0.0859375 0.17627118644067796 0.0328125
13 0.14915254237288136 0.0859375 0.1152542372881356 0.0125
13 0.735593220338983 0.0859375 0.15593220338983052 0.0171875
5 0.6237288135593221 0.084375 0.04067796610169491 0.0203125
5 0.911864406779661 0.084375 0.04406779661016949 0.0203125
13 0.29491525423728815 0.1296875 0.4542372881355932 0.0140625
4 0.49491525423728816 0.196875 0.8847457627118644 0.0390625
13 0.2677966101694915 0.190625 0.4067796610169492 0.021875
5 0.9050847457627119 0.190625 0.05084745762711865 0.025
15 0.17627118644067796 0.259375 0.2 0.0203125
5 0.09830508474576272 0.259375 0.04067796610169491 0.0203125
13 0.21016949152542372 0.2609375 0.13220338983050847 0.01875
15 0.5016949152542373 0.259375 0.22033898305084745 0.021875
15 0.823728813559322 0.259375 0.2 0.021875
5 0.4135593220338983 0.259375 0.04745762711864407 0.0203125
13 0.535593220338983 0.259375 0.14915254237288136 0.015625
5 0.7491525423728813 0.259375 0.04745762711864407 0.021875
13 0.8610169491525423 0.259375 0.1288135593220339 0.0171875
8 0.16610169491525423 0.6546875 0.3288135593220339 0.690625
13 0.1694915254237288 0.3375 0.2135593220338983 0.021875
13 0.09491525423728814 0.3921875 0.061016949152542375 0.015625
13 0.09491525423728814 0.446875 0.061016949152542375 0.0171875
13 0.1288135593220339 0.5015625 0.1288135593220339 0.0171875
13 0.1694915254237288 0.55625 0.2135593220338983 0.015625
13 0.1288135593220339 0.609375 0.13220338983050847 0.015625
13 0.11186440677966102 0.6640625 0.09830508474576272 0.0171875
13 0.09491525423728814 0.7203125 0.06779661016949153 0.0171875
13 0.1288135593220339 0.7734375 0.1288135593220339 0.015625
13 0.09491525423728814 0.828125 0.06440677966101695 0.0171875
13 0.11186440677966102 0.8828125 0.09491525423728814 0.0171875
13 0.13559322033898305 0.9375 0.14915254237288136 0.0171875
13 0.16610169491525423 0.9921875 0.19661016949152543 0.015625
8 0.6661016949152543 0.83828125 0.6677966101694915 0.3203125
13 0.5864406779661017 0.959375 0.3254237288135593 0.0171875
13 0.5186440677966102 0.9109375 0.19661016949152543 0.0171875
13 0.5186440677966102 0.8625 0.2 0.0171875
13 0.5525423728813559 0.8140625 0.26440677966101694 0.0171875
13 0.5220338983050847 0.765625 0.19661016949152543 0.0171875
13 0.45084745762711864 0.709375 0.06440677966101695 0.0171875
13 0.6677966101694915 0.6265625 0.3593220338983051 0.0171875
13 0.48135593220338985 0.56875 0.12542372881355932 0.01875
14 0.8779661016949153 0.5671875 0.12203389830508475 0.03125
13 0.8779661016949153 0.56875 0.05423728813559322 0.0140625
5 0.9186440677966101 0.490625 0.03728813559322034 0.0171875
5 0.9186440677966101 0.4421875 0.04067796610169491 0.0171875
5 0.9186440677966101 0.39375 0.04067796610169491 0.0171875
13 0.4711864406779661 0.39375 0.09830508474576272 0.0171875
13 0.45084745762711864 0.4421875 0.06440677966101695 0.015625
13 0.4711864406779661 0.490625 0.09830508474576272 0.015625
13 0.535593220338983 0.3390625 0.2271186440677966 0.0171875