17 0.5 0.021875 1 0.04375
16 0.5 0.07265625 1 0.0578125
5 0.07796610169491526 0.0703125 0.03728813559322034 0.028125
5 0.8949152542372881 0.06875 0.04406779661016949 0.0203125
4 0.4915254237288136 0.0703125 0.6677966101694915 0.0421875
14 0.2847457627118644 0.25625 0.4711864406779661 0.04375
14 0.7050847457627119 0.25625 0.3152542372881356 0.04375
14 0.16271186440677965 0.38125 0.2271186440677966 0.040625
14 0.36271186440677966 0.3828125 0.1288135593220339 0.0421875
14 0.5322033898305085 0.3828125 0.15932203389830507 0.0421875
14 0.7627118644067796 0.3828125 0.2576271186440678 0.04375
14 0.10847457627118644 0.7046875 0.1288135593220339 0.046875
14 0.26101694915254237 0.7046875 0.13220338983050847 0.05
14 0.4542372881355932 0.7046875 0.2135593220338983 0.05
14 0.6813559322033899 0.703125 0.21016949152542372 0.0515625
14 0.9050847457627119 0.7046875 0.18983050847457628 0.0484375
5 0.9322033898305084 0.1375 0.01694915254237288 0.0140625
5 0.2847457627118644 0.3265625 0.04745762711864407 0.0234375
5 0.9355932203389831 0.8328125 0.023728813559322035 0.009375
5 0.9355932203389831 0.89375 0.023728813559322035 0.0078125
6 0.1423728813559322 0.5265625 0.18305084745762712 0.0828125
6 0.376271186440678 0.5265625 0.17627118644067796 0.0828125
6 0.6101694915254238 0.5265625 0.17966101694915254 0.0828125
6 0.8440677966101695 0.5265625 0.18305084745762712 0.0828125
13 0.4101694915254237 0.0703125 0.42033898305084744 0.0203125
13 0.19661016949152543 0.1375 0.3016949152542373 0.0140625
13 0.6983050847457627 0.1390625 0.4033898305084746 0.015625
13 0.1423728813559322 0.2015625 0.18983050847457628 0.01875
13 0.9254237288135593 0.2015625 0.0576271186440678 0.015625
13 0.28135593220338984 0.2578125 0.4067796610169492 0.0140625
13 0.7016949152542373 0.2578125 0.2440677966101695 0.015625
13 0.1423728813559322 0.328125 0.1864406779661017 0.01875
13 0.16271186440677965 0.384375 0.15932203389830507 0.0171875
13 0.3593220338983051 0.3828125 0.061016949152542375 0.0140625
13 0.5322033898305085 0.3828125 0.08813559322033898 0.0140625
13 0.7661016949152543 0.3828125 0.18983050847457628 0.0171875
13 0.2 0.453125 0.30847457627118646 0.0203125
13 0.14576271186440679 0.5859375 0.06440677966101695 0.015625
13 0.376271186440678 0.5859375 0.09152542372881356 0.0140625
13 0.6067796610169491 0.5859375 0.061016949152542375 0.015625
13 0.8406779661016949 0.5859375 0.09152542372881356 0.015625
13 0.1423728813559322 0.646875 0.1864406779661017 0.0203125
13 0.823728813559322 0.646875 0.2576271186440678 0.0171875
13 0.10847457627118644 0.7046875 0.061016949152542375 0.0171875
13 0.26101694915254237 0.7046875 0.06440677966101695 0.0140625
13 0.45084745762711864 0.7046875 0.13898305084745763 0.0140625
13 0.6813559322033899 0.7046875 0.14576271186440679 0.015625
13 0.9084745762711864 0.7046875 0.14915254237288136 0.0171875
13 0.17627118644067796 0.775 0.18983050847457628 0.0171875
13 0.15254237288135594 0.834375 0.15593220338983052 0.01875
13 0.17288135593220338 0.8921875 0.19322033898305085 0.0171875