17 0.5 0.02109375 1 0.0421875
16 0.5 0.0796875 1 0.071875
4 0.4542372881355932 0.0734375 0.823728813559322 0.0515625
13 0.288135593220339 0.075 0.42033898305084744 0.0171875
5 0.8033898305084746 0.0734375 0.04745762711864407 0.021875
5 0.9457627118644067 0.0765625 0.07457627118644068 0.0375
15 0.1152542372881356 0.18125 0.1423728813559322 0.09375
15 0.29152542372881357 0.18125 0.14576271186440679 0.09375
15 0.4711864406779661 0.18125 0.14576271186440679 0.0953125
15 0.6474576271186441 0.18125 0.1423728813559322 0.09375
15 0.8271186440677966 0.18125 0.1423728813559322 0.09375
6 0.1152542372881356 0.1671875 0.1423728813559322 0.065625
6 0.29152542372881357 0.1671875 0.1423728813559322 0.0671875
6 0.4711864406779661 0.1671875 0.1423728813559322 0.065625
6 0.6474576271186441 0.1671875 0.1423728813559322 0.065625
6 0.8271186440677966 0.1671875 0.1423728813559322 0.065625
8 0.16271186440677965 0.5546875 0.3220338983050847 0.6109375
13 0.1152542372881356 0.2203125 0.061016949152542375 0.0140625
13 0.29152542372881357 0.221875 0.061016949152542375 0.0125
13 0.46779661016949153 0.221875 0.06779661016949153 0.0125
13 0.6474576271186441 0.221875 0.03728813559322034 0.0125
13 0.8271186440677966 0.221875 0.06440677966101695 0.0125
13 0.0711864406779661 0.271875 0.05423728813559322 0.0171875
13 0.08135593220338982 0.31875 0.07796610169491526 0.015625
13 0.06779661016949153 0.365625 0.05423728813559322 0.0140625
13 0.12203389830508475 0.4109375 0.16610169491525423 0.0203125
13 0.0711864406779661 0.4578125 0.05423728813559322 0.0171875
13 0.0711864406779661 0.503125 0.0576271186440678 0.0140625
13 0.09830508474576272 0.5515625 0.1152542372881356 0.015625
13 0.09830508474576272 0.5953125 0.10847457627118644 0.015625
13 0.06779661016949153 0.6421875 0.04745762711864407 0.015625
13 0.1152542372881356 0.6890625 0.13898305084745763 0.0171875
13 0.08135593220338982 0.734375 0.08135593220338982 0.0140625
13 0.06440677966101695 0.7796875 0.05084745762711865 0.0140625
13 0.08135593220338982 0.828125 0.0711864406779661 0.0171875
13 0.39322033898305087 0.284375 0.05084745762711865 0.015625
5 0.44745762711864406 0.284375 0.013559322033898305 0.0125
15 0.4610169491525424 0.365625 0.15254237288135594 0.09375
15 0.6644067796610169 0.365625 0.15254237288135594 0.09375
15 0.8677966101694915 0.375 0.15254237288135594 0.1140625
15 0.4610169491525424 0.503125 0.15254237288135594 0.0953125
15 0.6644067796610169 0.503125 0.15254237288135594 0.09375
15 0.8677966101694915 0.503125 0.15254237288135594 0.0953125
15 0.4610169491525424 0.6296875 0.15254237288135594 0.1125
15 0.6644067796610169 0.6203125 0.15254237288135594 0.0953125
15 0.864406779661017 0.6203125 0.15254237288135594 0.09375
15 0.4610169491525424 0.7578125 0.15593220338983052 0.09375
15 0.6644067796610169 0.7578125 0.15254237288135594 0.09375
7 0.9186440677966101 0.7390625 0.10847457627118644 0.0515625
6 0.4610169491525424 0.353125 0.15254237288135594 0.0703125
6 0.6644067796610169 0.353125 0.15254237288135594 0.0703125
6 0.8677966101694915 0.353125 0.15254237288135594 0.0703125
6 0.4610169491525424 0.490625 0.15254237288135594 0.0703125
6 0.6644067796610169 0.490625 0.15254237288135594 0.0703125
6 0.8677966101694915 0.490625 0.15254237288135594 0.0703125
6 0.4610169491525424 0.6078125 0.15254237288135594 0.0703125
6 0.6644067796610169 0.6078125 0.15254237288135594 0.0703125
6 0.8677966101694915 0.6078125 0.15254237288135594 0.0703125
6 0.4610169491525424 0.7453125 0.15593220338983052 0.0703125
6 0.6644067796610169 0.7453125 0.14915254237288136 0.0703125
13 0.4576271186440678 0.40625 0.10847457627118644 0.0140625
13 0.6644067796610169 0.40625 0.10847457627118644 0.0140625
13 0.864406779661017 0.415625 0.1152542372881356 0.0328125
13 0.4610169491525424 0.54375 0.15254237288135594 0.0140625
13 0.6644067796610169 0.54375 0.12203389830508475 0.0125
13 0.864406779661017 0.54375 0.13220338983050847 0.0140625
13 0.4610169491525424 0.6703125 0.12203389830508475 0.03125
13 0.6644067796610169 0.6609375 0.15254237288135594 0.0125
13 0.864406779661017 0.6609375 0.15254237288135594 0.0125
13 0.4610169491525424 0.7984375 0.15254237288135594 0.0125
13 0.6644067796610169 0.7984375 0.12203389830508475 0.0140625
14 0.9186440677966101 0.8109375 0.10847457627118644 0.05
13 0.9152542372881356 0.8109375 0.0576271186440678 0.0140625
1 0.5 0.89921875 1 0.0765625
15 0.09830508474576272 0.9015625 0.0847457627118644 0.0484375
15 0.3016949152542373 0.9015625 0.0576271186440678 0.0484375
15 0.5016949152542373 0.9015625 0.05084745762711865 0.05
15 0.7016949152542373 0.9015625 0.0576271186440678 0.05
15 0.9016949152542373 0.9015625 0.05084745762711865 0.05
5 0.1016949152542373 0.8890625 0.061016949152542375 0.0234375
5 0.3016949152542373 0.890625 0.0576271186440678 0.025
5 0.5016949152542373 0.8890625 0.05084745762711865 0.025
5 0.7016949152542373 0.8890625 0.0576271186440678 0.0234375
5 0.9016949152542373 0.8890625 0.05084745762711865 0.0265625
13 0.09830508474576272 0.9203125 0.0847457627118644 0.0109375
13 0.3016949152542373 0.9203125 0.03728813559322034 0.0109375
13 0.5016949152542373 0.9203125 0.01694915254237288 0.0125
13 0.7016949152542373 0.9203125 0.0576271186440678 0.0125
13 0.9016949152542373 0.9203125 0.04067796610169491 0.0109375