17 0.5 0.01953125 1 0.0390625
16 0.5 0.0734375 1 0.0625
6 0.5 0.21328125 1 0.2140625
11 0.49830508474576274 0.296875 0.5050847457627119 0.009375
13 0.49830508474576274 0.89375 0.16610169491525423 0.0234375
13 0.8067796610169492 0.89375 0.16610169491525423 0.01875
13 0.44745762711864406 0.8265625 0.7016949152542373 0.01875
13 0.1152542372881356 0.7828125 0.12203389830508475 0.01875
13 0.3288135593220339 0.7828125 0.1288135593220339 0.015625
13 0.13898305084745763 0.6734375 0.15254237288135594 0.0125
13 0.5796610169491525 0.690625 0.6237288135593221 0.046875
13 0.19322033898305085 0.5984375 0.2745762711864407 0.0171875
13 0.7254237288135593 0.596875 0.3050847457627119 0.01875
13 0.2 0.4953125 0.27796610169491526 0.0546875
13 0.3016949152542373 0.4 0.488135593220339 0.0203125
13 0.1016949152542373 0.3609375 0.0847457627118644 0.0140625
5 0.07796610169491526 0.071875 0.061016949152542375 0.0265625
5 0.6711864406779661 0.06875 0.05423728813559322 0.0265625
5 0.7966101694915254 0.06875 0.05084745762711865 0.028125
5 0.9152542372881356 0.06875 0.061016949152542375 0.0265625
5 0.9084745762711864 0.3640625 0.06779661016949153 0.0296875
5 0.1694915254237288 0.3609375 0.020338983050847456 0.0125
5 0.36610169491525424 0.596875 0.04745762711864407 0.0234375
5 0.9220338983050848 0.5953125 0.04406779661016949 0.0125
5 0.6203389830508474 0.7078125 0.013559322033898305 0.0109375
5 0.8983050847457628 0.8265625 0.01694915254237288 0.0140625
5 0.1016949152542373 0.89375 0.0576271186440678 0.025
5 0.23389830508474577 0.8921875 0.0576271186440678 0.028125