8 0.4915254237288136 0.8265625 0.8745762711864407 0.075
17 0.5 0.02109375 1 0.0421875
16 0.5 0.07421875 1 0.0609375
4 0.5728813559322034 0.0703125 0.3559322033898305 0.05
6 0.5 0.26015625 1 0.3078125
7 0.1016949152542373 0.821875 0.11186440677966102 0.05
15 0.3220338983050847 0.9046875 0.3016949152542373 0.065625
7 0.0847457627118644 0.9046875 0.16610169491525423 0.065625
14 0.735593220338983 0.9046875 0.5254237288135594 0.065625
13 0.735593220338983 0.9046875 0.15932203389830507 0.01875
13 0.3559322033898305 0.9046875 0.15593220338983052 0.01875
13 0.5016949152542373 0.7515625 0.22372881355932203 0.015625
13 0.3694915254237288 0.665625 0.19661016949152543 0.01875
13 0.15254237288135594 0.665625 0.09830508474576272 0.015625
13 0.4542372881355932 0.5078125 0.8169491525423729 0.0296875
13 0.13220338983050847 0.4546875 0.16610169491525423 0.0140625
13 0.39322033898305087 0.45625 0.26440677966101694 0.0125
6 0.5491525423728814 0.6625 0.1016949152542373 0.028125
13 0.16271186440677965 0.0703125 0.23389830508474577 0.0171875
7 0.3152542372881356 0.0703125 0.04406779661016949 0.0203125
5 0.6915254237288135 0.0703125 0.05084745762711865 0.0234375
5 0.823728813559322 0.071875 0.04745762711864407 0.0265625
5 0.9220338983050848 0.071875 0.0576271186440678 0.0234375
5 0.07796610169491526 0.1359375 0.05084745762711865 0.0203125
5 0.9220338983050848 0.4546875 0.04406779661016949 0.0234375
5 0.6338983050847458 0.6625 0.013559322033898305 0.009375
5 0.23728813559322035 0.9046875 0.04745762711864407 0.021875
5 0.0847457627118644 0.90625 0.061016949152542375 0.0265625
5 0.06779661016949153 0.6625 0.04067796610169491 0.01875
5 0.3152542372881356 0.0703125 0.01694915254237288 0.0046875
13 0.3254237288135593 0.5421875 0.5559322033898305 0.028125
13 0.22033898305084745 0.58125 0.3423728813559322 0.0328125
13 0.5016949152542373 0.7234375 0.1423728813559322 0.0265625
5 0.09830508474576272 0.821875 0.04406779661016949 0.0171875