2 0.5016949152542373 0.296875 0.9186440677966101 0.084375
17 0.5 0.0296875 1 0.059375
16 0.5 0.08984375 1 0.0546875
5 0.08135593220338982 0.084375 0.023728813559322035 0.021875
5 0.7966101694915254 0.084375 0.0576271186440678 0.025
5 0.9084745762711864 0.084375 0.05423728813559322 0.0203125
13 0.17627118644067796 0.084375 0.10508474576271186 0.0171875
10 0.5 0.15859375 1 0.0359375
13 0.11864406779661017 0.1546875 0.1016949152542373 0.0171875
13 0.28135593220338984 0.1546875 0.0711864406779661 0.0171875
13 0.4271186440677966 0.1546875 0.0711864406779661 0.0171875
13 0.5694915254237288 0.153125 0.06779661016949153 0.01875
13 0.7288135593220338 0.1546875 0.10508474576271186 0.0171875
13 0.9152542372881356 0.1546875 0.11864406779661017 0.01875
13 0.48135593220338985 0.215625 0.488135593220339 0.01875
14 0.1288135593220339 0.215625 0.14915254237288136 0.0296875
13 0.1288135593220339 0.215625 0.1152542372881356 0.0140625
5 0.864406779661017 0.215625 0.020338983050847456 0.0125
5 0.9288135593220339 0.215625 0.03389830508474576 0.009375
7 0.6067796610169491 0.296875 0.11186440677966102 0.0515625
7 0.7457627118644068 0.296875 0.11186440677966102 0.0515625
5 0.6067796610169491 0.296875 0.05084745762711865 0.028125
5 0.7457627118644068 0.296875 0.05084745762711865 0.025
5 0.8813559322033898 0.296875 0.04406779661016949 0.0234375
13 0.16271186440677965 0.296875 0.13898305084745763 0.0171875
14 0.2847457627118644 0.2984375 0.05423728813559322 0.025
13 0.2847457627118644 0.296875 0.01694915254237288 0.0109375
13 0.1864406779661017 0.3875 0.2576271186440678 0.0171875
13 0.22033898305084745 0.428125 0.3220338983050847 0.025
12 0.39661016949152544 0.3875 0.10847457627118644 0.0265625
5 0.4271186440677966 0.4265625 0.01694915254237288 0.0140625
5 0.5186440677966102 0.428125 0.061016949152542375 0.028125
14 0.8169491525423729 0.4296875 0.2576271186440678 0.04375
13 0.8135593220338984 0.428125 0.15932203389830507 0.0171875
2 0.2677966101694915 0.5734375 0.44745762711864406 0.1875
2 0.735593220338983 0.5734375 0.44745762711864406 0.1859375
2 0.26440677966101694 0.76875 0.4440677966101695 0.1890625
2 0.735593220338983 0.76875 0.44745762711864406 0.1890625
2 0.26440677966101694 0.9359375 0.4440677966101695 0.1265625
2 0.7389830508474576 0.9359375 0.44745762711864406 0.1265625
13 0.11864406779661017 0.5109375 0.0711864406779661 0.0171875
13 0.5898305084745763 0.5109375 0.0711864406779661 0.0171875
13 0.22372881355932203 0.7359375 0.2847457627118644 0.0734375
13 0.6711864406779661 0.7359375 0.24067796610169492 0.0765625
13 0.2 0.93125 0.24067796610169492 0.075
13 0.6644067796610169 0.9328125 0.22033898305084745 0.0734375
5 0.36271186440677966 0.6078125 0.13220338983050847 0.0609375
6 0.8203389830508474 0.6171875 0.15593220338983052 0.040625
5 0.34576271186440677 0.815625 0.1694915254237288 0.040625
5 0.8033898305084746 0.8109375 0.1864406779661017 0.0390625
13 0.1694915254237288 0.55625 0.17288135593220338 0.040625
13 0.6610169491525424 0.55625 0.2135593220338983 0.040625