17 0.5 0.01953125 1 0.0390625
16 0.5 0.06640625 1 0.0546875
6 0.5 0.17890625 1 0.1671875
11 0.5050847457627119 0.2359375 0.5627118644067797 0.0125
6 0.7084745762711865 0.3203125 0.33559322033898303 0.1046875
6 0.5 0.50234375 1 0.1921875
6 0.2135593220338983 0.6796875 0.34915254237288135 0.1625
6 0.6033898305084746 0.6796875 0.34915254237288135 0.1640625
1 0.5 0.90703125 1 0.0609375
15 0.1016949152542373 0.9109375 0.07796610169491526 0.0421875
15 0.2983050847457627 0.9109375 0.0576271186440678 0.04375
15 0.5016949152542373 0.9109375 0.061016949152542375 0.0453125
15 0.6983050847457627 0.909375 0.07796610169491526 0.04375
15 0.911864406779661 0.90625 0.10847457627118644 0.0546875
13 0.09830508474576272 0.925 0.07457627118644068 0.0109375
13 0.2983050847457627 0.9265625 0.04067796610169491 0.0109375
13 0.5016949152542373 0.9265625 0.05423728813559322 0.0109375
13 0.6983050847457627 0.9265625 0.07457627118644068 0.009375
13 0.9016949152542373 0.9265625 0.07457627118644068 0.0109375
13 0.19661016949152543 0.7859375 0.3254237288135593 0.0328125
13 0.5966101694915255 0.7875 0.3423728813559322 0.034375
13 0.1016949152542373 0.8484375 0.12542372881355932 0.053125
13 0.49830508474576274 0.8484375 0.14576271186440679 0.0546875
13 0.8915254237288136 0.85 0.15254237288135594 0.0546875
13 0.8677966101694915 0.7859375 0.11186440677966102 0.0296875
13 0.26440677966101694 0.46875 0.4135593220338983 0.0625
13 0.2440677966101695 0.3390625 0.3220338983050847 0.0484375
13 0.1423728813559322 0.296875 0.09491525423728814 0.015625
13 0.3389830508474576 0.296875 0.14915254237288136 0.0140625
13 0.6813559322033899 0.1859375 0.47796610169491527 0.046875
13 0.15932203389830507 0.065625 0.0711864406779661 0.0234375
5 0.06779661016949153 0.0640625 0.03728813559322034 0.0328125
5 0.9423728813559322 0.3265625 0.02711864406779661 0.0234375
5 0.1016949152542373 0.903125 0.061016949152542375 0.0234375
5 0.2983050847457627 0.903125 0.0576271186440678 0.0265625
5 0.5016949152542373 0.9015625 0.0576271186440678 0.0296875
5 0.7016949152542373 0.9015625 0.061016949152542375 0.028125
5 0.9186440677966101 0.896875 0.09830508474576272 0.0359375
6 0.23728813559322035 0.2984375 0.04067796610169491 0.01875
13 0.2677966101694915 0.571875 0.41694915254237286 0.0203125