17 0.5 0.021875 1 0.04375
16 0.5 0.06875 1 0.046875
4 0.4406779661016949 0.0703125 0.7864406779661017 0.0421875
13 0.3389830508474576 0.0703125 0.37966101694915255 0.0171875
8 0.5 0.44765625 1 0.5390625
13 0.9220338983050848 0.0703125 0.07457627118644068 0.0203125
13 0.34915254237288135 0.1515625 0.6033898305084746 0.021875
13 0.15593220338983052 0.2078125 0.16271186440677965 0.0171875
13 0.15254237288135594 0.259375 0.15932203389830507 0.015625
13 0.15254237288135594 0.3140625 0.15593220338983052 0.015625
13 0.13559322033898305 0.3671875 0.1288135593220339 0.0171875
13 0.15254237288135594 0.4203125 0.16271186440677965 0.0171875
13 0.1864406779661017 0.475 0.22372881355932203 0.0171875
13 0.1694915254237288 0.5265625 0.19661016949152543 0.015625
13 0.15254237288135594 0.5796875 0.15593220338983052 0.0171875
13 0.13559322033898305 0.634375 0.1288135593220339 0.0171875
13 0.13220338983050847 0.6875 0.13898305084745763 0.0171875
13 0.9220338983050848 0.6875 0.023728813559322035 0.0140625
13 0.9084745762711864 0.58125 0.04406779661016949 0.0140625
13 0.9288135593220339 0.4734375 0.010169491525423728 0.0125
13 0.9254237288135593 0.4203125 0.01694915254237288 0.015625
5 0.8779661016949153 0.4203125 0.030508474576271188 0.0125
5 0.8847457627118644 0.4734375 0.02711864406779661 0.0125
5 0.8542372881355932 0.5796875 0.030508474576271188 0.0125
5 0.8779661016949153 0.6875 0.02711864406779661 0.009375
5 0.09491525423728814 0.0703125 0.03728813559322034 0.01875