17 0.5 0.0203125 1 0.040625
16 0.5 0.071875 1 0.059375
10 0.5 0.1328125 1 0.05
7 0.9322033898305084 0.1328125 0.09491525423728814 0.040625
6 0.5016949152542373 0.278125 0.9966101694915255 0.23125
15 0.11864406779661017 0.5375 0.1423728813559322 0.1
15 0.30847457627118646 0.5359375 0.14576271186440679 0.0984375
15 0.49830508474576274 0.5375 0.14915254237288136 0.0953125
15 0.6847457627118644 0.5359375 0.13898305084745763 0.1015625
15 0.8711864406779661 0.5375 0.1423728813559322 0.0984375
15 0.12203389830508475 0.65 0.14576271186440679 0.1
15 0.30847457627118646 0.65 0.1423728813559322 0.1
15 0.49491525423728816 0.6515625 0.1423728813559322 0.096875
15 0.688135593220339 0.6484375 0.1423728813559322 0.1
15 0.8745762711864407 0.65 0.14576271186440679 0.0984375
1 0.5 0.89609375 1 0.0859375
6 0.7932203389830509 0.7796875 0.18983050847457628 0.090625
5 0.1016949152542373 0.903125 0.0576271186440678 0.0265625
15 0.2983050847457627 0.903125 0.0711864406779661 0.0328125
5 0.7016949152542373 0.9015625 0.05423728813559322 0.0296875
5 0.9016949152542373 0.9015625 0.0576271186440678 0.028125
5 0.22033898305084745 0.9703125 0.04745762711864407 0.01875
5 0.5016949152542373 0.96875 0.04406779661016949 0.0203125
5 0.7830508474576271 0.9671875 0.023728813559322035 0.0234375
14 0.5016949152542373 0.890625 0.14576271186440679 0.0703125
13 0.2983050847457627 0.7921875 0.3694915254237288 0.0421875
13 0.11864406779661017 0.6921875 0.11186440677966102 0.015625
13 0.30847457627118646 0.6921875 0.1152542372881356 0.0140625
13 0.49830508474576274 0.6921875 0.09152542372881356 0.0140625
13 0.6847457627118644 0.6921875 0.12542372881355932 0.0171875
13 0.8745762711864407 0.6921875 0.08135593220338982 0.0125
13 0.1152542372881356 0.578125 0.12542372881355932 0.0140625
13 0.30847457627118646 0.5796875 0.12542372881355932 0.0140625
13 0.49491525423728816 0.578125 0.06779661016949153 0.015625
13 0.6847457627118644 0.578125 0.09491525423728814 0.0171875
13 0.8745762711864407 0.5796875 0.09830508474576272 0.015625
13 0.3593220338983051 0.4421875 0.2271186440677966 0.015625
13 0.8813559322033898 0.3609375 0.11864406779661017 0.0125
13 0.1288135593220339 0.4359375 0.12542372881355932 0.0109375
5 0.9220338983050848 0.4359375 0.03389830508474576 0.0140625
7 0.7830508474576271 0.0703125 0.0711864406779661 0.034375
5 0.9050847457627119 0.06875 0.0711864406779661 0.03125
4 0.4847457627118644 0.0703125 0.5220338983050847 0.046875
13 0.43389830508474575 0.0703125 0.3593220338983051 0.01875
13 0.1016949152542373 0.1359375 0.15254237288135594 0.0203125
13 0.2745762711864407 0.134375 0.1152542372881356 0.015625
13 0.39322033898305087 0.134375 0.03728813559322034 0.0203125
13 0.5152542372881356 0.134375 0.1152542372881356 0.01875
13 0.6949152542372882 0.134375 0.14915254237288136 0.0171875
5 0.1152542372881356 0.06875 0.16271186440677965 0.0359375
13 0.3016949152542373 0.915625 0.05423728813559322 0.0078125
5 0.3016949152542373 0.8984375 0.07457627118644068 0.021875
6 0.5016949152542373 0.8703125 0.030508474576271188 0.0078125
5 0.5016949152542373 0.8703125 0.030508474576271188 0.0078125
13 0.5016949152542373 0.8921875 0.11864406779661017 0.009375
13 0.29152542372881357 0.325 0.43728813559322033 0.065625
13 0.11864406779661017 0.2640625 0.07796610169491526 0.0125
5 0.9355932203389831 0.134375 0.03389830508474576 0.0109375
6 0.11864406779661017 0.5234375 0.13898305084745763 0.06875
6 0.3050847457627119 0.521875 0.14576271186440679 0.06875
6 0.49830508474576274 0.521875 0.14915254237288136 0.065625
6 0.688135593220339 0.5203125 0.1423728813559322 0.06875
6 0.8745762711864407 0.521875 0.1423728813559322 0.065625
6 0.8745762711864407 0.6359375 0.1423728813559322 0.06875
6 0.6915254237288135 0.634375 0.1423728813559322 0.06875
6 0.49491525423728816 0.6359375 0.14576271186440679 0.0671875
6 0.30847457627118646 0.6359375 0.13898305084745763 0.0703125
6 0.12203389830508475 0.634375 0.14576271186440679 0.0703125