10 0.49830508474576274 0.146875 0.888135593220339 0.05
17 0.5 0.021875 1 0.04375
16 0.5 0.06953125 1 0.0546875
2 0.5016949152542373 0.353125 0.888135593220339 0.365625
5 0.08135593220338982 0.065625 0.05423728813559322 0.0234375
5 0.8067796610169492 0.0671875 0.0576271186440678 0.028125
5 0.9186440677966101 0.065625 0.06440677966101695 0.03125
5 0.9186440677966101 0.1390625 0.030508474576271188 0.0078125
5 0.4440677966101695 0.1390625 0.03389830508474576 0.009375
13 0.49830508474576274 0.065625 0.16271186440677965 0.021875
13 0.11864406779661017 0.140625 0.06779661016949153 0.015625
13 0.5932203389830508 0.140625 0.06779661016949153 0.015625
13 0.15593220338983052 0.259375 0.061016949152542375 0.0171875
13 0.17288135593220338 0.3 0.09830508474576272 0.015625
13 0.15593220338983052 0.340625 0.06440677966101695 0.015625
13 0.15593220338983052 0.3828125 0.06440677966101695 0.0171875
13 0.15593220338983052 0.4234375 0.06779661016949153 0.015625
13 0.20677966101694914 0.465625 0.16271186440677965 0.015625
13 0.18983050847457628 0.50625 0.13220338983050847 0.015625
13 0.5728813559322034 0.259375 0.09830508474576272 0.015625
13 0.5898305084745763 0.3 0.13220338983050847 0.015625
13 0.5728813559322034 0.340625 0.09830508474576272 0.015625
13 0.5694915254237288 0.38125 0.1016949152542373 0.0140625
13 0.5491525423728814 0.425 0.06440677966101695 0.015625
13 0.6033898305084746 0.465625 0.16271186440677965 0.0171875
13 0.12203389830508475 0.584375 0.06779661016949153 0.0171875
13 0.13559322033898305 0.646875 0.10508474576271186 0.0171875
13 0.12203389830508475 0.7078125 0.06779661016949153 0.01875
13 0.6271186440677966 0.5859375 0.13898305084745763 0.0171875
13 0.5932203389830508 0.646875 0.0711864406779661 0.015625
13 0.6101694915254238 0.7078125 0.10508474576271186 0.015625
5 0.4440677966101695 0.584375 0.030508474576271188 0.0109375
5 0.4440677966101695 0.646875 0.03389830508474576 0.0109375
5 0.4440677966101695 0.7078125 0.030508474576271188 0.009375
5 0.9186440677966101 0.584375 0.030508474576271188 0.0078125
5 0.9186440677966101 0.646875 0.030508474576271188 0.0078125
5 0.9186440677966101 0.7078125 0.023728813559322035 0.009375
14 0.19322033898305085 0.2078125 0.13898305084745763 0.034375
14 0.33559322033898303 0.2078125 0.13898305084745763 0.0328125
13 0.19322033898305085 0.2078125 0.05423728813559322 0.0125
13 0.33559322033898303 0.2078125 0.05423728813559322 0.0140625
13 0.14915254237288136 0.8234375 0.19322033898305085 0.01875
1 0.5 0.91015625 1 0.0578125
5 0.09830508474576272 0.9078125 0.05084745762711865 0.028125
5 0.3016949152542373 0.909375 0.05084745762711865 0.0234375
5 0.5016949152542373 0.9078125 0.0576271186440678 0.0234375
5 0.7016949152542373 0.9078125 0.04745762711864407 0.028125
6 0.9016949152542373 0.9078125 0.07457627118644068 0.0328125