17 0.5 0.01875 1 0.0375
16 0.5 0.06484375 1 0.0546875
4 0.38305084745762713 0.0625 0.7016949152542373 0.04375
8 0.13559322033898305 0.5078125 0.2677966101694915 0.740625
1 0.5 0.9078125 1 0.059375
15 0.1016949152542373 0.9078125 0.06440677966101695 0.0484375
15 0.3016949152542373 0.909375 0.07796610169491526 0.0453125
15 0.49830508474576274 0.9078125 0.061016949152542375 0.0453125
15 0.6644067796610169 0.909375 0.07457627118644068 0.0453125
15 0.39322033898305087 0.2453125 0.17288135593220338 0.115625
15 0.6338983050847458 0.2375 0.17288135593220338 0.096875
15 0.8745762711864407 0.246875 0.16610169491525423 0.115625
15 0.39322033898305087 0.378125 0.1694915254237288 0.1140625
15 0.6338983050847458 0.3703125 0.16610169491525423 0.0953125
15 0.8745762711864407 0.3875 0.19661016949152543 0.134375
15 0.39661016949152544 0.521875 0.16610169491525423 0.0953125
15 0.6372881355932203 0.5296875 0.1864406779661017 0.1171875
15 0.8779661016949153 0.51875 0.19322033898305085 0.10625
15 0.39322033898305087 0.6640625 0.17288135593220338 0.1140625
15 0.6305084745762712 0.6640625 0.18305084745762712 0.11875
15 0.8711864406779661 0.653125 0.17288135593220338 0.1015625
15 0.39322033898305087 0.790625 0.16610169491525423 0.096875
15 0.6372881355932203 0.7890625 0.16271186440677965 0.0984375
15 0.8745762711864407 0.7875 0.1694915254237288 0.0984375
13 0.15254237288135594 0.0625 0.16271186440677965 0.0171875
13 0.17966101694915254 0.1140625 0.16271186440677965 0.0171875
13 0.9220338983050848 0.1140625 0.08813559322033898 0.0125
13 0.04406779661016949 0.159375 0.04067796610169491 0.0171875
13 0.06440677966101695 0.209375 0.0847457627118644 0.015625
13 0.0711864406779661 0.2578125 0.09491525423728814 0.0125
13 0.10508474576271186 0.3078125 0.1694915254237288 0.0140625
13 0.0576271186440678 0.3546875 0.06779661016949153 0.0140625
13 0.1016949152542373 0.4046875 0.15593220338983052 0.015625
13 0.0711864406779661 0.453125 0.09830508474576272 0.0140625
13 0.0576271186440678 0.5015625 0.07457627118644068 0.0140625
13 0.11864406779661017 0.55 0.19661016949152543 0.015625
13 0.1016949152542373 0.5984375 0.16271186440677965 0.0140625
13 0.10508474576271186 0.6484375 0.16610169491525423 0.0125
13 0.11186440677966102 0.696875 0.1864406779661017 0.0125
13 0.07796610169491526 0.7453125 0.10508474576271186 0.0125
13 0.09152542372881356 0.79375 0.1423728813559322 0.0125
13 0.0711864406779661 0.8421875 0.09491525423728814 0.0140625
13 0.1016949152542373 0.925 0.01694915254237288 0.0125
13 0.3016949152542373 0.9265625 0.07457627118644068 0.0109375
13 0.49830508474576274 0.925 0.023728813559322035 0.009375
13 0.6610169491525424 0.925 0.0711864406779661 0.0109375
13 0.7728813559322034 0.8953125 0.09152542372881356 0.0125
13 0.7762711864406779 0.91875 0.08135593220338982 0.0109375
13 0.39322033898305087 0.83125 0.15932203389830507 0.0140625
13 0.6338983050847458 0.8296875 0.15932203389830507 0.015625
13 0.8711864406779661 0.83125 0.09830508474576272 0.0109375
13 0.39661016949152544 0.70625 0.15593220338983052 0.03125
13 0.6338983050847458 0.70625 0.17966101694915254 0.0328125
13 0.8711864406779661 0.696875 0.14915254237288136 0.0140625
13 0.39322033898305087 0.5640625 0.10508474576271186 0.0140625
13 0.6372881355932203 0.571875 0.1864406779661017 0.0296875
13 0.8711864406779661 0.5640625 0.18305084745762712 0.0140625
13 0.8745762711864407 0.43125 0.19322033898305085 0.05
13 0.6338983050847458 0.4125 0.09152542372881356 0.0125
13 0.39661016949152544 0.421875 0.15593220338983052 0.0296875
13 0.39322033898305087 0.2890625 0.10847457627118644 0.03125
13 0.6338983050847458 0.278125 0.1694915254237288 0.0125
13 0.8745762711864407 0.2875 0.16271186440677965 0.034375
13 0.39322033898305087 0.1625 0.19322033898305085 0.0140625
5 0.7694915254237288 0.0640625 0.061016949152542375 0.021875
5 0.8983050847457628 0.0625 0.13220338983050847 0.040625
6 0.39322033898305087 0.2265625 0.1694915254237288 0.0765625
6 0.6338983050847458 0.2265625 0.17288135593220338 0.078125
6 0.8745762711864407 0.228125 0.16610169491525423 0.0765625
6 0.39322033898305087 0.3609375 0.1694915254237288 0.0796875
6 0.6338983050847458 0.3609375 0.16610169491525423 0.078125
6 0.8779661016949153 0.3609375 0.1694915254237288 0.0765625
6 0.39661016949152544 0.5125 0.16610169491525423 0.0734375
6 0.6338983050847458 0.5109375 0.17288135593220338 0.078125
6 0.8779661016949153 0.5078125 0.1864406779661017 0.0828125
6 0.39322033898305087 0.64375 0.1694915254237288 0.0765625
6 0.6372881355932203 0.6453125 0.1694915254237288 0.078125
6 0.8711864406779661 0.6421875 0.17288135593220338 0.078125
6 0.39322033898305087 0.778125 0.16610169491525423 0.075
6 0.6372881355932203 0.7796875 0.16271186440677965 0.08125
6 0.8745762711864407 0.7796875 0.1694915254237288 0.0796875
5 0.09830508474576272 0.896875 0.06440677966101695 0.028125
5 0.3016949152542373 0.9 0.0711864406779661 0.025
5 0.5016949152542373 0.896875 0.05084745762711865 0.0265625
5 0.6610169491525424 0.8984375 0.061016949152542375 0.0265625
5 0.0576271186440678 0.1125 0.04406779661016949 0.0171875