1 0.5 0.95390625 1 0.0890625
15 0.12542372881355932 0.9390625 0.04745762711864407 0.0421875
15 0.31186440677966104 0.9390625 0.0576271186440678 0.0390625
15 0.5016949152542373 0.9375 0.08813559322033898 0.0421875
15 0.6915254237288135 0.9390625 0.04745762711864407 0.040625
15 0.8779661016949153 0.9390625 0.04406779661016949 0.0375
17 0.5 0.02265625 1 0.0453125
16 0.5 0.075 1 0.053125
6 0.09491525423728814 0.078125 0.0711864406779661 0.034375
13 0.2135593220338983 0.078125 0.1423728813559322 0.021875
5 0.8 0.078125 0.05084745762711865 0.0265625
5 0.9288135593220339 0.0765625 0.07457627118644068 0.03125
2 0.5016949152542373 0.146875 0.9288135593220339 0.08125
13 0.17966101694915254 0.1484375 0.16271186440677965 0.01875
5 0.8949152542372881 0.1484375 0.013559322033898305 0.0125
2 0.5016949152542373 0.5546875 0.9288135593220339 0.7078125
8 0.5050847457627119 0.54375 0.8372881355932204 0.64375
6 0.14576271186440679 0.25 0.1016949152542373 0.0453125
13 0.3864406779661017 0.2375 0.3016949152542373 0.0140625
13 0.41694915254237286 0.2640625 0.02711864406779661 0.01875
13 0.3559322033898305 0.3109375 0.2440677966101695 0.0125
13 0.36610169491525424 0.3375 0.030508474576271188 0.0171875
13 0.31864406779661014 0.38125 0.16610169491525423 0.0140625
13 0.4440677966101695 0.4078125 0.02711864406779661 0.0171875
13 0.3423728813559322 0.453125 0.20677966101694914 0.0140625
13 0.42033898305084744 0.4796875 0.030508474576271188 0.0171875
13 0.3016949152542373 0.5234375 0.13220338983050847 0.0140625
13 0.42033898305084744 0.55 0.030508474576271188 0.0171875
13 0.2983050847457627 0.5953125 0.12542372881355932 0.0140625
13 0.2983050847457627 0.6671875 0.12203389830508475 0.0140625
13 0.45084745762711864 0.69375 0.03389830508474576 0.01875
13 0.34576271186440677 0.7390625 0.21694915254237288 0.0109375
13 0.26440677966101694 0.765625 0.0576271186440678 0.0171875
13 0.3559322033898305 0.809375 0.23728813559322035 0.0140625
13 0.5389830508474577 0.8359375 0.21016949152542372 0.0171875
13 0.48135593220338985 0.896875 0.4915254237288136 0.015625
5 0.752542372881356 0.8984375 0.013559322033898305 0.0125
5 0.12542372881355932 0.9296875 0.04406779661016949 0.021875
5 0.31186440677966104 0.9296875 0.05423728813559322 0.021875
5 0.5016949152542373 0.9296875 0.04745762711864407 0.0234375
5 0.6915254237288135 0.9296875 0.04745762711864407 0.0203125
5 0.8813559322033898 0.93125 0.04406779661016949 0.01875
14 0.8440677966101695 0.5359375 0.12542372881355932 0.034375
14 0.8406779661016949 0.465625 0.12542372881355932 0.034375
13 0.8406779661016949 0.5359375 0.05084745762711865 0.015625
13 0.8406779661016949 0.465625 0.05084745762711865 0.0125
14 0.8440677966101695 0.396875 0.12542372881355932 0.0359375
13 0.8440677966101695 0.396875 0.05084745762711865 0.0140625
13 0.8440677966101695 0.2515625 0.05423728813559322 0.0140625
14 0.8440677966101695 0.25 0.12542372881355932 0.0328125
6 0.14576271186440679 0.321875 0.09491525423728814 0.0453125
6 0.14576271186440679 0.3984375 0.09491525423728814 0.046875
6 0.14576271186440679 0.465625 0.1016949152542373 0.0453125
6 0.14576271186440679 0.5359375 0.09491525423728814 0.046875
6 0.14576271186440679 0.6078125 0.09491525423728814 0.04375
6 0.14576271186440679 0.6796875 0.09491525423728814 0.04375
6 0.14576271186440679 0.75 0.09830508474576272 0.04375
6 0.14576271186440679 0.8265625 0.1016949152542373 0.04375
13 0.12203389830508475 0.953125 0.020338983050847456 0.0109375
13 0.31186440677966104 0.953125 0.04067796610169491 0.009375
13 0.5016949152542373 0.953125 0.08813559322033898 0.0109375
13 0.6915254237288135 0.953125 0.04067796610169491 0.0109375
13 0.8779661016949153 0.953125 0.04406779661016949 0.0109375