17 0.5 0.0203125 1 0.040625
16 0.5 0.071875 1 0.059375
6 0.5 0.33671875 1 0.4484375
11 0.5016949152542373 0.54375 0.08135593220338982 0.0109375
14 0.5796610169491525 0.9 0.8135593220338984 0.0640625
13 0.5796610169491525 0.9 0.1694915254237288 0.0203125
13 0.3016949152542373 0.8078125 0.26101694915254237 0.01875
13 0.08813559322033898 0.8078125 0.06440677966101695 0.015625
13 0.2542372881355932 0.734375 0.3898305084745763 0.028125
13 0.423728813559322 0.61875 0.7288135593220338 0.053125
13 0.13559322033898305 0.6671875 0.05084745762711865 0.0140625
13 0.27796610169491526 0.66875 0.1694915254237288 0.0171875
13 0.4915254237288136 0.66875 0.1864406779661017 0.015625
13 0.1423728813559322 0.7046875 0.1694915254237288 0.01875
7 0.9186440677966101 0.81875 0.12203389830508475 0.05625
5 0.0847457627118644 0.9 0.0711864406779661 0.0296875
15 0.5864406779661017 0.8078125 0.23728813559322035 0.040625
5 0.511864406779661 0.8078125 0.023728813559322035 0.0109375
13 0.6 0.809375 0.1288135593220339 0.0140625
5 0.4711864406779661 0.7328125 0.01694915254237288 0.015625
5 0.07796610169491526 0.6671875 0.03389830508474576 0.015625
7 0.888135593220339 0.6140625 0.10847457627118644 0.0515625
5 0.09491525423728814 0.0671875 0.0576271186440678 0.028125
5 0.7830508474576271 0.0671875 0.0576271186440678 0.0265625
5 0.9220338983050848 0.0640625 0.09152542372881356 0.0375
5 0.888135593220339 0.6140625 0.04067796610169491 0.0234375
5 0.9186440677966101 0.81875 0.061016949152542375 0.028125