6 0.22372881355932203 0.8140625 0.3525423728813559 0.125
17 0.5 0.02421875 1 0.0484375
16 0.5 0.075 1 0.053125
14 0.10508474576271186 0.3109375 0.15254237288135594 0.0390625
15 0.3050847457627119 0.309375 0.21016949152542372 0.0375
15 0.49830508474576274 0.3109375 0.14576271186440679 0.0390625
15 0.7084745762711865 0.3109375 0.24745762711864408 0.0359375
6 0.22372881355932203 0.553125 0.34915254237288135 0.1625
6 0.49491525423728816 0.8234375 0.45084745762711864 0.05625
12 0.6237288135593221 0.821875 0.12542372881355932 0.025
1 0.5 0.9078125 1 0.0625
7 0.49830508474576274 0.896875 0.13898305084745763 0.0609375
7 0.911864406779661 0.8265625 0.08813559322033898 0.0421875
7 0.911864406779661 0.7734375 0.09152542372881356 0.0421875
5 0.09830508474576272 0.90625 0.0711864406779661 0.03125
5 0.3016949152542373 0.909375 0.08813559322033898 0.03125
5 0.7016949152542373 0.909375 0.06779661016949153 0.034375
5 0.9016949152542373 0.9078125 0.0711864406779661 0.0328125
13 0.6135593220338983 0.775 0.3525423728813559 0.0390625
13 0.6372881355932203 0.5078125 0.4 0.065625
13 0.5389830508474577 0.58125 0.20677966101694914 0.0609375
13 0.47796610169491527 0.63125 0.0847457627118644 0.0109375
13 0.6033898305084746 0.6625 0.2542372881355932 0.0140625
13 0.33220338983050846 0.61875 0.03389830508474576 0.0140625
7 0.9152542372881356 0.4953125 0.08813559322033898 0.0421875
7 0.911864406779661 0.5484375 0.08813559322033898 0.0390625
13 0.5491525423728814 0.696875 0.09152542372881356 0.0109375
5 0.47796610169491527 0.696875 0.03389830508474576 0.0140625
5 0.4576271186440678 0.6609375 0.02711864406779661 0.0125
5 0.9322033898305084 0.3671875 0.04745762711864407 0.0203125
7 0.9288135593220339 0.309375 0.08813559322033898 0.0390625
5 0.06779661016949153 0.3671875 0.03389830508474576 0.0140625
5 0.3152542372881356 0.365625 0.030508474576271188 0.0078125
5 0.3694915254237288 0.6203125 0.023728813559322035 0.0109375
5 0.14576271186440679 0.4875 0.013559322033898305 0.0109375
13 0.09491525423728814 0.4875 0.07457627118644068 0.0125
13 0.17966101694915254 0.421875 0.2677966101694915 0.0171875
13 0.9186440677966101 0.421875 0.05423728813559322 0.0109375
13 0.18983050847457628 0.3671875 0.19661016949152543 0.0125
13 0.10508474576271186 0.3109375 0.08813559322033898 0.0140625
13 0.2847457627118644 0.3109375 0.11186440677966102 0.0140625
13 0.48135593220338985 0.3125 0.04406779661016949 0.0125
13 0.7322033898305085 0.3109375 0.13559322033898305 0.0140625
6 0.6338983050847458 0.309375 0.04406779661016949 0.01875
5 0.5288135593220339 0.3109375 0.02711864406779661 0.0078125
5 0.3694915254237288 0.309375 0.023728813559322035 0.0078125
5 0.06779661016949153 0.075 0.030508474576271188 0.0296875
5 0.9322033898305084 0.075 0.06440677966101695 0.0328125
13 0.49830508474576274 0.075 0.04745762711864407 0.0203125
13 0.0711864406779661 0.1359375 0.05423728813559322 0.0125
13 0.06779661016949153 0.1921875 0.04745762711864407 0.0125
13 0.06779661016949153 0.2484375 0.04406779661016949 0.0109375
13 0.5661016949152542 0.134375 0.04067796610169491 0.015625
13 0.5932203389830508 0.1921875 0.09830508474576272 0.0125
5 0.911864406779661 0.496875 0.04745762711864407 0.01875
5 0.9084745762711864 0.55 0.04406779661016949 0.0203125
5 0.911864406779661 0.775 0.04067796610169491 0.0171875
5 0.911864406779661 0.828125 0.04406779661016949 0.0203125