15 0.7152542372881356 0.7734375 0.2305084745762712 0.0375
17 0.5 0.0171875 1 0.034375
16 0.5 0.07109375 1 0.0703125
6 0.49830508474576274 0.225 0.9966101694915255 0.2359375
4 0.5016949152542373 0.6328125 0.9423728813559322 0.0484375
15 0.14576271186440679 0.7 0.21016949152542372 0.040625
15 0.3898305084745763 0.7 0.23389830508474577 0.040625
15 0.6372881355932203 0.7015625 0.21694915254237288 0.040625
15 0.8711864406779661 0.7015625 0.20677966101694914 0.040625
1 0.5016949152542373 0.9046875 0.9966101694915255 0.06875
5 0.09830508474576272 0.9046875 0.06779661016949153 0.028125
5 0.3016949152542373 0.90625 0.06779661016949153 0.03125
5 0.5016949152542373 0.9046875 0.0711864406779661 0.0328125
5 0.7016949152542373 0.9046875 0.0711864406779661 0.028125
5 0.9016949152542373 0.903125 0.06440677966101695 0.0296875
5 0.31864406779661014 0.8328125 0.03389830508474576 0.0171875
5 0.6474576271186441 0.775 0.03728813559322034 0.0140625
5 0.9423728813559322 0.775 0.04067796610169491 0.0171875
5 0.2033898305084746 0.7015625 0.04067796610169491 0.01875
5 0.4576271186440678 0.7 0.04067796610169491 0.01875
5 0.6949152542372882 0.7 0.04067796610169491 0.01875
5 0.9254237288135593 0.7 0.04067796610169491 0.0171875
5 0.9186440677966101 0.6328125 0.05084745762711865 0.025
5 0.45084745762711864 0.3796875 0.01694915254237288 0.0125
5 0.9525423728813559 0.378125 0.013559322033898305 0.0109375
5 0.9525423728813559 0.4265625 0.013559322033898305 0.0109375
5 0.9525423728813559 0.475 0.013559322033898305 0.0109375
5 0.9525423728813559 0.5234375 0.013559322033898305 0.0109375
5 0.9525423728813559 0.5703125 0.013559322033898305 0.0125
5 0.45084745762711864 0.5703125 0.013559322033898305 0.0109375
5 0.45084745762711864 0.521875 0.013559322033898305 0.0109375
5 0.45084745762711864 0.475 0.013559322033898305 0.0125
5 0.45084745762711864 0.4265625 0.013559322033898305 0.0125
5 0.8203389830508474 0.0765625 0.0576271186440678 0.034375
5 0.9220338983050848 0.0765625 0.07457627118644068 0.03125
5 0.07457627118644068 0.0765625 0.061016949152542375 0.0265625
13 0.49830508474576274 0.071875 0.06779661016949153 0.021875
13 0.09491525423728814 0.378125 0.10508474576271186 0.0140625
13 0.09491525423728814 0.4265625 0.10508474576271186 0.0140625
13 0.09830508474576272 0.475 0.10508474576271186 0.0125
13 0.09830508474576272 0.521875 0.1016949152542373 0.0140625
13 0.10508474576271186 0.5703125 0.12542372881355932 0.015625
13 0.5864406779661017 0.5703125 0.0847457627118644 0.0140625
13 0.5661016949152542 0.521875 0.04406779661016949 0.015625
13 0.5932203389830508 0.4734375 0.10508474576271186 0.0109375
13 0.5932203389830508 0.428125 0.1016949152542373 0.0125
13 0.6101694915254238 0.3796875 0.13220338983050847 0.015625
13 0.21694915254237288 0.634375 0.3152542372881356 0.0171875
13 0.12203389830508475 0.7015625 0.08813559322033898 0.015625
13 0.36610169491525424 0.703125 0.11186440677966102 0.015625
13 0.6135593220338983 0.703125 0.09491525423728814 0.0140625
13 0.847457627118644 0.703125 0.0847457627118644 0.0171875
13 0.13559322033898305 0.7765625 0.1864406779661017 0.015625
13 0.7728813559322034 0.7765625 0.09491525423728814 0.0140625
13 0.7220338983050848 0.8265625 0.30847457627118646 0.015625
13 0.17966101694915254 0.8328125 0.2271186440677966 0.015625
13 0.4440677966101695 0.8328125 0.07796610169491526 0.015625
5 0.04745762711864407 0.8328125 0.03389830508474576 0.009375
13 0.9152542372881356 0.315625 0.0576271186440678 0.015625