15 0.11864406779661017 0.70625 0.16271186440677965 0.1
1 0.5016949152542373 0.9015625 0.9966101694915255 0.0734375
17 0.5016949152542373 0.0234375 0.9966101694915255 0.046875
16 0.5 0.071875 1 0.046875
13 0.17288135593220338 0.0671875 0.25084745762711863 0.0296875
10 0.5 0.1296875 1 0.065625
5 0.7830508474576271 0.0671875 0.05084745762711865 0.025
5 0.9288135593220339 0.0640625 0.0711864406779661 0.0296875
13 0.13220338983050847 0.13125 0.1423728813559322 0.01875
13 0.34915254237288135 0.13125 0.1016949152542373 0.0203125
13 0.5152542372881356 0.13125 0.06779661016949153 0.0171875
13 0.7084745762711865 0.1328125 0.15254237288135594 0.01875
13 0.940677966101695 0.13203125 0.11864406779661017 0.0203125
6 0.49830508474576274 0.3484375 0.9966101694915255 0.36875
13 0.3593220338983051 0.4125 0.535593220338983 0.0734375
13 0.4135593220338983 0.48125 0.6508474576271186 0.0203125
15 0.8711864406779661 0.4953125 0.17288135593220338 0.0296875
13 0.8542372881355932 0.496875 0.08135593220338982 0.0140625
5 0.9220338983050848 0.496875 0.013559322033898305 0.0125
15 0.11864406779661017 0.59375 0.15932203389830507 0.0953125
15 0.3050847457627119 0.5953125 0.15254237288135594 0.0953125
15 0.49491525423728816 0.5953125 0.15593220338983052 0.0953125
15 0.688135593220339 0.5953125 0.15593220338983052 0.09375
15 0.8745762711864407 0.59375 0.16271186440677965 0.0984375
15 0.3050847457627119 0.70625 0.15593220338983052 0.0984375
15 0.49491525423728816 0.709375 0.16271186440677965 0.0953125
15 0.6847457627118644 0.70625 0.15593220338983052 0.0953125
15 0.8745762711864407 0.70625 0.15254237288135594 0.096875
6 0.11864406779661017 0.5828125 0.15932203389830507 0.075
6 0.3050847457627119 0.5828125 0.15254237288135594 0.0734375
6 0.49491525423728816 0.5828125 0.15593220338983052 0.0734375
6 0.688135593220339 0.5828125 0.15254237288135594 0.0703125
6 0.8745762711864407 0.5828125 0.15593220338983052 0.0734375
6 0.11864406779661017 0.69375 0.15932203389830507 0.0765625
6 0.30847457627118646 0.6953125 0.15593220338983052 0.075
6 0.49491525423728816 0.696875 0.16271186440677965 0.075
6 0.6847457627118644 0.6953125 0.15593220338983052 0.0734375
6 0.8745762711864407 0.6953125 0.14915254237288136 0.075
13 0.1152542372881356 0.6359375 0.0847457627118644 0.0125
13 0.3050847457627119 0.6359375 0.1423728813559322 0.015625
13 0.49491525423728816 0.634375 0.05084745762711865 0.0140625
13 0.6847457627118644 0.634375 0.0847457627118644 0.0125
13 0.8745762711864407 0.6359375 0.11186440677966102 0.0140625
13 0.1152542372881356 0.7484375 0.14915254237288136 0.015625
13 0.3050847457627119 0.746875 0.1152542372881356 0.015625
13 0.4915254237288136 0.7484375 0.08135593220338982 0.0125
13 0.6847457627118644 0.7484375 0.1423728813559322 0.0140625
13 0.8745762711864407 0.7484375 0.13898305084745763 0.0140625
13 0.3050847457627119 0.8171875 0.5186440677966102 0.0203125
13 0.8779661016949153 0.821875 0.15932203389830507 0.0125
15 0.09830508474576272 0.903125 0.05423728813559322 0.0453125
15 0.3016949152542373 0.9015625 0.07457627118644068 0.04375
15 0.49830508474576274 0.903125 0.10847457627118644 0.0421875
15 0.7016949152542373 0.903125 0.0576271186440678 0.04375
15 0.9016949152542373 0.903125 0.13559322033898305 0.04375
5 0.1016949152542373 0.8921875 0.05423728813559322 0.025
5 0.3016949152542373 0.8921875 0.04406779661016949 0.025
5 0.5016949152542373 0.8921875 0.04745762711864407 0.0203125
5 0.7016949152542373 0.8921875 0.0576271186440678 0.021875
5 0.8983050847457628 0.8921875 0.04745762711864407 0.021875
13 0.1016949152542373 0.91875 0.023728813559322035 0.0125
13 0.3016949152542373 0.9171875 0.07457627118644068 0.0109375
13 0.49830508474576274 0.91875 0.10508474576271186 0.0140625
13 0.6983050847457627 0.91875 0.023728813559322035 0.0125
13 0.9016949152542373 0.91875 0.13220338983050847 0.0125