17 0.5 0.03125 1 0.0625
13 0.08813559322033898 0.084375 0.0711864406779661 0.0203125
13 0.9050847457627119 0.084375 0.06779661016949153 0.01875
13 0.30847457627118646 0.1578125 0.488135593220339 0.04375
13 0.5016949152542373 0.26875 0.3593220338983051 0.0328125
13 0.49830508474576274 0.3125 0.10508474576271186 0.015625
14 0.14915254237288136 0.565625 0.16610169491525423 0.0359375
14 0.3220338983050847 0.565625 0.16271186440677965 0.0390625
14 0.5016949152542373 0.565625 0.16610169491525423 0.0375
14 0.6779661016949152 0.565625 0.16271186440677965 0.0375
14 0.8576271186440678 0.565625 0.1694915254237288 0.0375
13 0.14576271186440679 0.565625 0.061016949152542375 0.0171875
13 0.3254237288135593 0.565625 0.09152542372881356 0.0140625
13 0.5016949152542373 0.565625 0.06779661016949153 0.015625
13 0.6813559322033899 0.565625 0.04745762711864407 0.0125
13 0.8576271186440678 0.565625 0.04745762711864407 0.0171875
13 0.16610169491525423 0.640625 0.02711864406779661 0.021875
13 0.5016949152542373 0.640625 0.030508474576271188 0.0203125
13 0.8372881355932204 0.640625 0.02711864406779661 0.0203125
13 0.1694915254237288 0.7109375 0.030508474576271188 0.021875
13 0.5016949152542373 0.7109375 0.02711864406779661 0.0234375
13 0.8338983050847457 0.7109375 0.03389830508474576 0.0234375
13 0.1694915254237288 0.7828125 0.030508474576271188 0.0203125
13 0.5016949152542373 0.7828125 0.030508474576271188 0.021875
13 0.8338983050847457 0.7828125 0.023728813559322035 0.0203125
13 0.16610169491525423 0.8546875 0.061016949152542375 0.0234375
13 0.5016949152542373 0.853125 0.030508474576271188 0.0203125
5 0.8372881355932204 0.8546875 0.04745762711864407 0.01875
14 0.5 0.9546875 1 0.090625
13 0.5016949152542373 0.9421875 0.09491525423728814 0.0265625