17 0.5 0.0203125 1 0.040625
5 0.5 0.06796875 1 0.0546875
4 0.45084745762711864 0.06875 0.5864406779661017 0.0515625
14 0.1423728813559322 0.1765625 0.18983050847457628 0.0390625
14 0.3559322033898305 0.1765625 0.18983050847457628 0.040625
14 0.5423728813559322 0.1765625 0.13220338983050847 0.0375
14 0.7220338983050848 0.1765625 0.19322033898305085 0.0375
14 0.9050847457627119 0.1765625 0.12542372881355932 0.0390625
13 0.44745762711864406 0.06875 0.49491525423728816 0.015625
13 0.1288135593220339 0.128125 0.16610169491525423 0.0171875
13 0.1423728813559322 0.178125 0.12203389830508475 0.015625
13 0.3559322033898305 0.178125 0.11864406779661017 0.0140625
13 0.5423728813559322 0.1765625 0.061016949152542375 0.015625
13 0.7220338983050848 0.178125 0.12203389830508475 0.0140625
13 0.9084745762711864 0.178125 0.06440677966101695 0.015625
13 0.1288135593220339 0.2390625 0.15932203389830507 0.015625
13 0.8406779661016949 0.2390625 0.2271186440677966 0.015625
13 0.14915254237288136 0.2890625 0.15593220338983052 0.0140625
13 0.14576271186440679 0.3421875 0.15932203389830507 0.0140625
13 0.14915254237288136 0.39375 0.15593220338983052 0.015625
13 0.6779661016949152 0.290625 0.22033898305084745 0.015625
13 0.6644067796610169 0.3421875 0.1864406779661017 0.015625
13 0.6338983050847458 0.3921875 0.12542372881355932 0.015625
11 0.4915254237288136 0.4359375 0.06779661016949153 0.009375
5 0.4440677966101695 0.340625 0.01694915254237288 0.00625
5 0.44745762711864406 0.39375 0.013559322033898305 0.0046875
13 0.13220338983050847 0.48125 0.17288135593220338 0.0171875
13 0.18305084745762712 0.7046875 0.27796610169491526 0.0375
13 0.5016949152542373 0.7046875 0.288135593220339 0.034375
13 0.8067796610169492 0.7046875 0.2745762711864407 0.0359375
13 0.1152542372881356 0.7390625 0.13559322033898305 0.015625
13 0.423728813559322 0.740625 0.13220338983050847 0.0203125
13 0.7864406779661017 0.75 0.23389830508474577 0.0390625
13 0.09830508474576272 0.7625 0.08135593220338982 0.0125
13 0.19661016949152543 0.7640625 0.061016949152542375 0.0109375
13 0.4101694915254237 0.7625 0.0847457627118644 0.0109375
13 0.7220338983050848 0.7859375 0.08135593220338982 0.009375
13 0.1152542372881356 0.7859375 0.0711864406779661 0.0109375
13 0.44745762711864406 0.7859375 0.10508474576271186 0.0125
6 0.18983050847457628 0.596875 0.2847457627118644 0.1578125
6 0.5016949152542373 0.5953125 0.2847457627118644 0.15625
6 0.8135593220338984 0.5953125 0.2847457627118644 0.159375
5 0.2847457627118644 0.6515625 0.05084745762711865 0.0203125
5 0.5966101694915255 0.6515625 0.05423728813559322 0.0234375
5 0.9050847457627119 0.653125 0.05084745762711865 0.025
5 0.061016949152542375 0.7859375 0.020338983050847456 0.0109375
5 0.3728813559322034 0.7859375 0.023728813559322035 0.0109375
5 0.6847457627118644 0.8078125 0.023728813559322035 0.0109375
13 0.7186440677966102 0.653125 0.04745762711864407 0.0109375
5 0.9220338983050848 0.0671875 0.0711864406779661 0.03125
12 0.07796610169491526 0.0671875 0.05423728813559322 0.01875
12 0.7830508474576271 0.0671875 0.04067796610169491 0.0203125
13 0.7559322033898305 0.8078125 0.10847457627118644 0.0109375