9 0.5015432098765432 0.75625 0.9969135802469136 0.4875
16 0.5 0.034375 1 0.0671875
5 0.07407407407407407 0.0296875 0.027777777777777776 0.03125
5 0.8364197530864198 0.0296875 0.05246913580246913 0.025
5 0.9197530864197531 0.03125 0.046296296296296294 0.025
13 0.5030864197530864 0.03125 0.08024691358024691 0.025
14 0.20987654320987653 0.0296875 0.15432098765432098 0.0328125
13 0.20987654320987653 0.0296875 0.08333333333333333 0.01875
2 0.5030864197530864 0.134375 0.8858024691358025 0.0796875
6 0.11728395061728394 0.1203125 0.040123456790123455 0.021875
13 0.3333333333333333 0.1328125 0.345679012345679 0.0453125
13 0.7469135802469136 0.1203125 0.19135802469135801 0.01875
13 0.8271604938271605 0.1453125 0.027777777777777776 0.0171875
5 0.8827160493827161 0.1328125 0.027777777777777776 0.00625
2 0.5 0.23125 0.8796296296296297 0.0765625
6 0.12037037037037036 0.2296875 0.040123456790123455 0.01875
13 0.32098765432098764 0.2296875 0.3333333333333333 0.015625
13 0.5030864197530864 0.2984375 0.15432098765432098 0.015625
13 0.8209876543209876 0.2984375 0.2222222222222222 0.0171875
5 0.38580246913580246 0.2984375 0.046296296296296294 0.0234375
5 0.6759259259259259 0.2984375 0.040123456790123455 0.021875
13 0.5 0.3703125 0.4012345679012346 0.0265625
13 0.7037037037037037 0.4421875 0.35185185185185186 0.0203125
7 0.9166666666666666 0.4421875 0.046296296296296294 0.021875
5 0.08333333333333333 0.5625 0.040123456790123455 0.021875
13 0.5 0.5625 0.25308641975308643 0.0203125
14 0.14814814814814814 0.6203125 0.1728395061728395 0.040625
14 0.32407407407407407 0.61875 0.16666666666666666 0.0390625
14 0.5061728395061729 0.6203125 0.16358024691358025 0.0375
14 0.6790123456790124 0.6203125 0.16666666666666666 0.0359375
14 0.8580246913580247 0.6203125 0.16358024691358025 0.0390625
13 0.14814814814814814 0.621875 0.06790123456790123 0.0171875
13 0.32407407407407407 0.621875 0.06481481481481481 0.015625
13 0.5030864197530864 0.621875 0.08641975308641975 0.0140625
13 0.6790123456790124 0.621875 0.10802469135802469 0.015625
13 0.8549382716049383 0.6203125 0.05864197530864197 0.01875
13 0.18209876543209877 0.7046875 0.021604938271604937 0.0265625
13 0.5 0.7046875 0.033950617283950615 0.0265625
13 0.8179012345679012 0.7046875 0.030864197530864196 0.025
13 0.18518518518518517 0.78125 0.030864197530864196 0.025
13 0.5030864197530864 0.78125 0.030864197530864196 0.025
13 0.8179012345679012 0.7828125 0.033950617283950615 0.0234375
13 0.18209876543209877 0.859375 0.033950617283950615 0.0265625
13 0.5 0.859375 0.030864197530864196 0.0265625
13 0.8179012345679012 0.8609375 0.027777777777777776 0.0234375
13 0.5 0.9375 0.027777777777777776 0.0265625
13 0.8209876543209876 0.9390625 0.08950617283950617 0.025
5 0.18209876543209877 0.9375 0.06790123456790123 0.0234375