17 0.5033898305084745 0.03125 0.9932203389830508 0.059375
5 0.07457627118644068 0.0875 0.05423728813559322 0.0234375
5 0.8305084745762712 0.0875 0.061016949152542375 0.025
5 0.9322033898305084 0.090625 0.0576271186440678 0.021875
13 0.49830508474576274 0.0890625 0.0847457627118644 0.021875
13 0.13220338983050847 0.1546875 0.06440677966101695 0.015625
6 0.07457627118644068 0.153125 0.03728813559322034 0.015625
5 0.4067796610169492 0.18125 0.030508474576271188 0.009375
13 0.8542372881355932 0.1515625 0.18305084745762712 0.015625
15 0.8 0.25625 0.29491525423728815 0.0359375
5 0.6983050847457627 0.25625 0.03728813559322034 0.0171875
13 0.8135593220338984 0.2578125 0.16271186440677965 0.0140625
5 0.9152542372881356 0.2578125 0.01694915254237288 0.0109375
4 0.5016949152542373 0.3546875 0.8983050847457628 0.0484375
13 0.23728813559322035 0.35 0.36271186440677966 0.0234375
13 0.2576271186440678 0.409375 0.39322033898305087 0.015625
7 0.49830508474576274 0.409375 0.04067796610169491 0.0171875
14 0.13898305084745763 0.628125 0.16271186440677965 0.0359375
14 0.3220338983050847 0.6296875 0.16271186440677965 0.0359375
14 0.5016949152542373 0.628125 0.16610169491525423 0.034375
14 0.6813559322033899 0.6296875 0.16271186440677965 0.0359375
14 0.8610169491525423 0.628125 0.16610169491525423 0.034375
13 0.1423728813559322 0.6296875 0.0711864406779661 0.0140625
13 0.31864406779661014 0.6296875 0.07457627118644068 0.015625
13 0.5016949152542373 0.6296875 0.09152542372881356 0.0140625
13 0.6847457627118644 0.6296875 0.10508474576271186 0.015625
13 0.8610169491525423 0.63125 0.0576271186440678 0.0140625
13 0.2033898305084746 0.6921875 0.03389830508474576 0.0234375
13 0.5016949152542373 0.6921875 0.030508474576271188 0.025
13 0.8 0.6921875 0.03389830508474576 0.0265625
13 0.2033898305084746 0.7421875 0.03728813559322034 0.021875
13 0.5016949152542373 0.7421875 0.03389830508474576 0.0234375
13 0.8033898305084746 0.74375 0.03389830508474576 0.021875
13 0.8033898305084746 0.79375 0.030508474576271188 0.0234375
13 0.5016949152542373 0.79375 0.030508474576271188 0.025
13 0.2033898305084746 0.7921875 0.03389830508474576 0.021875
13 0.2 0.8453125 0.07796610169491526 0.0203125
13 0.49830508474576274 0.84375 0.03389830508474576 0.0234375
5 0.8033898305084746 0.84375 0.06779661016949153 0.025
14 0.5050847457627119 0.915625 0.9525423728813559 0.0625
13 0.49830508474576274 0.9140625 0.45084745762711864 0.01875