10 0.49830508474576274 0.2078125 0.911864406779661 0.0453125
14 0.11186440677966102 0.2078125 0.12203389830508475 0.04375
14 0.7220338983050848 0.275 0.15932203389830507 0.0390625
14 0.5661016949152542 0.275 0.1288135593220339 0.0421875
14 0.4067796610169492 0.275 0.16271186440677965 0.040625
14 0.25084745762711863 0.2765625 0.1288135593220339 0.0390625
14 0.10847457627118644 0.275 0.1288135593220339 0.0421875
17 0.5 0.02109375 1 0.0421875
16 0.5 0.06953125 1 0.0515625
10 0.5 0.13125 1 0.065625
13 0.17288135593220338 0.06875 0.2542372881355932 0.0296875
13 0.15593220338983052 0.13125 0.1016949152542373 0.0203125
13 0.3254237288135593 0.13125 0.06440677966101695 0.01875
13 0.5186440677966102 0.1328125 0.14915254237288136 0.0171875
13 0.7762711864406779 0.1328125 0.17966101694915254 0.01875
13 0.11186440677966102 0.209375 0.0711864406779661 0.01875
13 0.2711864406779661 0.2078125 0.12542372881355932 0.0140625
13 0.4406779661016949 0.209375 0.09830508474576272 0.0171875
13 0.5932203389830508 0.2078125 0.09830508474576272 0.0171875
13 0.7322033898305085 0.209375 0.061016949152542375 0.01875
13 0.8745762711864407 0.2078125 0.09491525423728814 0.01875
13 0.10847457627118644 0.2734375 0.061016949152542375 0.015625
13 0.24745762711864408 0.275 0.06440677966101695 0.0171875
13 0.4067796610169492 0.275 0.09491525423728814 0.0171875
13 0.5661016949152542 0.275 0.061016949152542375 0.015625
13 0.7186440677966102 0.275 0.08813559322033898 0.0140625
13 0.9016949152542373 0.275 0.10508474576271186 0.015625
13 0.6745762711864407 0.3328125 0.12542372881355932 0.015625
13 0.8610169491525423 0.3328125 0.08813559322033898 0.015625
13 0.1694915254237288 0.3328125 0.22033898305084745 0.015625
5 0.3050847457627119 0.33125 0.030508474576271188 0.015625
5 0.7661016949152543 0.3328125 0.03389830508474576 0.009375
5 0.9355932203389831 0.3328125 0.02711864406779661 0.0109375
6 0.2677966101694915 0.4859375 0.4406779661016949 0.2453125
6 0.7423728813559322 0.4859375 0.4406779661016949 0.2453125
5 0.43050847457627117 0.58125 0.061016949152542375 0.0296875
5 0.9016949152542373 0.5796875 0.06440677966101695 0.028125
13 0.1288135593220339 0.58125 0.09491525423728814 0.0140625
13 0.6 0.5828125 0.09491525423728814 0.0125
13 0.06440677966101695 0.6265625 0.03389830508474576 0.0109375
13 0.5389830508474577 0.6296875 0.03728813559322034 0.0125
13 0.1152542372881356 0.6625 0.1423728813559322 0.0125
13 0.28135593220338984 0.6625 0.0847457627118644 0.0109375
13 0.2542372881355932 0.684375 0.4135593220338983 0.0125
13 0.1152542372881356 0.7078125 0.13559322033898305 0.015625
13 0.09830508474576272 0.7328125 0.0847457627118644 0.0109375
13 0.21016949152542372 0.73125 0.0847457627118644 0.0109375
13 0.6169491525423729 0.6625 0.19661016949152543 0.0125
13 0.8135593220338984 0.6625 0.0847457627118644 0.0109375
13 0.735593220338983 0.684375 0.4440677966101695 0.0140625
13 0.6406779661016949 0.70625 0.24067796610169492 0.0140625
13 0.6305084745762712 0.728125 0.21694915254237288 0.01875
13 0.5694915254237288 0.753125 0.0847457627118644 0.0109375
13 0.6677966101694915 0.753125 0.06779661016949153 0.0109375
13 0.14576271186440679 0.7546875 0.1288135593220339 0.0140625
13 0.6135593220338983 0.7765625 0.13220338983050847 0.0109375
1 0.5 0.90078125 1 0.0765625
15 0.1016949152542373 0.903125 0.061016949152542375 0.046875
15 0.3016949152542373 0.9015625 0.07796610169491526 0.0453125
15 0.5016949152542373 0.903125 0.11186440677966102 0.040625
15 0.7016949152542373 0.903125 0.06440677966101695 0.0453125
15 0.9016949152542373 0.9015625 0.13220338983050847 0.04375
5 0.09830508474576272 0.8921875 0.0576271186440678 0.0265625
5 0.3016949152542373 0.89375 0.05084745762711865 0.0265625
5 0.5016949152542373 0.8921875 0.04406779661016949 0.01875
5 0.6983050847457627 0.8921875 0.061016949152542375 0.0234375
5 0.9016949152542373 0.8921875 0.0576271186440678 0.0265625
13 0.1016949152542373 0.9171875 0.023728813559322035 0.0125
13 0.3016949152542373 0.91875 0.07457627118644068 0.0109375
13 0.49830508474576274 0.91875 0.10847457627118644 0.0140625
13 0.7050847457627119 0.91875 0.030508474576271188 0.0125
13 0.9016949152542373 0.91875 0.12542372881355932 0.0125
5 0.7830508474576271 0.0671875 0.05084745762711865 0.025
5 0.9288135593220339 0.0640625 0.06779661016949153 0.0328125