17 0.5 0.0296875 1 0.059375
16 0.5 0.0890625 1 0.05625
14 0.1891891891891892 0.1484375 0.2939189189189189 0.0421875
14 0.4155405405405405 0.1484375 0.11824324324324324 0.040625
14 0.6013513513513513 0.15 0.20945945945945946 0.0421875
14 0.8614864864864865 0.1484375 0.25675675675675674 0.040625
14 0.8378378378378378 0.2296875 0.23648648648648649 0.0421875
6 0.19256756756756757 0.3984375 0.30067567567567566 0.1375
6 0.5371621621621622 0.4 0.30067567567567566 0.1390625
6 0.8648648648648649 0.4015625 0.2702702702702703 0.140625
8 0.5 0.675 1 0.29375
1 0.5 0.9453125 1 0.1078125
15 0.16554054054054054 0.928125 0.057432432432432436 0.0484375
15 0.5 0.928125 0.10135135135135136 0.05
15 0.8344594594594594 0.9296875 0.15878378378378377 0.0484375
6 0.0945945945945946 0.853125 0.10472972972972973 0.05
6 0.10472972972972973 0.73125 0.125 0.0578125
6 0.10810810810810811 0.8 0.125 0.0421875
6 0.10810810810810811 0.65 0.125 0.0609375
6 0.10810810810810811 0.571875 0.125 0.05625
13 0.16554054054054054 0.946875 0.02364864864864865 0.0109375
13 0.5 0.9484375 0.10135135135135136 0.0125
13 0.831081081081081 0.9484375 0.15878378378378377 0.0125
13 0.22297297297297297 0.8515625 0.08783783783783784 0.034375
13 0.25675675675675674 0.796875 0.10472972972972973 0.01875
13 0.3614864864864865 0.73125 0.3141891891891892 0.0375
13 0.28040540540540543 0.65 0.14864864864864866 0.0421875
13 0.32432432432432434 0.575 0.23986486486486486 0.040625
13 0.11486486486486487 0.490625 0.13851351351351351 0.0140625
13 0.4797297297297297 0.4890625 0.18243243243243243 0.0140625
13 0.847972972972973 0.4921875 0.23310810810810811 0.0171875
13 0.16554054054054054 0.2921875 0.23986486486486486 0.028125
13 0.2668918918918919 0.228125 0.11824324324324324 0.0375
13 0.8378378378378378 0.2296875 0.14864864864864866 0.015625
13 0.1891891891891892 0.1484375 0.19594594594594594 0.0171875
13 0.41216216216216217 0.15 0.030405405405405407 0.015625
13 0.6013513513513513 0.1484375 0.125 0.0140625
13 0.8614864864864865 0.1484375 0.17567567567567569 0.015625
13 0.17567567567567569 0.090625 0.10472972972972973 0.01875
13 0.918918918918919 0.0890625 0.05405405405405406 0.01875
5 0.08445945945945946 0.0890625 0.04054054054054054 0.01875
5 0.7972972972972973 0.090625 0.037162162162162164 0.0171875
6 0.10472972972972973 0.2296875 0.13175675675675674 0.0609375
5 0.9358108108108109 0.5734375 0.0472972972972973 0.0078125
5 0.9324324324324325 0.6515625 0.05067567567567568 0.0078125
5 0.9391891891891891 0.73125 0.02364864864864865 0.0234375
5 0.9358108108108109 0.809375 0.0472972972972973 0.0078125
5 0.7837837837837838 0.853125 0.06756756756756757 0.0296875
5 0.9121621621621622 0.853125 0.04054054054054054 0.021875
5 0.16554054054054054 0.9171875 0.057432432432432436 0.028125
5 0.4966216216216216 0.91875 0.060810810810810814 0.028125
5 0.8344594594594594 0.91875 0.060810810810810814 0.0265625
5 0.34121621621621623 0.2203125 0.02702702702702703 0.0140625