17 0.5 0.0296875 1 0.059375
16 0.5 0.0875 1 0.05625
8 0.4831081081081081 0.384375 0.9527027027027027 0.28125
1 0.5 0.9453125 0.9966216216216216 0.109375
15 0.125 0.9296875 0.06418918918918919 0.05
15 0.375 0.93125 0.08445945945945946 0.05
15 0.625 0.928125 0.06418918918918919 0.053125
15 0.875 0.9296875 0.060810810810810814 0.05
6 0.11148648648648649 0.85625 0.10472972972972973 0.05
6 0.27364864864864863 0.721875 0.43243243243243246 0.196875
6 0.7331081081081081 0.721875 0.42905405405405406 0.1984375
6 0.11824324324324324 0.4890625 0.13175675675675674 0.0578125
6 0.11824324324324324 0.41875 0.12837837837837837 0.0578125
6 0.11824324324324324 0.3515625 0.12837837837837837 0.059375
6 0.11824324324324324 0.28125 0.12837837837837837 0.0578125
5 0.037162162162162164 0.0890625 0.037162162162162164 0.028125
5 0.23986486486486486 0.215625 0.030405405405405407 0.025
5 0.8885135135135135 0.28125 0.04054054054054054 0.009375
5 0.8885135135135135 0.35 0.04054054054054054 0.0046875
5 0.8885135135135135 0.41875 0.04391891891891892 0.0078125
5 0.8885135135135135 0.4890625 0.04054054054054054 0.00625
5 0.35135135135135137 0.5921875 0.02702702702702703 0.0203125
5 0.75 0.85625 0.05067567567567568 0.0265625
5 0.8885135135135135 0.85625 0.0777027027027027 0.0234375
5 0.125 0.9203125 0.06418918918918919 0.03125
5 0.375 0.9203125 0.08445945945945946 0.0296875
5 0.625 0.9203125 0.06418918918918919 0.0390625
5 0.875 0.9203125 0.06418918918918919 0.0328125
13 0.12837837837837837 0.946875 0.02027027027027027 0.0125
13 0.375 0.9484375 0.07432432432432433 0.0140625
13 0.625 0.9484375 0.06756756756756757 0.0109375
13 0.875 0.95 0.0472972972972973 0.0125
13 0.2939189189189189 0.85625 0.22297297297297297 0.0171875
13 0.1891891891891892 0.5921875 0.2668918918918919 0.0234375
13 0.5135135135135135 0.4875 0.47635135135135137 0.0421875
13 0.5304054054054054 0.41875 0.5168918918918919 0.046875
13 0.3344594594594595 0.35 0.12162162162162163 0.046875
13 0.3344594594594595 0.2828125 0.11824324324324324 0.040625
13 0.22297297297297297 0.2828125 0.02027027027027027 0.0171875
13 0.22297297297297297 0.35 0.02702702702702703 0.0171875
13 0.22297297297297297 0.4203125 0.02364864864864865 0.0171875
13 0.22297297297297297 0.4875 0.02702702702702703 0.0171875
13 0.12837837837837837 0.2140625 0.14527027027027026 0.0265625
13 0.13175675675675674 0.14375 0.1554054054054054 0.0390625
13 0.8716216216216216 0.0875 0.16216216216216217 0.01875