17 0.5 0.028125 1 0.05625
16 0.5 0.0890625 1 0.0640625
10 0.5 0.146875 1 0.05
6 0.5675675675675675 0.39375 0.8006756756756757 0.3703125
6 0.5608108108108109 0.8015625 0.7804054054054054 0.1890625
7 0.902027027027027 0.8515625 0.13513513513513514 0.0609375
1 0.5033783783783784 0.9484375 0.9831081081081081 0.0984375
6 0.08783783783783784 0.65625 0.10810810810810811 0.0484375
6 0.08783783783783784 0.209375 0.10810810810810811 0.05
5 0.08445945945945946 0.0890625 0.08445945945945946 0.040625
5 0.9256756756756757 0.0890625 0.05067567567567568 0.028125
6 0.5 0.0875 0.07094594594594594 0.0328125
13 0.23310810810810811 0.1421875 0.060810810810810814 0.0171875
13 0.7331081081081081 0.1421875 0.13513513513513514 0.0203125
13 0.2668918918918919 0.19375 0.19932432432432431 0.0171875
13 0.5472972972972973 0.19375 0.32432432432432434 0.015625
5 0.9425675675675675 0.19375 0.04391891891891892 0.009375
5 0.18243243243243243 0.5953125 0.033783783783783786 0.0140625
5 0.34797297297297297 0.5953125 0.030405405405405407 0.0125
5 0.5101351351351351 0.5953125 0.033783783783783786 0.0140625
5 0.6722972972972973 0.5953125 0.02702702702702703 0.0109375
5 0.8344594594594594 0.5953125 0.02364864864864865 0.015625
5 0.9459459459459459 0.5953125 0.02702702702702703 0.0140625
13 0.21621621621621623 0.5953125 0.013513513513513514 0.009375
13 0.40540540540540543 0.5953125 0.06756756756756757 0.0125
13 0.5675675675675675 0.596875 0.06418918918918919 0.0140625
13 0.7297297297297297 0.5953125 0.057432432432432436 0.0125
13 0.2635135135135135 0.640625 0.19594594594594594 0.015625
13 0.5101351351351351 0.6421875 0.25 0.015625
13 0.6891891891891891 0.6390625 0.04391891891891892 0.0125
13 0.5608108108108109 0.6703125 0.7871621621621622 0.0375
5 0.9425675675675675 0.6390625 0.030405405405405407 0.0046875
5 0.10135135135135136 0.928125 0.05067567567567568 0.028125
5 0.30067567567567566 0.9265625 0.057432432432432436 0.025
5 0.5 0.928125 0.06418918918918919 0.0265625
5 0.6993243243243243 0.928125 0.05405405405405406 0.0265625
5 0.902027027027027 0.928125 0.05405405405405406 0.0234375
5 0.902027027027027 0.8515625 0.04054054054054054 0.0234375