15 0.22297297297297297 0.6796875 0.3614864864864865 0.0453125
15 0.527027027027027 0.6796875 0.21283783783783783 0.0453125
15 0.7601351351351351 0.678125 0.20608108108108109 0.0453125
17 0.5 0.0328125 1 0.0640625
16 0.5 0.0984375 0.9966216216216216 0.0625
6 0.5 0.3453125 0.831081081081081 0.3828125
5 0.5 0.7453125 0.8412162162162162 0.0421875
5 0.11486486486486487 0.815625 0.060810810810810814 0.025
5 0.28716216216216217 0.8140625 0.060810810810810814 0.0265625
7 0.5 0.8140625 0.19932432432432431 0.0875
5 0.7128378378378378 0.8140625 0.07094594594594594 0.0234375
5 0.8918918918918919 0.8140625 0.060810810810810814 0.021875
5 0.10810810810810811 0.6796875 0.05067567567567568 0.0203125
5 0.3277027027027027 0.6796875 0.0472972972972973 0.0203125
5 0.48986486486486486 0.6796875 0.0472972972972973 0.028125
5 0.722972972972973 0.6796875 0.05067567567567568 0.0171875
5 0.9459459459459459 0.6796875 0.060810810810810814 0.0234375
14 0.41216216216216217 0.1 0.14864864864864866 0.0421875
14 0.5777027027027027 0.1015625 0.17905405405405406 0.0421875
5 0.7972972972972973 0.1 0.060810810810810814 0.021875
5 0.07432432432432433 0.1 0.037162162162162164 0.0109375
5 0.9256756756756757 0.1015625 0.016891891891891893 0.01875
13 0.40878378378378377 0.1015625 0.057432432432432436 0.015625
14 0.5709459459459459 0.1 0.10135135135135136 0.01875
14 0.18243243243243243 0.5859375 0.1891891891891892 0.05625
14 0.1891891891891892 0.678125 0.07432432432432433 0.0140625
14 0.5641891891891891 0.678125 0.07094594594594594 0.015625
14 0.7972972972972973 0.678125 0.06418918918918919 0.015625
14 0.19256756756756757 0.9453125 0.13175675675675674 0.0171875
14 0.5 0.946875 0.060810810810810814 0.0140625
14 0.8040540540540541 0.946875 0.13513513513513514 0.015625