17 0.5 0.0203125 1 0.040625
16 0.5 0.0859375 1 0.059375
6 0.2668918918918919 0.2109375 0.4527027027027027 0.13125
6 0.7331081081081081 0.2109375 0.44932432432432434 0.13125
6 0.19256756756756757 0.3484375 0.2972972972972973 0.13125
6 0.5 0.3484375 0.2972972972972973 0.13125
6 0.8074324324324325 0.3484375 0.2972972972972973 0.13125
15 0.08445945945945946 0.4984375 0.12837837837837837 0.084375
15 0.2668918918918919 0.4984375 0.14189189189189189 0.084375
15 0.44594594594594594 0.4984375 0.12837837837837837 0.084375
15 0.6148648648648649 0.4984375 0.12837837837837837 0.084375
15 0.7871621621621622 0.4984375 0.125 0.084375
15 0.9459459459459459 0.4984375 0.10810810810810811 0.084375
14 0.5 0.9078125 0.9155405405405406 0.059375
13 0.5 0.9078125 0.1554054054054054 0.0171875
13 0.34121621621621623 0.8203125 0.5878378378378378 0.0203125
13 0.16891891891891891 0.7828125 0.25 0.015625
13 0.09121621621621621 0.6875 0.09121621621621621 0.015625
13 0.16216216216216217 0.7265625 0.23648648648648649 0.01875
13 0.5878378378378378 0.6875 0.125 0.015625
13 0.6283783783783784 0.7265625 0.21283783783783783 0.0203125
13 0.32432432432432434 0.59375 0.5608108108108109 0.0234375
13 0.9121621621621622 0.60625 0.05067567567567568 0.0140625
5 0.15878378378378377 0.625 0.22635135135135134 0.0234375
5 0.08445945945945946 0.4859375 0.12837837837837837 0.059375
5 0.2668918918918919 0.4859375 0.12837837837837837 0.0578125
5 0.44594594594594594 0.4859375 0.125 0.0578125
5 0.6148648648648649 0.4859375 0.125 0.0578125
5 0.7871621621621622 0.4859375 0.125 0.0578125
5 0.9459459459459459 0.4859375 0.10810810810810811 0.0578125
13 0.08445945945945946 0.5359375 0.06756756756756757 0.0109375
13 0.2668918918918919 0.5359375 0.14189189189189189 0.0109375
13 0.44594594594594594 0.5359375 0.12162162162162163 0.0109375
13 0.6148648648648649 0.5359375 0.08783783783783784 0.0109375
13 0.7871621621621622 0.5359375 0.06418918918918919 0.0109375
13 0.9527027027027027 0.5359375 0.09121621621621621 0.0109375
13 0.8108108108108109 0.3484375 0.13513513513513514 0.01875
13 0.4966216216216216 0.090625 0.3952702702702703 0.015625
5 0.04054054054054054 0.0890625 0.030405405405405407 0.0234375
5 0.7804054054054054 0.0890625 0.05405405405405406 0.021875
5 0.9054054054054054 0.0890625 0.05067567567567568 0.0296875
5 0.3310810810810811 0.6234375 0.07094594594594594 0.0125