17 0.5 0.0328125 1 0.0640625
13 0.42567567567567566 0.1875 0.6216216216216216 0.0875
14 0.28716216216216217 0.296875 0.3581081081081081 0.0546875
13 0.28716216216216217 0.2984375 0.2533783783783784 0.0171875
13 0.30405405405405406 0.5140625 0.3581081081081081 0.015625
13 0.3547297297297297 0.540625 0.4594594594594595 0.0140625
6 0.7432432432432432 0.525 0.2905405405405405 0.0875
10 0.5 0.6171875 0.9966216216216216 0.0796875
13 0.14864864864864866 0.6203125 0.19256756756756757 0.01875
13 0.40878378378378377 0.621875 0.125 0.0203125
13 0.6587837837837838 0.621875 0.15878378378378377 0.01875
13 0.9222972972972973 0.621875 0.15202702702702703 0.01875
6 0.27702702702702703 0.7734375 0.3918918918918919 0.18125
6 0.7263513513513513 0.7734375 0.3918918918918919 0.1828125
7 0.875 0.83125 0.13513513513513514 0.0640625
5 0.875 0.8328125 0.06418918918918919 0.0328125
1 0.5 0.94375 1 0.1109375
15 0.125 0.9234375 0.05405405405405406 0.046875
15 0.375 0.9234375 0.05067567567567568 0.04375
15 0.625 0.925 0.08445945945945946 0.0421875
15 0.875 0.928125 0.0777027027027027 0.0359375
5 0.125 0.9125 0.057432432432432436 0.0265625
5 0.375 0.915625 0.05067567567567568 0.028125
5 0.625 0.9140625 0.05405405405405406 0.0234375
5 0.875 0.915625 0.05405405405405406 0.0078125
13 0.125 0.9390625 0.02364864864864865 0.0125
13 0.375 0.9390625 0.05405405405405406 0.0125
13 0.625 0.940625 0.08445945945945946 0.0125
13 0.875 0.9390625 0.07094594594594594 0.0140625