17 0.5 0.028125 1 0.0546875
16 0.5 0.1171875 1 0.1296875
6 0.26013513513513514 0.41875 0.4155405405405405 0.19375
6 0.7364864864864865 0.41875 0.4222972972972973 0.1953125
6 0.2635135135135135 0.6859375 0.4189189189189189 0.19375
6 0.7364864864864865 0.6859375 0.41216216216216217 0.1953125
6 0.10810810810810811 0.85625 0.10472972972972973 0.0515625
1 0.5 0.940625 1 0.1171875
15 0.10135135135135136 0.9296875 0.10472972972972973 0.0515625
15 0.30067567567567566 0.93125 0.08783783783783784 0.0484375
15 0.5 0.9296875 0.08108108108108109 0.0484375
15 0.6993243243243243 0.928125 0.07432432432432433 0.0546875
15 0.8986486486486487 0.9296875 0.06418918918918919 0.05
6 0.8986486486486487 0.1453125 0.10135135135135136 0.046875
13 0.918918918918919 0.0890625 0.07094594594594594 0.021875
13 0.17229729729729729 0.1453125 0.23310810810810811 0.0390625
13 0.32094594594594594 0.2125 0.30067567567567566 0.0265625
13 0.24662162162162163 0.290625 0.375 0.0265625
13 0.23986486486486486 0.546875 0.36824324324324326 0.04375
13 0.6790540540540541 0.546875 0.2939189189189189 0.0421875
13 0.16216216216216217 0.8015625 0.21621621621621623 0.0203125
13 0.597972972972973 0.8046875 0.13513513513513514 0.01875
13 0.43243243243243246 0.85625 0.48986486486486486 0.01875
13 0.10135135135135136 0.9484375 0.10135135135135136 0.0125
13 0.30067567567567566 0.9484375 0.09121621621621621 0.0140625
13 0.4966216216216216 0.9484375 0.07432432432432433 0.0109375
13 0.6993243243243243 0.95 0.06418918918918919 0.0125
13 0.902027027027027 0.9484375 0.04391891891891892 0.0109375
5 0.09797297297297297 0.9203125 0.06418918918918919 0.03125
5 0.30067567567567566 0.9203125 0.05405405405405406 0.025
5 0.5 0.91875 0.0777027027027027 0.03125
5 0.6993243243243243 0.9203125 0.060810810810810814 0.0359375
5 0.902027027027027 0.9203125 0.06756756756756757 0.0328125
5 0.75 0.85625 0.0472972972972973 0.025
5 0.8851351351351351 0.85625 0.08445945945945946 0.021875
5 0.30067567567567566 0.8015625 0.033783783783783786 0.015625
5 0.6959459459459459 0.803125 0.030405405405405407 0.0125
5 0.9358108108108109 0.2109375 0.02027027027027027 0.0171875
5 0.10135135135135136 0.2109375 0.06418918918918919 0.0328125