17 0.5 0.0328125 1 0.0640625
15 0.5033783783783784 0.10625 0.9155405405405406 0.0765625
10 0.5 0.175 1 0.05625
15 0.23310810810810811 0.240625 0.3716216216216216 0.0453125
8 0.5 0.7171875 1 0.565625
6 0.20945945945945946 0.5890625 0.3310810810810811 0.284375
6 0.20945945945945946 0.88125 0.3310810810810811 0.2375
5 0.9290540540540541 0.4578125 0.05067567567567568 0.0203125
5 0.6216216216216216 0.4921875 0.25 0.0203125
5 0.42905405405405406 0.571875 0.02702702702702703 0.01875
5 0.7871621621621622 0.7140625 0.02702702702702703 0.0109375
5 0.9290540540540541 0.7734375 0.05405405405405406 0.021875
5 0.6013513513513513 0.8328125 0.2195945945945946 0.01875
5 0.42567567567567566 0.9125 0.02364864864864865 0.0171875
5 0.14189189189189189 0.175 0.05067567567567568 0.0203125
5 0.12837837837837837 0.10625 0.030405405405405407 0.0265625
5 0.44932432432432434 0.175 0.060810810810810814 0.0234375
5 0.7533783783783784 0.175 0.057432432432432436 0.0265625
13 0.4594594594594595 0.10625 0.5067567567567568 0.0171875
13 0.22635135135135134 0.175 0.06756756756756757 0.015625
13 0.5304054054054054 0.175 0.06756756756756757 0.0171875
13 0.8378378378378378 0.175 0.07432432432432433 0.0140625
13 0.19594594594594594 0.240625 0.23986486486486486 0.0140625
5 0.36486486486486486 0.240625 0.02364864864864865 0.0140625
13 0.4222972972972973 0.334375 0.6722972972972973 0.065625
5 0.8817567567567568 0.3125 0.037162162162162164 0.01875
13 0.13175675675675674 0.41875 0.16891891891891891 0.015625
13 0.6148648648648649 0.4578125 0.40540540540540543 0.015625
13 0.44594594594594594 0.490625 0.05067567567567568 0.0140625
13 0.722972972972973 0.534375 0.42905405405405406 0.0140625
13 0.6351351351351351 0.584375 0.33783783783783783 0.0390625
13 0.7871621621621622 0.625 0.33783783783783783 0.015625
13 0.44594594594594594 0.5359375 0.04391891891891892 0.015625
13 0.8378378378378378 0.6578125 0.23310810810810811 0.015625
13 0.7263513513513513 0.6875 0.44932432432432434 0.015625
13 0.8885135135135135 0.7140625 0.13513513513513514 0.0140625
13 0.5912162162162162 0.7859375 0.36824324324324326 0.0375
13 0.44594594594594594 0.83125 0.0472972972972973 0.0125
13 0.7635135135135135 0.8328125 0.05067567567567568 0.0125
13 0.706081081081081 0.875 0.39864864864864863 0.015625
13 0.44594594594594594 0.8765625 0.05067567567567568 0.0125
13 0.6351351351351351 0.9234375 0.34121621621621623 0.0390625
13 0.7871621621621622 0.965625 0.33783783783783783 0.01875