17 0.5 0.0328125 1 0.065625
7 0.09797297297297297 0.1015625 0.08783783783783784 0.0390625
10 0.5033783783783784 0.103125 0.23986486486486486 0.0359375
2 0.5033783783783784 0.3609375 0.9358108108108109 0.41875
14 0.5 0.6296875 0.9121621621621622 0.0828125
14 0.5 0.728125 0.9155405405405406 0.0828125
4 0.5 0.2828125 0.7972972972972973 0.0734375
13 0.42905405405405406 0.0953125 0.07094594594594594 0.0171875
13 0.5675675675675675 0.096875 0.07094594594594594 0.01875
13 0.375 0.1953125 0.5506756756756757 0.0328125
13 0.31756756756756754 0.2828125 0.16554054054054054 0.015625
13 0.1858108108108108 0.5234375 0.16554054054054054 0.015625
13 0.5067567567567568 0.5234375 0.060810810810810814 0.0171875
13 0.8817567567567568 0.5234375 0.060810810810810814 0.0140625
13 0.13851351351351351 0.6296875 0.06418918918918919 0.015625
13 0.1554054054054054 0.728125 0.0945945945945946 0.015625
13 0.8412162162162162 0.6296875 0.0945945945945946 0.015625
13 0.8074324324324325 0.7296875 0.16216216216216217 0.0140625
13 0.14189189189189189 0.9078125 0.15202702702702703 0.0203125
15 0.8108108108108109 0.9078125 0.24662162162162163 0.0578125
13 0.8344594594594594 0.909375 0.06756756756756757 0.015625
5 0.7533783783783784 0.909375 0.04391891891891892 0.0203125
5 0.16891891891891891 0.2828125 0.037162162162162164 0.01875
5 0.0945945945945946 0.1 0.02702702702702703 0.0140625