2 0.5 0.3453125 0.9324324324324325 0.0765625
14 0.16216216216216217 0.146875 0.32094594594594594 0.0546875
14 0.8378378378378378 0.146875 0.32432432432432434 0.05625
14 0.5 0.146875 0.34797297297297297 0.05625
2 0.5 0.2421875 0.9358108108108109 0.103125
17 0.5 0.0265625 1 0.0515625
6 0.5033783783783784 0.5296875 0.9324324324324325 0.2625
15 0.3716216216216216 0.91875 0.1858108108108108 0.05
15 0.44932432432432434 0.084375 0.581081081081081 0.0484375
5 0.10135135135135136 0.0859375 0.02702702702702703 0.025
5 0.22297297297297297 0.0859375 0.060810810810810814 0.0265625
5 0.793918918918919 0.0875 0.05067567567567568 0.025
5 0.902027027027027 0.0859375 0.05067567567567568 0.0234375
5 0.22972972972972974 0.15 0.033783783783783786 0.0078125
5 0.5371621621621622 0.15 0.02702702702702703 0.0109375
5 0.9256756756756757 0.1484375 0.030405405405405407 0.0078125
5 0.09121621621621621 0.3328125 0.0472972972972973 0.021875
5 0.8040540540540541 0.696875 0.04391891891891892 0.0234375
5 0.902027027027027 0.6953125 0.0472972972972973 0.0203125
5 0.12837837837837837 0.740625 0.16554054054054054 0.015625
5 0.32432432432432434 0.9171875 0.02364864864864865 0.015625
5 0.5135135135135135 0.91875 0.030405405405405407 0.0140625
13 0.46959459459459457 0.084375 0.38513513513513514 0.0375
13 0.13175675675675674 0.1484375 0.13175675675675674 0.0140625
13 0.4797297297297297 0.1484375 0.057432432432432436 0.0125
13 0.8243243243243243 0.1484375 0.13513513513513514 0.0171875
13 0.38513513513513514 0.24375 0.6385135135135135 0.0671875
13 0.8445945945945946 0.2203125 0.16554054054054054 0.0171875
13 0.42567567567567566 0.3453125 0.5472972972972973 0.040625
13 0.8648648648648649 0.3359375 0.125 0.0171875
13 0.8141891891891891 0.6390625 0.17567567567567569 0.021875
13 0.2195945945945946 0.7 0.3547297297297297 0.0453125
13 0.44932432432432434 0.740625 0.4358108108108108 0.0140625
13 0.26013513513513514 0.7671875 0.42567567567567566 0.015625
13 0.23986486486486486 0.7984375 0.26013513513513514 0.0140625
13 0.39864864864864863 0.9171875 0.057432432432432436 0.0140625
13 0.6216216216216216 0.9171875 0.13513513513513514 0.015625
6 0.08108108108108109 0.7984375 0.030405405405405407 0.0171875
15 0.5945945945945946 0.91875 0.25675675675675674 0.0484375
13 0.12162162162162163 0.596875 0.05405405405405406 0.015625