17 0.5 0.034375 1 0.0671875
16 0.5 0.0921875 1 0.0484375
4 0.46283783783783783 0.153125 0.831081081081081 0.034375
10 0.5067567567567568 0.2125 0.9864864864864865 0.05
15 0.5 0.4375 0.8851351351351351 0.0640625
6 0.20945945945945946 0.5671875 0.30067567567567566 0.1453125
6 0.5337837837837838 0.565625 0.30067567567567566 0.1390625
6 0.8547297297297297 0.5671875 0.2905405405405405 0.140625
1 0.5 0.925 1 0.059375
5 0.09797297297297297 0.928125 0.057432432432432436 0.028125
5 0.30067567567567566 0.9265625 0.06756756756756757 0.028125
5 0.5 0.9265625 0.06418918918918919 0.03125
5 0.6993243243243243 0.9265625 0.057432432432432436 0.03125
5 0.8952702702702703 0.928125 0.07094594594594594 0.0109375
5 0.5844594594594594 0.8609375 0.0472972972972973 0.0234375
5 0.6993243243243243 0.859375 0.04391891891891892 0.0234375
5 0.8108108108108109 0.8609375 0.0472972972972973 0.0265625
5 0.9222972972972973 0.859375 0.05405405405405406 0.0234375
5 0.31756756756756754 0.515625 0.037162162162162164 0.0203125
5 0.6452702702702703 0.5171875 0.04391891891891892 0.021875
5 0.972972972972973 0.515625 0.04391891891891892 0.021875
6 0.38513513513513514 0.4375 0.06418918918918919 0.0234375
6 0.14189189189189189 0.34375 0.17567567567567569 0.0828125
6 0.15878378378378377 0.75625 0.11824324324324324 0.05625
6 0.8209459459459459 0.7546875 0.11486486486486487 0.0578125
13 0.3547297297297297 0.7546875 0.19932432432432431 0.040625
13 0.28716216216216217 0.85625 0.46283783783783783 0.0390625
13 0.125 0.659375 0.12837837837837837 0.0140625
13 0.46283783783783783 0.6609375 0.1554054054054054 0.01875
13 0.7804054054054054 0.659375 0.13513513513513514 0.0171875
13 0.543918918918919 0.4390625 0.21621621621621623 0.01875
13 0.46959459459459457 0.34375 0.40540540540540543 0.046875
13 0.8783783783783784 0.275 0.12162162162162163 0.0140625
13 0.13851351351351351 0.275 0.16216216216216217 0.0203125
13 0.08445945945945946 0.2046875 0.06418918918918919 0.01875
13 0.19594594594594594 0.2046875 0.030405405405405407 0.015625
13 0.30405405405405406 0.20625 0.06756756756756757 0.0171875
13 0.46959459459459457 0.20625 0.13513513513513514 0.0171875
13 0.6486486486486487 0.2046875 0.09797297297297297 0.015625
13 0.8108108108108109 0.2046875 0.09797297297297297 0.0171875
13 0.11824324324324324 0.1484375 0.11486486486486487 0.0203125
13 0.5 0.0953125 0.0777027027027027 0.0203125
5 0.9121621621621622 0.1484375 0.060810810810810814 0.0265625
5 0.06756756756756757 0.0953125 0.033783783783783786 0.0265625