14 0.8547297297297297 0.146875 0.20608108108108109 0.0453125
17 0.5 0.0296875 1 0.0578125
16 0.5 0.084375 1 0.0515625
4 0.38513513513513514 0.1484375 0.6925675675675675 0.046875
6 0.5033783783783784 0.365625 0.5878378378378378 0.2734375
6 0.10135135135135136 0.853125 0.10472972972972973 0.0515625
6 0.10810810810810811 0.740625 0.13175675675675674 0.059375
6 0.08445945945945946 0.6625 0.09121621621621621 0.0515625
1 0.5 0.9453125 1 0.109375
15 0.16891891891891891 0.9296875 0.060810810810810814 0.05
15 0.4966216216216216 0.9296875 0.10472972972972973 0.053125
15 0.8344594594594594 0.9296875 0.15878378378378377 0.0515625
5 0.16554054054054054 0.91875 0.060810810810810814 0.028125
5 0.4966216216216216 0.91875 0.060810810810810814 0.03125
5 0.8344594594594594 0.91875 0.060810810810810814 0.0296875
5 0.7804054054054054 0.853125 0.06756756756756757 0.0328125
5 0.9155405405405406 0.8546875 0.0472972972972973 0.025
5 0.9358108108108109 0.740625 0.05067567567567568 0.00625
5 0.22297297297297297 0.6640625 0.06418918918918919 0.028125
5 0.3547297297297297 0.6625 0.060810810810810814 0.028125
5 0.47297297297297297 0.6625 0.05405405405405406 0.009375
5 0.7432432432432432 0.6625 0.07094594594594594 0.025
7 0.8952702702702703 0.6625 0.12837837837837837 0.059375
6 0.07094594594594594 0.5796875 0.05405405405405406 0.025
5 0.060810810810810814 0.090625 0.02702702702702703 0.0203125
5 0.08445945945945946 0.1484375 0.04054054054054054 0.0203125
13 0.25675675675675674 0.146875 0.2533783783783784 0.0171875
13 0.8547297297297297 0.1484375 0.11824324324324324 0.0171875
13 0.46283783783783783 0.540625 0.8412162162162162 0.0359375
13 0.17567567567567569 0.5828125 0.11486486486486487 0.015625
13 0.2668918918918919 0.6125 0.44932432432432434 0.0140625
13 0.34121621621621623 0.74375 0.27702702702702703 0.0390625
13 0.38175675675675674 0.8546875 0.40540540540540543 0.0375
13 0.16891891891891891 0.946875 0.02027027027027027 0.0140625
13 0.4966216216216216 0.9484375 0.10135135135135136 0.0109375
13 0.831081081081081 0.9484375 0.16216216216216217 0.0140625