6 0.7702702702702703 0.840625 0.39864864864864863 0.1046875
13 0.20945945945945946 0.3328125 0.2635135135135135 0.0140625
1 0.5033783783783784 0.9484375 0.9898648648648649 0.103125
17 0.5 0.0328125 1 0.0625
7 0.08783783783783784 0.0890625 0.09121621621621621 0.04375
7 0.8108108108108109 0.0875 0.08108108108108109 0.0359375
7 0.9121621621621622 0.0875 0.08445945945945946 0.040625
14 0.8344594594594594 0.1890625 0.2668918918918919 0.0390625
5 0.9459459459459459 0.465625 0.05405405405405406 0.0109375
5 0.09797297297297297 0.9265625 0.057432432432432436 0.03125
5 0.30067567567567566 0.9265625 0.057432432432432436 0.025
5 0.4966216216216216 0.928125 0.06418918918918919 0.025
5 0.6993243243243243 0.928125 0.0472972972972973 0.025
5 0.8986486486486487 0.928125 0.060810810810810814 0.025
7 0.9054054054054054 0.8515625 0.14189189189189189 0.0640625
10 0.5033783783783784 0.421875 0.9898648648648649 0.0453125
6 0.11148648648648649 0.165625 0.15878378378378377 0.0765625
13 0.18243243243243243 0.23125 0.2939189189189189 0.0234375
13 0.16891891891891891 0.2625 0.2635135135135135 0.01875
13 0.2702702702702703 0.3015625 0.4797297297297297 0.021875
5 0.05067567567567568 0.3328125 0.033783783783783786 0.015625
13 0.1891891891891892 0.3703125 0.3108108108108108 0.0171875
13 0.12837837837837837 0.4140625 0.09121621621621621 0.015625
13 0.34459459459459457 0.415625 0.060810810810810814 0.015625
13 0.5337837837837838 0.4140625 0.0945945945945946 0.0171875
13 0.8209459459459459 0.415625 0.20270270270270271 0.015625
13 0.5608108108108109 0.5078125 0.7972972972972973 0.103125
13 0.5574324324324325 0.6828125 0.7162162162162162 0.1890625
6 0.3614864864864865 0.8421875 0.39864864864864863 0.109375
13 0.8344594594594594 0.1875 0.08445945945945946 0.0125
6 0.08783783783783784 0.4828125 0.11486486486486487 0.0515625