17 0.5 0.03125 1 0.0609375
16 0.5 0.0953125 1 0.065625
10 0.5 0.1703125 1 0.053125
2 0.5 0.4140625 0.9155405405405406 0.1609375
8 0.5 0.621875 0.9121621621621622 0.2546875
1 0.5 0.9484375 1 0.103125
15 0.12837837837837837 0.9296875 0.0472972972972973 0.040625
15 0.375 0.9296875 0.05067567567567568 0.0421875
15 0.6216216216216216 0.9296875 0.08108108108108109 0.0421875
15 0.8716216216216216 0.9296875 0.057432432432432436 0.0390625
5 0.12837837837837837 0.921875 0.0472972972972973 0.0265625
5 0.375 0.9203125 0.05067567567567568 0.0234375
5 0.6283783783783784 0.921875 0.057432432432432436 0.025
5 0.8716216216216216 0.9234375 0.05405405405405406 0.0234375
5 0.7871621621621622 0.8609375 0.05405405405405406 0.025
5 0.9155405405405406 0.859375 0.033783783783783786 0.01875
5 0.8986486486486487 0.7015625 0.010135135135135136 0.0171875
5 0.8986486486486487 0.621875 0.006756756756756757 0.0171875
5 0.8986486486486487 0.5421875 0.010135135135135136 0.0171875
5 0.8986486486486487 0.384375 0.016891891891891893 0.0203125
15 0.28378378378378377 0.453125 0.3952702702702703 0.0453125
15 0.7162162162162162 0.4546875 0.3885135135135135 0.0421875
5 0.24662162162162163 0.4546875 0.057432432432432436 0.025
5 0.6114864864864865 0.4546875 0.057432432432432436 0.021875
6 0.14864864864864866 0.5421875 0.12837837837837837 0.059375
6 0.14864864864864866 0.621875 0.12837837837837837 0.0609375
6 0.14864864864864866 0.7015625 0.12837837837837837 0.059375
6 0.10810810810810811 0.859375 0.125 0.059375
13 0.12837837837837837 0.9453125 0.016891891891891893 0.0078125
13 0.375 0.9453125 0.037162162162162164 0.0109375
13 0.625 0.94375 0.08108108108108109 0.009375
13 0.8716216216216216 0.9453125 0.060810810810810814 0.0109375
13 0.2972972972972973 0.859375 0.16554054054054054 0.0484375
13 0.09797297297297297 0.8078125 0.10135135135135136 0.025
13 0.9121621621621622 0.8125 0.0777027027027027 0.0140625
13 0.36824324324324326 0.703125 0.22297297297297297 0.046875
13 0.527027027027027 0.621875 0.5405405405405406 0.0421875
13 0.5236486486486487 0.5421875 0.5337837837837838 0.0453125
13 0.31756756756756754 0.4546875 0.057432432432432436 0.015625
13 0.7567567567567568 0.4546875 0.19594594594594594 0.015625
13 0.375 0.384375 0.23648648648648649 0.0421875
6 0.14864864864864866 0.3828125 0.125 0.05625
13 0.2195945945945946 0.2984375 0.34121621621621623 0.028125
14 0.10472972972972973 0.2296875 0.11486486486486487 0.0375
14 0.24662162162162163 0.2296875 0.11486486486486487 0.0375
14 0.40202702702702703 0.2296875 0.14864864864864866 0.0359375
14 0.6283783783783784 0.2296875 0.2533783783783784 0.0375
13 0.10135135135135136 0.2296875 0.06418918918918919 0.0140625
13 0.24324324324324326 0.23125 0.057432432432432436 0.01875
13 0.40202702702702703 0.23125 0.0945945945945946 0.0171875
13 0.6283783783783784 0.23125 0.20270270270270271 0.0203125
13 0.8682432432432432 0.2296875 0.12837837837837837 0.0171875
13 0.25 0.165625 0.17905405405405406 0.015625
13 0.75 0.1671875 0.09797297297297297 0.0171875
4 0.4966216216216216 0.096875 0.625 0.0453125
5 0.06756756756756757 0.096875 0.02702702702702703 0.0203125
5 0.777027027027027 0.096875 0.04391891891891892 0.0203125
7 0.9054054054054054 0.0953125 0.09121621621621621 0.040625
13 0.2635135135135135 0.096875 0.11148648648648649 0.0203125