6 0.5 0.2890625 1 0.2953125
17 0.5 0.03125 1 0.0625
16 0.5 0.1 1 0.075
11 0.5 0.40625 0.44932432432432434 0.0125
15 0.875 0.403125 0.16216216216216217 0.0328125
6 0.07432432432432433 0.5390625 0.08783783783783784 0.0375
14 0.722972972972973 0.90625 0.48986486486486486 0.0515625
13 0.13175675675675674 0.9015625 0.19256756756756757 0.0421875
13 0.722972972972973 0.90625 0.23986486486486486 0.0203125
13 0.24662162162162163 0.8203125 0.40878378378378377 0.0203125
13 0.8783783783783784 0.825 0.12837837837837837 0.0171875
13 0.19594594594594594 0.6359375 0.2939189189189189 0.021875
13 0.2905405405405405 0.6765625 0.3277027027027027 0.0140625
13 0.28716216216216217 0.7109375 0.3141891891891892 0.015625
13 0.21283783783783783 0.7453125 0.16216216216216217 0.015625
13 0.25 0.540625 0.23310810810810811 0.0375
13 0.8918918918918919 0.53125 0.14527027027027026 0.0171875
13 0.831081081081081 0.5578125 0.2635135135135135 0.015625
13 0.4222972972972973 0.465625 0.7804054054054054 0.0234375
5 0.09121621621621621 0.49375 0.12162162162162163 0.0140625
5 0.07094594594594594 0.6765625 0.04391891891891892 0.0203125
5 0.06756756756756757 0.7109375 0.04054054054054054 0.021875
5 0.07094594594594594 0.7453125 0.0472972972972973 0.0234375
5 0.4864864864864865 0.6765625 0.030405405405405407 0.0171875
5 0.8412162162162162 0.403125 0.030405405405405407 0.0140625
13 0.902027027027027 0.403125 0.037162162162162164 0.0140625
4 0.41216216216216217 0.096875 0.5033783783783784 0.0484375
5 0.09121621621621621 0.096875 0.030405405405405407 0.0234375
5 0.6148648648648649 0.0984375 0.05067567567567568 0.021875
5 0.7162162162162162 0.096875 0.05067567567567568 0.021875
5 0.8108108108108109 0.096875 0.0472972972972973 0.0234375
5 0.9087837837837838 0.0953125 0.05067567567567568 0.025
13 0.375 0.096875 0.36486486486486486 0.0375