17 0.5 0.0265625 1 0.053125
16 0.5 0.078125 1 0.05
4 0.5033783783783784 0.140625 0.8682432432432432 0.0578125
2 0.5033783783783784 0.3671875 0.8614864864864865 0.1953125
6 0.24324324324324326 0.6890625 0.35135135135135137 0.3046875
6 0.6283783783783784 0.6890625 0.35135135135135137 0.3078125
7 0.8716216216216216 0.8390625 0.13175675675675674 0.0578125
1 0.5 0.9484375 1 0.1015625
15 0.10135135135135136 0.9328125 0.05067567567567568 0.0453125
15 0.2972972972972973 0.93125 0.05067567567567568 0.0453125
15 0.5 0.93125 0.07432432432432433 0.04375
15 0.6993243243243243 0.9296875 0.07094594594594594 0.046875
15 0.8986486486486487 0.93125 0.05405405405405406 0.046875
13 0.09797297297297297 0.9484375 0.02027027027027027 0.009375
13 0.30067567567567566 0.9484375 0.04054054054054054 0.0109375
13 0.5 0.9484375 0.07432432432432433 0.0109375
13 0.6993243243243243 0.9484375 0.06756756756756757 0.009375
13 0.8986486486486487 0.9484375 0.0472972972972973 0.0109375
13 0.22297297297297297 0.884375 0.3141891891891892 0.01875
13 0.1858108108108108 0.8109375 0.15202702702702703 0.015625
13 0.5337837837837838 0.809375 0.07432432432432433 0.01875
13 0.41216216216216217 0.50625 0.6891891891891891 0.01875
15 0.40540540540540543 0.3859375 0.5506756756756757 0.0984375
13 0.44256756756756754 0.3859375 0.25675675675675674 0.015625
13 0.4155405405405405 0.309375 0.5709459459459459 0.0171875
13 0.1891891891891892 0.2140625 0.23986486486486486 0.021875
13 0.40202702702702703 0.140625 0.4594594594594595 0.01875
13 0.5405405405405406 0.0765625 0.2702702702702703 0.028125
6 0.3547297297297297 0.0765625 0.060810810810810814 0.028125
5 0.12162162162162163 0.140625 0.037162162162162164 0.01875
5 0.23648648648648649 0.3875 0.07094594594594594 0.034375
5 0.8175675675675675 0.3875 0.07432432432432433 0.034375
5 0.10135135135135136 0.9203125 0.05067567567567568 0.0234375
5 0.2972972972972973 0.9203125 0.0472972972972973 0.021875
5 0.5 0.9203125 0.05405405405405406 0.0234375
5 0.6993243243243243 0.9203125 0.060810810810810814 0.028125
5 0.8986486486486487 0.9203125 0.05405405405405406 0.025