8 0.5 0.8359375 0.9966216216216216 0.1359375
9 0.5033783783783784 0.5140625 0.9932432432432432 0.8859375
14 0.9054054054054054 0.578125 0.08108108108108109 0.0390625
17 0.5 0.0359375 0.9966216216216216 0.0703125
13 0.34797297297297297 0.0984375 0.2635135135135135 0.015625
13 0.2195945945945946 0.1578125 0.3344594594594595 0.028125
13 0.5608108108108109 0.2203125 0.3783783783783784 0.021875
13 0.6148648648648649 0.246875 0.4831081081081081 0.015625
13 0.6148648648648649 0.2671875 0.4797297297297297 0.0109375
13 0.9054054054054054 0.159375 0.07432432432432433 0.0203125
5 0.7871621621621622 0.1578125 0.057432432432432436 0.0265625
5 0.9087837837837838 0.0984375 0.02702702702702703 0.0140625
15 0.9290540540540541 0.203125 0.10810810810810811 0.01875
13 0.9054054054054054 0.2046875 0.037162162162162164 0.0109375
5 0.9594594594594594 0.2046875 0.02364864864864865 0.0125
6 0.17905405405405406 0.2359375 0.24662162162162163 0.078125
6 0.5 0.3640625 1 0.1484375
13 0.9695945945945946 0.4234375 0.02702702702702703 0.0140625
13 0.19932432432432431 0.475 0.28040540540540543 0.0171875
13 0.24662162162162163 0.51875 0.38175675675675674 0.028125
13 0.08783783783783784 0.5796875 0.06418918918918919 0.0171875
13 0.2668918918918919 0.578125 0.21621621621621623 0.015625
13 0.48986486486486486 0.5796875 0.15878378378378377 0.0171875
13 0.6925675675675675 0.5796875 0.17229729729729729 0.01875
13 0.9054054054054054 0.5765625 0.02702702702702703 0.0171875
13 0.1858108108108108 0.615625 0.25675675675675674 0.0171875
13 0.22635135135135134 0.65625 0.3108108108108108 0.0140625
13 0.15202702702702703 0.7453125 0.1858108108108108 0.021875
5 0.6891891891891891 0.4765625 0.060810810810810814 0.025
5 0.8006756756756757 0.4765625 0.057432432432432436 0.0265625
5 0.9121621621621622 0.475 0.057432432432432436 0.025
7 0.8918918918918919 0.85625 0.13175675675675674 0.0625
13 0.15202702702702703 0.809375 0.19256756756756757 0.0171875
13 0.10810810810810811 0.86875 0.10472972972972973 0.01875
13 0.8209459459459459 0.8109375 0.24324324324324326 0.0203125
13 0.6959459459459459 0.8703125 0.08783783783783784 0.0171875
1 0.5 0.93125 1 0.05
5 0.902027027027027 0.93125 0.057432432432432436 0.021875
5 0.6993243243243243 0.9328125 0.04391891891891892 0.0234375
5 0.5 0.9328125 0.02364864864864865 0.0234375
5 0.30067567567567566 0.9328125 0.02702702702702703 0.021875
5 0.10135135135135136 0.934375 0.06418918918918919 0.028125