17 0.5 0.028125 1 0.0546875
16 0.5 0.09375 1 0.075
6 0.16554054054054054 0.328125 0.26013513513513514 0.2140625
6 0.44594594594594594 0.328125 0.26013513513513514 0.2140625
6 0.7263513513513513 0.328125 0.2635135135135135 0.215625
6 0.24662162162162163 0.740625 0.49324324324324326 0.3234375
6 0.7567567567567568 0.69375 0.4864864864864865 0.228125
1 0.5 0.953125 0.9966216216216216 0.09375
15 0.08445945945945946 0.9421875 0.06418918918918919 0.0484375
15 0.25 0.94375 0.060810810810810814 0.046875
15 0.4155405405405405 0.9421875 0.060810810810810814 0.046875
15 0.5844594594594594 0.9421875 0.06418918918918919 0.0484375
15 0.75 0.9421875 0.05405405405405406 0.0515625
15 0.918918918918919 0.9421875 0.057432432432432436 0.0484375
5 0.08445945945945946 0.93125 0.060810810810810814 0.0296875
5 0.25 0.9328125 0.060810810810810814 0.025
5 0.4155405405405405 0.93125 0.060810810810810814 0.0265625
5 0.5844594594594594 0.93125 0.06418918918918919 0.0296875
5 0.75 0.93125 0.057432432432432436 0.0296875
5 0.918918918918919 0.9328125 0.05405405405405406 0.0265625
5 0.8243243243243243 0.478125 0.0472972972972973 0.00625
5 0.9391891891891891 0.478125 0.04054054054054054 0.01875
7 0.6858108108108109 0.09375 0.09797297297297297 0.0453125
7 0.8040540540540541 0.09375 0.09121621621621621 0.046875
7 0.9222972972972973 0.0921875 0.10472972972972973 0.046875
6 0.08445945945945946 0.1640625 0.11148648648648649 0.0515625
7 0.38175675675675674 0.253125 0.10472972972972973 0.05
7 0.6621621621621622 0.2515625 0.10472972972972973 0.0484375
7 0.9425675675675675 0.253125 0.10472972972972973 0.05
5 0.6858108108108109 0.09375 0.0472972972972973 0.021875
5 0.8040540540540541 0.09375 0.057432432432432436 0.0265625
5 0.9358108108108109 0.0875 0.0777027027027027 0.0359375
5 0.9155405405405406 0.165625 0.057432432432432436 0.0265625
13 0.20270270270270271 0.09375 0.33783783783783783 0.03125
13 0.3783783783783784 0.165625 0.42567567567567566 0.0171875
7 0.16554054054054054 0.365625 0.08108108108108109 0.0375
13 0.16554054054054054 0.415625 0.18243243243243243 0.015625
13 0.4391891891891892 0.4203125 0.2195945945945946 0.015625
13 0.6385135135135135 0.41875 0.057432432432432436 0.0140625
13 0.9324324324324325 0.41875 0.08445945945945946 0.015625
5 0.16554054054054054 0.36875 0.0472972972972973 0.0234375
13 0.25 0.4796875 0.16891891891891891 0.015625
13 0.17905405405405406 0.503125 0.037162162162162164 0.0140625
13 0.49324324324324326 0.5484375 0.9222972972972973 0.0421875
6 0.08783783783783784 0.490625 0.10472972972972973 0.0484375
5 0.3614864864864865 0.4796875 0.030405405405405407 0.015625
13 0.08445945945945946 0.9609375 0.02364864864864865 0.009375
13 0.25 0.9609375 0.057432432432432436 0.0109375
13 0.4155405405405405 0.9609375 0.037162162162162164 0.009375
13 0.5844594594594594 0.9609375 0.060810810810810814 0.0078125
13 0.75 0.9609375 0.037162162162162164 0.0125
13 0.918918918918919 0.9609375 0.04054054054054054 0.0109375
5 0.25 0.503125 0.033783783783783786 0.015625