14 0.9121621621621622 0.184375 0.1554054054054054 0.046875
14 0.7297297297297297 0.184375 0.16216216216216217 0.0484375
14 0.4864864864864865 0.184375 0.28040540540540543 0.0453125
14 0.18243243243243243 0.1859375 0.28040540540540543 0.05
17 0.5 0.034375 1 0.0671875
16 0.5 0.0984375 1 0.0625
2 0.4797297297297297 0.40625 0.8445945945945946 0.19375
1 0.5 0.9484375 1 0.1015625
8 0.46283783783783783 0.7265625 0.9256756756756757 0.190625
15 0.12837837837837837 0.928125 0.04391891891891892 0.04375
15 0.3783783783783784 0.9296875 0.05067567567567568 0.0421875
15 0.6216216216216216 0.9296875 0.0777027027027027 0.04375
15 0.875 0.93125 0.060810810810810814 0.040625
6 0.07432432432432433 0.0953125 0.060810810810810814 0.03125
6 0.9256756756756757 0.096875 0.07094594594594594 0.034375
6 0.10810810810810811 0.2671875 0.11148648648648649 0.0515625
6 0.6959459459459459 0.4078125 0.4155405405405405 0.190625
7 0.15202702702702703 0.459375 0.10810810810810811 0.053125
6 0.12837837837837837 0.684375 0.14864864864864866 0.06875
6 0.13175675675675674 0.7734375 0.14864864864864866 0.0703125
13 0.3716216216216216 0.8546875 0.3108108108108108 0.015625
13 0.12837837837837837 0.9453125 0.02364864864864865 0.009375
13 0.375 0.9453125 0.04391891891891892 0.009375
13 0.625 0.9453125 0.08445945945945946 0.0125
13 0.8716216216216216 0.9453125 0.05405405405405406 0.009375
13 0.38513513513513514 0.6828125 0.2702702702702703 0.0390625
13 0.5135135135135135 0.7734375 0.543918918918919 0.065625
13 0.2635135135135135 0.571875 0.4222972972972973 0.015625
13 0.17229729729729729 0.603125 0.22972972972972974 0.028125
13 0.8648648648648649 0.603125 0.11824324324324324 0.015625
13 0.2533783783783784 0.3671875 0.3108108108108108 0.0640625
13 0.42905405405405406 0.265625 0.46283783783783783 0.028125
13 0.18243243243243243 0.1859375 0.19256756756756757 0.0203125
13 0.48986486486486486 0.1859375 0.19256756756756757 0.0171875
13 0.7331081081081081 0.184375 0.07432432432432433 0.0203125
13 0.9121621621621622 0.184375 0.07094594594594594 0.0203125
13 0.1891891891891892 0.0953125 0.13851351351351351 0.0234375
5 0.7972972972972973 0.0953125 0.0472972972972973 0.021875
5 0.5135135135135135 0.325 0.030405405405405407 0.015625
5 0.8513513513513513 0.684375 0.02027027027027027 0.021875
5 0.8513513513513513 0.7734375 0.010135135135135136 0.01875
5 0.7871621621621622 0.859375 0.060810810810810814 0.021875
5 0.9155405405405406 0.859375 0.033783783783783786 0.021875
5 0.12837837837837837 0.91875 0.04054054054054054 0.0234375
5 0.375 0.9203125 0.05067567567567568 0.025
5 0.625 0.9203125 0.05067567567567568 0.0265625
5 0.875 0.921875 0.057432432432432436 0.025
14 0.8648648648648649 0.603125 0.16891891891891891 0.028125