15 0.5033783783783784 0.5 0.9087837837837838 0.059375
17 0.5 0.0265625 1 0.053125
13 0.3581081081081081 0.134375 0.6182432432432432 0.0578125
10 0.5 0.2171875 1 0.0578125
6 0.5033783783783784 0.328125 0.6824324324324325 0.1046875
6 0.9087837837837838 0.1234375 0.0945945945945946 0.046875
4 0.5033783783783784 0.428125 0.9121621621621622 0.05625
15 0.27364864864864863 0.571875 0.4527027027027027 0.046875
15 0.7094594594594594 0.571875 0.3716216216216216 0.046875
14 0.5 0.646875 0.9121621621621622 0.059375
1 0.5 0.9484375 1 0.103125
15 0.125 0.93125 0.057432432432432436 0.046875
15 0.3783783783783784 0.9296875 0.09121621621621621 0.0484375
15 0.625 0.93125 0.09121621621621621 0.046875
15 0.875 0.9296875 0.06756756756756757 0.046875
13 0.1554054054054054 0.2109375 0.06756756756756757 0.0203125
13 0.38513513513513514 0.2109375 0.10810810810810811 0.0171875
13 0.6148648648648649 0.2125 0.11148648648648649 0.0171875
13 0.8445945945945946 0.2109375 0.10810810810810811 0.01875
13 0.4155405405405405 0.3046875 0.3885135135135135 0.0171875
13 0.41216216216216217 0.3390625 0.41216216216216217 0.0359375
13 0.21283783783783783 0.4296875 0.09121621621621621 0.0171875
13 0.3783783783783784 0.5015625 0.4222972972972973 0.0171875
13 0.31756756756756754 0.571875 0.2939189189189189 0.0171875
13 0.7567567567567568 0.571875 0.20945945945945946 0.015625
13 0.5033783783783784 0.6453125 0.1554054054054054 0.01875
13 0.26013513513513514 0.7859375 0.43243243243243246 0.0546875
13 0.8851351351351351 0.8046875 0.13513513513513514 0.015625
13 0.125 0.9484375 0.04391891891891892 0.0109375
13 0.3783783783783784 0.9484375 0.09121621621621621 0.0125
13 0.6216216216216216 0.9484375 0.09121621621621621 0.0125
13 0.875 0.9484375 0.06756756756756757 0.0109375
5 0.7905405405405406 0.1234375 0.05405405405405406 0.0265625
5 0.10472972972972973 0.4296875 0.04054054054054054 0.0171875
5 0.10472972972972973 0.4984375 0.0472972972972973 0.021875
5 0.10810810810810811 0.571875 0.030405405405405407 0.01875
5 0.5844594594594594 0.571875 0.037162162162162164 0.0171875
5 0.125 0.921875 0.05405405405405406 0.0265625
5 0.3783783783783784 0.9203125 0.057432432432432436 0.0265625
5 0.625 0.921875 0.060810810810810814 0.025
5 0.875 0.9203125 0.057432432432432436 0.025