1 0.5 0.9484375 1 0.1015625
17 0.5 0.0296875 1 0.0578125
16 0.5 0.0890625 1 0.05625
6 0.5 0.215625 0.40202702702702703 0.184375
6 0.09797297297297297 0.46875 0.08445945945945946 0.040625
15 0.8445945945945946 0.4671875 0.19594594594594594 0.034375
15 0.19256756756756757 0.6640625 0.2702702702702703 0.0578125
15 0.5033783783783784 0.6625 0.27364864864864863 0.0546875
15 0.8108108108108109 0.6625 0.27364864864864863 0.059375
15 0.14864864864864866 0.7375 0.17567567567567569 0.0203125
5 0.10135135135135136 0.925 0.06756756756756757 0.03125
5 0.30067567567567566 0.9265625 0.07094594594594594 0.0328125
5 0.5033783783783784 0.9265625 0.06418918918918919 0.034375
5 0.6993243243243243 0.9265625 0.05405405405405406 0.028125
5 0.8986486486486487 0.928125 0.07094594594594594 0.009375
5 0.5844594594594594 0.859375 0.05067567567567568 0.0296875
5 0.7027027027027027 0.8609375 0.0472972972972973 0.028125
5 0.8108108108108109 0.859375 0.0472972972972973 0.028125
5 0.9222972972972973 0.859375 0.057432432432432436 0.0265625
5 0.8614864864864865 0.7984375 0.033783783783783786 0.0203125
5 0.9425675675675675 0.7984375 0.010135135135135136 0.0203125
6 0.11148648648648649 0.7953125 0.11486486486486487 0.0484375
5 0.14864864864864866 0.6640625 0.030405405405405407 0.0203125
5 0.4560810810810811 0.665625 0.0472972972972973 0.01875
6 0.7466216216216216 0.6640625 0.07094594594594594 0.0234375
5 0.9155405405405406 0.5984375 0.0472972972972973 0.0234375
5 0.08108108108108109 0.596875 0.05405405405405406 0.025
5 0.30743243243243246 0.5984375 0.0472972972972973 0.0234375
5 0.7972972972972973 0.4671875 0.030405405405405407 0.0171875
5 0.057432432432432436 0.0921875 0.02702702702702703 0.0265625
5 0.9391891891891891 0.0921875 0.010135135135135136 0.0265625
13 0.48986486486486486 0.378125 0.8817567567567568 0.0578125
13 0.3310810810810811 0.428125 0.5472972972972973 0.01875
13 0.28378378378378377 0.46875 0.24662162162162163 0.0171875
13 0.8682432432432432 0.4671875 0.08445945945945946 0.0171875
13 0.2668918918918919 0.5296875 0.4189189189189189 0.040625
13 0.8952702702702703 0.54375 0.0945945945945946 0.0171875
13 0.17905405405405406 0.5984375 0.11148648648648649 0.0171875
13 0.375 0.5984375 0.04391891891891892 0.0140625
13 0.2195945945945946 0.6640625 0.060810810810810814 0.0171875
13 0.5371621621621622 0.665625 0.06756756756756757 0.0171875
13 0.8513513513513513 0.665625 0.0945945945945946 0.015625
13 0.7804054054054054 0.7375 0.3277027027027027 0.0171875
13 0.46621621621621623 0.7984375 0.5236486486486487 0.0390625
13 0.125 0.8578125 0.14864864864864866 0.040625