17 0.5 0.034375 1 0.06875
16 0.5 0.1 1 0.059375
10 0.5 0.1609375 0.9966216216216216 0.0546875
12 0.6114864864864865 0.23125 0.08783783783783784 0.021875
15 0.13513513513513514 0.284375 0.15878378378378377 0.015625
15 0.8817567567567568 0.284375 0.15878378378378377 0.01875
8 0.5 0.58125 1 0.5125
1 0.5 0.95 1 0.0984375
15 0.13513513513513514 0.928125 0.057432432432432436 0.0484375
15 0.31756756756756754 0.9265625 0.09121621621621621 0.0453125
15 0.5 0.9265625 0.07094594594594594 0.0484375
15 0.6858108108108109 0.9265625 0.060810810810810814 0.0484375
15 0.8682432432432432 0.9265625 0.06756756756756757 0.046875
5 0.07094594594594594 0.0984375 0.02364864864864865 0.028125
5 0.06756756756756757 0.284375 0.030405405405405407 0.0125
5 0.8141891891891891 0.284375 0.02364864864864865 0.015625
5 0.8682432432432432 0.3515625 0.037162162162162164 0.0234375
5 0.9425675675675675 0.353125 0.013513513513513514 0.0203125
5 0.8682432432432432 0.43125 0.037162162162162164 0.01875
5 0.9425675675675675 0.4328125 0.010135135135135136 0.0203125
5 0.8682432432432432 0.5109375 0.037162162162162164 0.0203125
5 0.9425675675675675 0.5125 0.013513513513513514 0.0203125
5 0.8682432432432432 0.5890625 0.030405405405405407 0.0203125
5 0.9459459459459459 0.5890625 0.013513513513513514 0.0203125
5 0.8682432432432432 0.6671875 0.030405405405405407 0.0234375
5 0.9425675675675675 0.6671875 0.010135135135135136 0.025
5 0.8682432432432432 0.7484375 0.030405405405405407 0.021875
5 0.9459459459459459 0.746875 0.013513513513513514 0.01875
5 0.6959459459459459 0.8640625 0.05067567567567568 0.03125
5 0.581081081081081 0.8640625 0.04391891891891892 0.0234375
5 0.8040540540540541 0.8640625 0.037162162162162164 0.01875
5 0.9256756756756757 0.8625 0.057432432432432436 0.01875
5 0.13513513513513514 0.91875 0.057432432432432436 0.028125
5 0.31756756756756754 0.9171875 0.060810810810810814 0.0265625
5 0.5033783783783784 0.91875 0.06418918918918919 0.0296875
5 0.6858108108108109 0.91875 0.057432432432432436 0.0296875
5 0.8682432432432432 0.9171875 0.057432432432432436 0.028125
13 0.13513513513513514 0.9453125 0.016891891891891893 0.0109375
13 0.31756756756756754 0.9453125 0.09121621621621621 0.0125
13 0.5 0.94375 0.06756756756756757 0.0125
13 0.6858108108108109 0.9453125 0.04391891891891892 0.0125
13 0.8682432432432432 0.9453125 0.06418918918918919 0.0109375
13 0.23310810810810811 0.86875 0.36486486486486486 0.0328125
13 0.2939189189189189 0.8171875 0.1554054054054054 0.021875
13 0.3141891891891892 0.75 0.19932432432432431 0.0390625
13 0.36486486486486486 0.671875 0.30405405405405406 0.0390625
13 0.4155405405405405 0.5921875 0.40540540540540543 0.040625
13 0.4864864864864865 0.5125 0.5405405405405406 0.040625
13 0.46621621621621623 0.434375 0.5033783783783784 0.040625
13 0.3141891891891892 0.3546875 0.20270270270270271 0.0421875
13 0.1554054054054054 0.284375 0.11486486486486487 0.015625
13 0.5 0.2859375 0.3344594594594595 0.0140625
13 0.902027027027027 0.284375 0.11824324324324324 0.0140625
13 0.44932432432432434 0.23125 0.19594594594594594 0.0171875
13 0.13851351351351351 0.1625 0.15878378378378377 0.0203125
13 0.44594594594594594 0.1625 0.23986486486486486 0.01875
13 0.777027027027027 0.1609375 0.2195945945945946 0.01875
13 0.5 0.0984375 0.0777027027027027 0.0203125
6 0.11148648648648649 0.3515625 0.11486486486486487 0.0546875
6 0.11148648648648649 0.43125 0.11486486486486487 0.0546875
6 0.11148648648648649 0.509375 0.11148648648648649 0.053125
6 0.11148648648648649 0.5890625 0.11486486486486487 0.053125
6 0.11486486486486487 0.6671875 0.11824324324324324 0.0546875
6 0.11486486486486487 0.746875 0.11824324324324324 0.0546875
6 0.11148648648648649 0.8125 0.10810810810810811 0.03125