6 0.5033783783783784 0.1921875 0.9932432432432432 0.3828125
17 0.5033783783783784 0.0296875 0.9932432432432432 0.059375
5 0.07094594594594594 0.0953125 0.04054054054054054 0.0265625
5 0.8074324324324325 0.09375 0.060810810810810814 0.028125
5 0.9155405405405406 0.0953125 0.05405405405405406 0.0265625
13 0.8783783783783784 0.34375 0.06418918918918919 0.0171875
13 0.20945945945945946 0.428125 0.28040540540540543 0.015625
13 0.24324324324324326 0.478125 0.38513513513513514 0.028125
13 0.4864864864864865 0.5328125 0.8614864864864865 0.05
13 0.22297297297297297 0.609375 0.1858108108108108 0.01875
13 0.1554054054054054 0.6421875 0.04391891891891892 0.015625
13 0.5472972972972973 0.6078125 0.13513513513513514 0.0140625
13 0.5202702702702703 0.64375 0.08445945945945946 0.015625
5 0.0777027027027027 0.6078125 0.057432432432432436 0.0265625
5 0.08108108108108109 0.6421875 0.06756756756756757 0.028125
5 0.42905405405405406 0.609375 0.05405405405405406 0.025
5 0.43243243243243246 0.6421875 0.0472972972972973 0.0203125
13 0.24662162162162163 0.7 0.38513513513513514 0.015625
13 0.13851351351351351 0.75 0.11486486486486487 0.015625
13 0.28378378378378377 0.7515625 0.037162162162162164 0.0140625
13 0.41216216216216217 0.75 0.0777027027027027 0.015625
13 0.14527027027027026 0.8859375 0.18243243243243243 0.021875
13 0.09121621621621621 0.9515625 0.07094594594594594 0.01875
13 0.44932432432432434 0.953125 0.1554054054054054 0.01875