7 0.5 0.23125 0.9155405405405406 0.121875
7 0.1858108108108108 0.3703125 0.28378378378378377 0.1234375
7 0.5 0.3703125 0.28040540540540543 0.121875
7 0.8141891891891891 0.3703125 0.28378378378378377 0.121875
10 0.4966216216216216 0.5140625 0.8918918918918919 0.0984375
1 0.5 0.9453125 1 0.1078125
15 0.10135135135135136 0.928125 0.05067567567567568 0.0484375
15 0.30067567567567566 0.928125 0.07432432432432433 0.0515625
15 0.4966216216216216 0.928125 0.0945945945945946 0.0515625
15 0.6993243243243243 0.9296875 0.08783783783783784 0.05
15 0.8986486486486487 0.9296875 0.07432432432432433 0.046875
15 0.44256756756756754 0.6484375 0.793918918918919 0.0765625
13 0.14189189189189189 0.09375 0.19932432432432431 0.028125
13 0.11486486486486487 0.196875 0.08108108108108109 0.0203125
13 0.11824324324324324 0.334375 0.07432432432432433 0.0234375
13 0.5 0.3359375 0.21621621621621623 0.01875
13 0.793918918918919 0.3484375 0.16891891891891891 0.046875
13 0.5 0.3078125 0.07094594594594594 0.009375
15 0.14527027027027026 0.509375 0.11824324324324324 0.065625
15 0.2939189189189189 0.5 0.05405405405405406 0.0484375
15 0.4358108108108108 0.5109375 0.0777027027027027 0.0625
15 0.5777027027027027 0.5015625 0.05067567567567568 0.0484375
15 0.7162162162162162 0.5015625 0.05067567567567568 0.0484375
15 0.8581081081081081 0.5 0.060810810810810814 0.046875
13 0.14527027027027026 0.5265625 0.11824324324324324 0.03125
13 0.2939189189189189 0.51875 0.05405405405405406 0.0125
13 0.43243243243243246 0.5265625 0.0777027027027027 0.03125
13 0.5777027027027027 0.51875 0.05405405405405406 0.0125
13 0.7162162162162162 0.5171875 0.05067567567567568 0.0125
13 0.8581081081081081 0.5171875 0.057432432432432436 0.0125
13 0.32432432432432434 0.5828125 0.5540540540540541 0.021875
13 0.24662162162162163 0.646875 0.16891891891891891 0.040625
13 0.6925675675675675 0.646875 0.20945945945945946 0.015625
13 0.8682432432432432 0.7171875 0.11486486486486487 0.0171875
13 0.19932432432432431 0.7484375 0.30743243243243246 0.021875
13 0.4797297297297297 0.8375 0.6317567567567568 0.0890625
13 0.10135135135135136 0.9484375 0.016891891891891893 0.0109375
13 0.30067567567567566 0.9484375 0.07432432432432433 0.0109375
13 0.4966216216216216 0.9484375 0.09797297297297297 0.0125
13 0.6993243243243243 0.9484375 0.08445945945945946 0.0125
13 0.8986486486486487 0.9484375 0.0777027027027027 0.009375
6 0.14189189189189189 0.121875 0.19256756756756757 0.0140625
5 0.14527027027027026 0.4890625 0.057432432432432436 0.0265625
5 0.2939189189189189 0.4890625 0.05067567567567568 0.0265625
5 0.4358108108108108 0.490625 0.06418918918918919 0.0234375
5 0.5777027027027027 0.4890625 0.04391891891891892 0.0265625
5 0.7162162162162162 0.4890625 0.05067567567567568 0.0265625
5 0.8581081081081081 0.4890625 0.05405405405405406 0.025
5 0.10135135135135136 0.6484375 0.0472972972972973 0.0140625
5 0.956081081081081 0.71875 0.02364864864864865 0.0109375
5 0.10135135135135136 0.803125 0.0472972972972973 0.0234375
5 0.10135135135135136 0.9171875 0.05067567567567568 0.0265625
5 0.30067567567567566 0.9171875 0.060810810810810814 0.028125
5 0.5067567567567568 0.9171875 0.07094594594594594 0.028125
5 0.6959459459459459 0.9171875 0.060810810810810814 0.0265625
5 0.902027027027027 0.91875 0.04054054054054054 0.0234375