17 0.5 0.0234375 1 0.046875
16 0.5 0.08125 1 0.065625
14 0.4358108108108108 0.3765625 0.43243243243243246 0.05625
7 0.7263513513513513 0.378125 0.11148648648648649 0.05625
6 0.5 0.721875 1 0.4109375
15 0.8108108108108109 0.9140625 0.2905405405405405 0.04375
13 0.5 0.9515625 0.3344594594594595 0.0171875
13 0.7905405405405406 0.9125 0.18243243243243243 0.01875
13 0.42905405405405406 0.9125 0.060810810810810814 0.0140625
13 0.09797297297297297 0.9125 0.06418918918918919 0.015625
13 0.09797297297297297 0.709375 0.057432432432432436 0.0140625
13 0.4189189189189189 0.7078125 0.037162162162162164 0.0109375
13 0.7668918918918919 0.7078125 0.060810810810810814 0.0125
13 0.5 0.440625 0.38175675675675674 0.0359375
13 0.4358108108108108 0.3765625 0.09797297297297297 0.0171875
13 0.2533783783783784 0.3203125 0.08445945945945946 0.0390625
13 0.5 0.31875 0.08783783783783784 0.040625
13 0.7466216216216216 0.3203125 0.11148648648648649 0.0390625
13 0.5 0.271875 0.3918918918918919 0.021875
13 0.4966216216216216 0.0890625 0.35135135135135137 0.0203125
5 0.060810810810810814 0.0890625 0.030405405405405407 0.025
5 0.9222972972972973 0.0890625 0.060810810810810814 0.0265625
6 0.5033783783783784 0.184375 0.26013513513513514 0.11875
5 0.7263513513513513 0.3765625 0.02027027027027027 0.0109375
5 0.27364864864864863 0.4921875 0.0777027027027027 0.0203125
5 0.7297297297297297 0.4921875 0.05405405405405406 0.021875
5 0.033783783783783786 0.7078125 0.02702702702702703 0.015625
5 0.36486486486486486 0.7078125 0.02702702702702703 0.0171875
5 0.6993243243243243 0.7078125 0.030405405405405407 0.0140625
5 0.030405405405405407 0.9109375 0.030405405405405407 0.015625
5 0.36824324324324326 0.9125 0.02702702702702703 0.015625
5 0.9087837837837838 0.9125 0.016891891891891893 0.0109375