17 0.5 0.03125 0.9966216216216216 0.0609375
4 0.5405405405405406 0.09375 0.847972972972973 0.0484375
5 0.0777027027027027 0.0921875 0.033783783783783786 0.021875
5 0.9155405405405406 0.2140625 0.0472972972972973 0.00625
1 0.5 0.95 1 0.0921875
14 0.5033783783783784 0.8375 0.918918918918919 0.05
15 0.42567567567567566 0.75625 0.49324324324324326 0.0421875
14 0.7601351351351351 0.7578125 0.125 0.040625
15 0.08445945945945946 0.940625 0.06418918918918919 0.0515625
15 0.25 0.9421875 0.060810810810810814 0.05
15 0.4189189189189189 0.940625 0.057432432432432436 0.046875
15 0.581081081081081 0.940625 0.06756756756756757 0.0515625
15 0.7533783783783784 0.940625 0.060810810810810814 0.05
15 0.9155405405405406 0.9421875 0.060810810810810814 0.05
13 0.3108108108108108 0.09375 0.27702702702702703 0.0234375
13 0.14189189189189189 0.1609375 0.1891891891891892 0.0296875
6 0.0945945945945946 0.2125 0.10810810810810811 0.0515625
13 0.5236486486486487 0.2125 0.6554054054054054 0.0390625
13 0.22297297297297297 0.2796875 0.3547297297297297 0.021875
6 0.5067567567567568 0.4796875 0.7128378378378378 0.334375
13 0.23310810810810811 0.6671875 0.11148648648648649 0.0203125
13 0.4527027027027027 0.7578125 0.14864864864864866 0.0203125
13 0.7567567567567568 0.7578125 0.060810810810810814 0.01875
13 0.5 0.8390625 0.14189189189189189 0.01875
13 0.08445945945945946 0.959375 0.02027027027027027 0.0125
13 0.25 0.9609375 0.057432432432432436 0.0140625
13 0.4155405405405405 0.9609375 0.037162162162162164 0.0078125
13 0.5844594594594594 0.9609375 0.060810810810810814 0.0109375
13 0.75 0.959375 0.04391891891891892 0.0109375
13 0.918918918918919 0.9609375 0.033783783783783786 0.009375
5 0.34121621621621623 0.7578125 0.0472972972972973 0.021875
5 0.08445945945945946 0.93125 0.06418918918918919 0.03125
5 0.25 0.93125 0.060810810810810814 0.0296875
5 0.4155405405405405 0.93125 0.057432432432432436 0.025
5 0.581081081081081 0.9296875 0.06756756756756757 0.0296875
5 0.7533783783783784 0.93125 0.060810810810810814 0.0296875
5 0.9155405405405406 0.9328125 0.06756756756756757 0.03125