15 0.488135593220339 0.834375 0.12542372881355932 0.075
15 0.2745762711864407 0.8359375 0.11186440677966102 0.075
2 0.49830508474576274 0.5484375 0.9016949152542373 0.45625
17 0.5 0.02890625 1 0.0578125
16 0.5 0.0921875 1 0.0625
5 0.07457627118644068 0.0875 0.05423728813559322 0.0265625
5 0.8305084745762712 0.0875 0.05084745762711865 0.028125
5 0.9355932203389831 0.0890625 0.05423728813559322 0.025
13 0.5016949152542373 0.0890625 0.0847457627118644 0.025
5 0.11186440677966102 0.1765625 0.11186440677966102 0.053125
13 0.19322033898305085 0.24375 0.2711864406779661 0.025
13 0.6101694915254238 0.278125 0.5796610169491525 0.025
13 0.17966101694915254 0.3546875 0.16271186440677965 0.0234375
13 0.36610169491525424 0.35625 0.10847457627118644 0.0140625
13 0.16610169491525423 0.45 0.1288135593220339 0.015625
13 0.16271186440677965 0.51875 0.13220338983050847 0.01875
13 0.7966101694915254 0.50625 0.09491525423728814 0.0171875
5 0.888135593220339 0.5046875 0.04067796610169491 0.0203125
13 0.2271186440677966 0.6171875 0.2542372881355932 0.0171875
13 0.18983050847457628 0.659375 0.17966101694915254 0.0171875
13 0.14576271186440679 0.7015625 0.09491525423728814 0.0171875
13 0.19322033898305085 0.74375 0.20677966101694914 0.015625
13 0.8576271186440678 0.61875 0.09491525423728814 0.015625
13 0.8576271186440678 0.659375 0.09491525423728814 0.0171875
13 0.8711864406779661 0.703125 0.061016949152542375 0.015625
13 0.8745762711864407 0.74375 0.06440677966101695 0.015625
13 0.2745762711864407 0.865625 0.11186440677966102 0.015625
13 0.4847457627118644 0.8640625 0.12542372881355932 0.0140625
13 0.711864406779661 0.865625 0.13559322033898305 0.0140625
5 0.27796610169491526 0.821875 0.10847457627118644 0.046875
5 0.488135593220339 0.821875 0.10847457627118644 0.05
5 0.711864406779661 0.821875 0.10847457627118644 0.0515625
14 0.2576271186440678 0.9140625 0.46779661016949153 0.059375
14 0.7423728813559322 0.9140625 0.46440677966101696 0.059375
13 0.26101694915254237 0.9140625 0.2305084745762712 0.0203125
13 0.7423728813559322 0.915625 0.24067796610169492 0.0171875
15 0.711864406779661 0.834375 0.13898305084745763 0.0765625