6 0.18243243243243243 0.2734375 0.25675675675675674 0.115625
17 0.5 0.03125 1 0.0609375
4 0.4797297297297297 0.1 0.6959459459459459 0.0546875
10 0.5 0.165625 1 0.0453125
14 0.5 0.3796875 0.8986486486486487 0.05625
12 0.8614864864864865 0.484375 0.06418918918918919 0.0171875
8 0.5 0.671875 1 0.309375
1 0.5 0.9265625 1 0.059375
15 0.13513513513513514 0.928125 0.057432432432432436 0.046875
15 0.31756756756756754 0.928125 0.09121621621621621 0.0484375
15 0.5 0.928125 0.06756756756756757 0.046875
15 0.6858108108108109 0.928125 0.060810810810810814 0.046875
15 0.8682432432432432 0.928125 0.07094594594594594 0.05
5 0.07094594594594594 0.1 0.02702702702702703 0.025
5 0.7736486486486487 0.0984375 0.0472972972972973 0.021875
5 0.9155405405405406 0.1 0.08445945945945946 0.040625
5 0.2702702702702703 0.3125 0.08108108108108109 0.040625
5 0.12837837837837837 0.484375 0.02702702702702703 0.021875
5 0.8682432432432432 0.5546875 0.030405405405405407 0.0203125
5 0.8716216216216216 0.634375 0.030405405405405407 0.0203125
5 0.8682432432432432 0.7109375 0.037162162162162164 0.0203125
5 0.8682432432432432 0.790625 0.04054054054054054 0.021875
5 0.9425675675675675 0.7921875 0.013513513513513514 0.0234375
5 0.9425675675675675 0.7125 0.013513513513513514 0.0203125
5 0.9425675675675675 0.634375 0.010135135135135136 0.0203125
5 0.9459459459459459 0.5546875 0.010135135135135136 0.021875
5 0.581081081081081 0.8625 0.037162162162162164 0.0203125
5 0.6959459459459459 0.8640625 0.057432432432432436 0.034375
5 0.8040540540540541 0.8640625 0.037162162162162164 0.0234375
5 0.9256756756756757 0.8640625 0.0472972972972973 0.0234375
5 0.13175675675675674 0.91875 0.057432432432432436 0.0265625
5 0.31756756756756754 0.91875 0.057432432432432436 0.028125
5 0.5 0.91875 0.06756756756756757 0.0296875
5 0.6858108108108109 0.91875 0.057432432432432436 0.028125
5 0.8682432432432432 0.9171875 0.060810810810810814 0.028125
6 0.11148648648648649 0.790625 0.11824324324324324 0.0546875
6 0.11486486486486487 0.7109375 0.11824324324324324 0.0515625
6 0.11148648648648649 0.6328125 0.12162162162162163 0.0515625
6 0.11486486486486487 0.5546875 0.11824324324324324 0.053125
13 0.22635135135135134 0.0984375 0.12162162162162163 0.021875
13 0.09121621621621621 0.1609375 0.07094594594594594 0.01875
13 0.23986486486486486 0.1625 0.033783783783783786 0.0203125
13 0.3918918918918919 0.1625 0.06756756756756757 0.0203125
13 0.597972972972973 0.1625 0.14527027027027026 0.01875
13 0.8648648648648649 0.1609375 0.18243243243243243 0.01875
13 0.44932432432432434 0.259375 0.19594594594594594 0.0203125
13 0.42905405405405406 0.290625 0.16216216216216217 0.015625
13 0.5 0.38125 0.16554054054054054 0.01875
13 0.0777027027027027 0.4859375 0.0472972972972973 0.0234375
13 0.7331081081081081 0.484375 0.16891891891891891 0.015625
13 0.3277027027027027 0.5578125 0.24662162162162163 0.0390625
13 0.27364864864864863 0.6359375 0.14527027027027026 0.0421875
13 0.27702702702702703 0.7140625 0.14527027027027026 0.0390625
13 0.28716216216216217 0.7921875 0.16554054054054054 0.040625
13 0.125 0.8703125 0.14864864864864866 0.0359375
13 0.13175675675675674 0.9453125 0.02027027027027027 0.0109375
13 0.31756756756756754 0.946875 0.09121621621621621 0.0125
13 0.5 0.9453125 0.06756756756756757 0.009375
13 0.6858108108108109 0.9453125 0.04391891891891892 0.0109375
13 0.8682432432432432 0.9453125 0.06418918918918919 0.0125