17 0.5 0.0296875 1 0.059375
16 0.5 0.0921875 1 0.0640625
6 0.16554054054054054 0.178125 0.20945945945945946 0.09375
6 0.16216216216216217 0.2796875 0.20270270270270271 0.09375
6 0.5033783783783784 0.228125 0.42905405405405406 0.1984375
6 0.8378378378378378 0.1765625 0.19932432432432431 0.096875
6 0.8344594594594594 0.28125 0.20945945945945946 0.0984375
6 0.09797297297297297 0.4171875 0.0945945945945946 0.046875
8 0.5 0.7390625 0.9966216216216216 0.1796875
15 0.13513513513513514 0.621875 0.16554054054054054 0.01875
15 0.8783783783783784 0.6234375 0.15878378378378377 0.015625
1 0.5 0.9484375 1 0.1015625
15 0.13175675675675674 0.928125 0.057432432432432436 0.0484375
15 0.31756756756756754 0.928125 0.08783783783783784 0.046875
15 0.5 0.928125 0.07094594594594594 0.046875
15 0.6858108108108109 0.928125 0.06418918918918919 0.0484375
15 0.8682432432432432 0.928125 0.06756756756756757 0.046875
6 0.11486486486486487 0.690625 0.11486486486486487 0.0546875
6 0.11148648648648649 0.76875 0.11824324324324324 0.0546875
12 0.6114864864864865 0.5671875 0.0777027027027027 0.0234375
5 0.06756756756756757 0.1 0.030405405405405407 0.0234375
5 0.9425675675675675 0.0984375 0.013513513513513514 0.021875
5 0.6554054054054054 0.2984375 0.04391891891891892 0.0265625
5 0.28716216216216217 0.40625 0.016891891891891893 0.0125
5 0.3277027027027027 0.43125 0.030405405405405407 0.01875
5 0.08445945945945946 0.48125 0.05405405405405406 0.0265625
5 0.27364864864864863 0.48125 0.05067567567567568 0.0265625
5 0.07094594594594594 0.621875 0.033783783783783786 0.0140625
5 0.8141891891891891 0.6234375 0.02364864864864865 0.015625
5 0.8682432432432432 0.690625 0.033783783783783786 0.021875
5 0.9425675675675675 0.690625 0.013513513513513514 0.0203125
5 0.8682432432432432 0.76875 0.033783783783783786 0.021875
5 0.9459459459459459 0.7703125 0.010135135135135136 0.01875
5 0.5777027027027027 0.8640625 0.0472972972972973 0.021875
5 0.6959459459459459 0.8640625 0.057432432432432436 0.0328125
5 0.8040540540540541 0.8640625 0.04391891891891892 0.0203125
5 0.9256756756756757 0.8640625 0.0472972972972973 0.021875
5 0.13175675675675674 0.91875 0.05405405405405406 0.028125
5 0.31756756756756754 0.91875 0.05405405405405406 0.028125
5 0.5033783783783784 0.91875 0.057432432432432436 0.0265625
5 0.6858108108108109 0.91875 0.060810810810810814 0.028125
5 0.8716216216216216 0.91875 0.06418918918918919 0.028125
13 0.13175675675675674 0.94375 0.02027027027027027 0.0125
13 0.31756756756756754 0.9453125 0.08445945945945946 0.0140625
13 0.5 0.94375 0.06756756756756757 0.0109375
13 0.6824324324324325 0.9453125 0.04391891891891892 0.0140625
13 0.8682432432432432 0.9453125 0.06418918918918919 0.0109375
13 0.125 0.86875 0.14189189189189189 0.0375
13 0.3547297297297297 0.771875 0.30067567567567566 0.0421875
13 0.2939189189189189 0.6921875 0.17905405405405406 0.040625
13 0.1554054054054054 0.621875 0.11486486486486487 0.0140625
13 0.902027027027027 0.6234375 0.11486486486486487 0.015625
13 0.4527027027027027 0.56875 0.19932432432432431 0.0171875
13 0.15202702702702703 0.48125 0.0472972972972973 0.015625
13 0.3277027027027027 0.48125 0.02364864864864865 0.0171875
13 0.23310810810810811 0.4296875 0.14189189189189189 0.0140625
13 0.4358108108108108 0.43125 0.11486486486486487 0.0140625
13 0.8412162162162162 0.41875 0.10135135135135136 0.0171875
13 0.21283783783783783 0.4078125 0.09797297297297297 0.0171875
13 0.42905405405405406 0.3671875 0.7466216216216216 0.025