17 0.5 0.0296875 1 0.059375
16 0.5 0.0953125 1 0.0734375
4 0.39864864864864863 0.096875 0.6891891891891891 0.0515625
2 0.5033783783783784 0.328125 0.8918918918918919 0.1984375
8 0.5 0.621875 1 0.178125
1 0.5033783783783784 0.94375 0.9932432432432432 0.1125
15 0.10472972972972973 0.925 0.0472972972972973 0.046875
15 0.30067567567567566 0.9265625 0.07432432432432433 0.046875
15 0.5033783783783784 0.9265625 0.060810810810810814 0.046875
15 0.7027027027027027 0.925 0.057432432432432436 0.0453125
15 0.902027027027027 0.928125 0.08445945945945946 0.0453125
13 0.2635135135135135 0.096875 0.3310810810810811 0.0203125
13 0.17567567567567569 0.1921875 0.23310810810810811 0.0234375
13 0.22972972972972974 0.2671875 0.23986486486486486 0.01875
13 0.1891891891891892 0.3296875 0.07094594594594594 0.0140625
13 0.38175675675675674 0.3296875 0.10135135135135136 0.0140625
13 0.6283783783783784 0.328125 0.1858108108108108 0.0109375
13 0.20270270270270271 0.3765625 0.10135135135135136 0.0125
13 0.43243243243243246 0.378125 0.14864864864864866 0.015625
13 0.6486486486486487 0.3765625 0.07094594594594594 0.0140625
13 0.19594594594594594 0.5015625 0.28040540540540543 0.021875
13 0.8006756756756757 0.5015625 0.08445945945945946 0.0171875
13 0.9155405405405406 0.5015625 0.057432432432432436 0.015625
13 0.14189189189189189 0.55625 0.15202702702702703 0.01875
13 0.1554054054054054 0.6171875 0.1858108108108108 0.01875
13 0.13851351351351351 0.678125 0.1554054054054054 0.0203125
13 0.8378378378378378 0.55625 0.013513513513513514 0.0125
13 0.8378378378378378 0.6171875 0.016891891891891893 0.0125
13 0.47635135135135137 0.740625 0.11486486486486487 0.0171875
13 0.125 0.85625 0.14189189189189189 0.040625
13 0.10135135135135136 0.94375 0.013513513513513514 0.0109375
13 0.30067567567567566 0.94375 0.060810810810810814 0.009375
13 0.5 0.94375 0.04054054054054054 0.009375
13 0.7027027027027027 0.94375 0.06418918918918919 0.0109375
13 0.902027027027027 0.94375 0.0777027027027027 0.0109375
5 0.10135135135135136 0.915625 0.0472972972972973 0.028125
5 0.30067567567567566 0.915625 0.06418918918918919 0.025
5 0.5 0.915625 0.057432432432432436 0.028125
5 0.7027027027027027 0.915625 0.05405405405405406 0.025
5 0.902027027027027 0.915625 0.05405405405405406 0.0203125
5 0.6148648648648649 0.85625 0.033783783783783786 0.01875
5 0.7162162162162162 0.85625 0.05067567567567568 0.0296875
5 0.8277027027027027 0.85625 0.033783783783783786 0.021875
5 0.9324324324324325 0.85625 0.0472972972972973 0.021875
5 0.5675675675675675 0.7390625 0.02702702702702703 0.009375
5 0.918918918918919 0.6765625 0.037162162162162164 0.0109375
5 0.918918918918919 0.6171875 0.037162162162162164 0.0125
5 0.918918918918919 0.5578125 0.037162162162162164 0.009375
5 0.8648648648648649 0.265625 0.0472972972972973 0.021875
5 0.8074324324324325 0.0953125 0.04054054054054054 0.025
5 0.9155405405405406 0.0953125 0.04054054054054054 0.0265625