0 0.5 0.4390625 0.9966216216216216 0.8765625
14 0.14864864864864866 0.0859375 0.19932432432432431 0.04375
14 0.3918918918918919 0.0875 0.22972972972972974 0.040625
14 0.6925675675675675 0.0875 0.32094594594594594 0.0421875
7 0.9121621621621622 0.0859375 0.08783783783783784 0.040625
14 0.08445945945945946 0.146875 0.10810810810810811 0.05
14 0.08783783783783784 0.2109375 0.10810810810810811 0.05
14 0.08783783783783784 0.278125 0.10135135135135136 0.0484375
13 0.7297297297297297 0.159375 0.28040540540540543 0.0453125
13 0.14527027027027026 0.0859375 0.13513513513513514 0.01875
13 0.3918918918918919 0.084375 0.16891891891891891 0.01875
13 0.6925675675675675 0.0875 0.25675675675675674 0.01875
13 0.08783783783783784 0.1484375 0.06418918918918919 0.01875
13 0.08445945945945946 0.2125 0.060810810810810814 0.0171875
13 0.08445945945945946 0.2765625 0.057432432432432436 0.015625
5 0.9054054054054054 0.1484375 0.04054054054054054 0.0171875
7 0.9155405405405406 0.2171875 0.10135135135135136 0.0484375
4 0.3952702702702703 0.821875 0.7162162162162162 0.046875
5 0.09797297297297297 0.821875 0.04391891891891892 0.0203125
13 0.3108108108108108 0.8234375 0.3141891891891892 0.0171875
7 0.9256756756756757 0.621875 0.08108108108108109 0.0375
7 0.9256756756756757 0.7203125 0.08445945945945946 0.0375
13 0.902027027027027 0.7765625 0.09797297297297297 0.0140625
1 0.5 0.9390625 1 0.1203125
15 0.12162162162162163 0.91875 0.07094594594594594 0.05
15 0.30743243243243246 0.9171875 0.06756756756756757 0.0484375
15 0.5 0.9 0.14527027027027026 0.0921875
15 0.6891891891891891 0.9171875 0.11148648648648649 0.053125
15 0.8783783783783784 0.91875 0.057432432432432436 0.05
5 0.8783783783783784 0.90625 0.060810810810810814 0.0234375
5 0.6891891891891891 0.90625 0.06756756756756757 0.0296875
5 0.30743243243243246 0.90625 0.06418918918918919 0.0296875
5 0.12162162162162163 0.9078125 0.06756756756756757 0.0296875
6 0.5033783783783784 0.8875 0.14527027027027026 0.0671875
13 0.12162162162162163 0.9359375 0.02364864864864865 0.015625
13 0.3108108108108108 0.9359375 0.057432432432432436 0.0125
13 0.4966216216216216 0.9375 0.08783783783783784 0.015625
13 0.6891891891891891 0.9375 0.11148648648648649 0.0140625
13 0.8783783783783784 0.9359375 0.05067567567567568 0.0140625
13 0.652027027027027 0.840625 0.28378378378378377 0.0171875
6 0.831081081081081 0.8390625 0.05067567567567568 0.021875
17 0.5 0.025 0.9966216216216216 0.05
7 0.9256756756756757 0.6609375 0.08108108108108109 0.0390625