17 0.5 0.03125 1 0.0609375
13 0.12162162162162163 0.096875 0.13851351351351351 0.0359375
4 0.5 0.1578125 0.9155405405405406 0.0421875
1 0.5 0.94375 0.9966216216216216 0.1125
8 0.5033783783783784 0.5421875 0.9898648648648649 0.6890625
5 0.08108108108108109 0.1609375 0.033783783783783786 0.015625
6 0.09121621621621621 0.240625 0.09797297297297297 0.046875
6 0.09121621621621621 0.353125 0.09797297297297297 0.046875
6 0.09121621621621621 0.4671875 0.09797297297297297 0.0421875
6 0.09121621621621621 0.5828125 0.0945945945945946 0.04375
6 0.0945945945945946 0.6984375 0.09797297297297297 0.0453125
6 0.0945945945945946 0.8109375 0.09797297297297297 0.046875
13 0.3547297297297297 0.865625 0.34121621621621623 0.015625
13 0.3783783783783784 0.8109375 0.3783783783783784 0.040625
13 0.28716216216216217 0.696875 0.21283783783783783 0.0421875
13 0.3783783783783784 0.75 0.1891891891891892 0.0171875
13 0.35135135135135137 0.6359375 0.14189189189189189 0.0171875
13 0.2668918918918919 0.58125 0.16216216216216217 0.040625
13 0.38513513513513514 0.5203125 0.20945945945945946 0.015625
13 0.30067567567567566 0.4671875 0.23648648648648649 0.04375
13 0.3344594594594595 0.3546875 0.30405405405405406 0.040625
13 0.4155405405405405 0.4078125 0.26013513513513514 0.015625
13 0.23648648648648649 0.2375 0.10472972972972973 0.040625
13 0.3277027027027027 0.29375 0.09121621621621621 0.015625
6 0.2195945945945946 0.290625 0.0777027027027027 0.021875
6 0.2195945945945946 0.40625 0.0777027027027027 0.021875
6 0.2195945945945946 0.5203125 0.07432432432432433 0.0203125
6 0.2195945945945946 0.634375 0.0777027027027027 0.021875
6 0.22297297297297297 0.75 0.08445945945945946 0.021875
14 0.8209459459459459 0.8109375 0.27702702702702703 0.04375
14 0.8175675675675675 0.696875 0.27364864864864863 0.0421875
14 0.8175675675675675 0.5828125 0.27364864864864863 0.040625
14 0.8141891891891891 0.465625 0.27364864864864863 0.0390625
14 0.8175675675675675 0.353125 0.27364864864864863 0.0390625
14 0.8175675675675675 0.2375 0.27364864864864863 0.0390625
13 0.16216216216216217 0.1609375 0.07094594594594594 0.01875
13 0.8175675675675675 0.2390625 0.10135135135135136 0.01875
13 0.8141891891891891 0.3515625 0.10472972972972973 0.01875
13 0.8175675675675675 0.465625 0.09797297297297297 0.01875
13 0.8175675675675675 0.58125 0.09797297297297297 0.0171875
13 0.8141891891891891 0.6953125 0.10472972972972973 0.01875
13 0.8141891891891891 0.809375 0.10135135135135136 0.015625
5 0.09797297297297297 0.928125 0.07094594594594594 0.028125
5 0.30067567567567566 0.9265625 0.06756756756756757 0.03125
5 0.5033783783783784 0.928125 0.06418918918918919 0.028125
5 0.6993243243243243 0.928125 0.06756756756756757 0.0296875
5 0.902027027027027 0.928125 0.057432432432432436 0.03125