8 0.5033783783783784 0.49375 0.9898648648648649 0.5046875
17 0.5 0.0296875 1 0.059375
4 0.5405405405405406 0.0921875 0.8445945945945946 0.04375
10 0.5 0.15625 1 0.046875
14 0.6013513513513513 0.3859375 0.7128378378378378 0.0453125
14 0.6013513513513513 0.5578125 0.7195945945945946 0.04375
14 0.597972972972973 0.709375 0.7195945945945946 0.0453125
14 0.5 0.778125 0.9155405405405406 0.04375
1 0.5 0.9515625 0.9966216216216216 0.09375
15 0.08445945945945946 0.9421875 0.057432432432432436 0.0484375
15 0.25 0.9421875 0.06756756756756757 0.046875
15 0.4189189189189189 0.9421875 0.06418918918918919 0.046875
15 0.5844594594594594 0.940625 0.06418918918918919 0.0484375
15 0.7533783783783784 0.9421875 0.05405405405405406 0.0484375
15 0.918918918918919 0.9421875 0.060810810810810814 0.0484375
6 0.125 0.6390625 0.16216216216216217 0.0734375
6 0.12837837837837837 0.465625 0.16216216216216217 0.075
6 0.125 0.2953125 0.1554054054054054 0.0765625
5 0.06418918918918919 0.0921875 0.030405405405405407 0.021875
13 0.22635135135135134 0.09375 0.11148648648648649 0.0203125
13 0.06756756756756757 0.153125 0.060810810810810814 0.0171875
13 0.21621621621621623 0.1546875 0.10135135135135136 0.01875
13 0.3716216216216216 0.153125 0.06418918918918919 0.0171875
13 0.5 0.1546875 0.06418918918918919 0.0203125
13 0.6385135135135135 0.1546875 0.06418918918918919 0.01875
13 0.7837837837837838 0.153125 0.10135135135135136 0.0171875
13 0.9527027027027027 0.153125 0.0945945945945946 0.0171875
13 0.11148648648648649 0.2171875 0.13513513513513514 0.0234375
13 0.5675675675675675 0.3046875 0.6486486486486487 0.090625
13 0.6013513513513513 0.3875 0.09797297297297297 0.015625
13 0.5945945945945946 0.478125 0.6993243243243243 0.0921875
13 0.597972972972973 0.559375 0.10135135135135136 0.01875
13 0.5945945945945946 0.6390625 0.7027027027027027 0.0703125
13 0.6013513513513513 0.709375 0.09797297297297297 0.0171875
13 0.5 0.7765625 0.14527027027027026 0.0171875
13 0.08783783783783784 0.8625 0.08783783783783784 0.0234375
13 0.08445945945945946 0.959375 0.016891891891891893 0.0109375
13 0.25 0.9609375 0.060810810810810814 0.009375
13 0.4155405405405405 0.9609375 0.04054054054054054 0.009375
13 0.5844594594594594 0.9609375 0.060810810810810814 0.009375
13 0.75 0.9609375 0.04054054054054054 0.0125
13 0.9155405405405406 0.9609375 0.04054054054054054 0.0109375
5 0.08445945945945946 0.9296875 0.057432432432432436 0.028125
5 0.25 0.9328125 0.06418918918918919 0.0265625
5 0.4189189189189189 0.9328125 0.060810810810810814 0.025
5 0.5844594594594594 0.93125 0.06418918918918919 0.028125
5 0.75 0.9328125 0.05405405405405406 0.028125
5 0.918918918918919 0.93125 0.057432432432432436 0.028125