17 0.5 0.0328125 1 0.0640625
16 0.5 0.096875 1 0.0609375
10 0.5 0.16875 1 0.0453125
15 0.13851351351351351 0.2859375 0.16554054054054054 0.0203125
15 0.34797297297297297 0.2859375 0.16891891891891891 0.01875
15 0.8277027027027027 0.284375 0.23310810810810811 0.0171875
8 0.5 0.56875 0.9966216216216216 0.503125
1 0.5 0.94375 1 0.1109375
15 0.10135135135135136 0.925 0.04391891891891892 0.046875
15 0.30067567567567566 0.925 0.06418918918918919 0.046875
15 0.5033783783783784 0.925 0.05405405405405406 0.046875
15 0.6993243243243243 0.9265625 0.06418918918918919 0.0453125
15 0.902027027027027 0.9265625 0.0777027027027027 0.0484375
5 0.08783783783783784 0.096875 0.030405405405405407 0.028125
14 0.14189189189189189 0.23125 0.17567567567567569 0.040625
14 0.32094594594594594 0.23125 0.14527027027027026 0.04375
14 0.4831081081081081 0.23125 0.14527027027027026 0.040625
14 0.6452702702702703 0.23125 0.14527027027027026 0.040625
14 0.8074324324324325 0.2296875 0.14189189189189189 0.0359375
6 0.11824324324324324 0.353125 0.125 0.0578125
6 0.11824324324324324 0.43125 0.125 0.0578125
6 0.11824324324324324 0.509375 0.125 0.05625
6 0.11824324324324324 0.5890625 0.12837837837837837 0.059375
6 0.11824324324324324 0.6671875 0.12162162162162163 0.0609375
6 0.11824324324324324 0.746875 0.125 0.059375
5 0.07094594594594594 0.2859375 0.02702702702702703 0.0109375
5 0.28378378378378377 0.2859375 0.02027027027027027 0.0125
5 0.7263513513513513 0.284375 0.02702702702702703 0.0140625
5 0.44932432432432434 0.340625 0.02702702702702703 0.009375
5 0.8547297297297297 0.353125 0.030405405405405407 0.01875
5 0.9391891891891891 0.3515625 0.010135135135135136 0.01875
5 0.8547297297297297 0.43125 0.033783783783783786 0.01875
5 0.9391891891891891 0.4296875 0.010135135135135136 0.0203125
5 0.8547297297297297 0.5109375 0.033783783783783786 0.0171875
5 0.9391891891891891 0.5109375 0.010135135135135136 0.0203125
5 0.8547297297297297 0.5890625 0.030405405405405407 0.0171875
5 0.9391891891891891 0.5890625 0.010135135135135136 0.0203125
5 0.8547297297297297 0.66875 0.033783783783783786 0.01875
5 0.9391891891891891 0.6671875 0.006756756756756757 0.01875
5 0.8581081081081081 0.746875 0.033783783783783786 0.0171875
5 0.9391891891891891 0.746875 0.010135135135135136 0.0203125
5 0.6114864864864865 0.8578125 0.04391891891891892 0.021875
5 0.722972972972973 0.85625 0.05067567567567568 0.0296875
5 0.8277027027027027 0.8546875 0.037162162162162164 0.01875
5 0.9358108108108109 0.85625 0.0472972972972973 0.01875
5 0.10135135135135136 0.915625 0.04391891891891892 0.0234375
5 0.30405405405405406 0.915625 0.06756756756756757 0.0265625
5 0.5 0.915625 0.05405405405405406 0.028125
5 0.6993243243243243 0.915625 0.05405405405405406 0.021875
5 0.8986486486486487 0.9140625 0.05405405405405406 0.021875
13 0.10135135135135136 0.94375 0.016891891891891893 0.0109375
13 0.30067567567567566 0.9421875 0.06418918918918919 0.0109375
13 0.5 0.94375 0.04391891891891892 0.0125
13 0.7027027027027027 0.94375 0.057432432432432436 0.0109375
13 0.902027027027027 0.94375 0.0777027027027027 0.009375
13 0.12837837837837837 0.8578125 0.14527027027027026 0.0390625
13 0.375 0.746875 0.2635135135135135 0.0375
13 0.31756756756756754 0.8125 0.15202702702702703 0.0171875
13 0.4560810810810811 0.66875 0.42567567567567566 0.040625
13 0.39864864864864863 0.590625 0.3108108108108108 0.0421875
13 0.4966216216216216 0.5109375 0.5067567567567568 0.040625
13 0.5135135135135135 0.43125 0.5371621621621622 0.0390625
13 0.3547297297297297 0.3546875 0.2195945945945946 0.0421875
13 0.16216216216216217 0.2859375 0.12162162162162163 0.0171875
13 0.3716216216216216 0.2859375 0.11148648648648649 0.0140625
13 0.847972972972973 0.2859375 0.1891891891891892 0.0140625
13 0.14189189189189189 0.23125 0.09121621621621621 0.015625
13 0.31756756756756754 0.23125 0.057432432432432436 0.0140625
13 0.4831081081081081 0.2328125 0.057432432432432436 0.0140625
13 0.6452702702702703 0.2328125 0.057432432432432436 0.015625
13 0.8074324324324325 0.23125 0.05067567567567568 0.0140625
13 0.13513513513513514 0.1609375 0.15878378378378377 0.0171875
13 0.32094594594594594 0.1625 0.09797297297297297 0.01875
13 0.4966216216216216 0.1609375 0.12837837837837837 0.0171875
13 0.6858108108108109 0.1609375 0.13175675675675674 0.01875
13 0.8445945945945946 0.1625 0.06756756756756757 0.0171875
13 0.5 0.096875 0.1858108108108108 0.025
13 0.9087837837837838 0.096875 0.09797297297297297 0.0171875