15 0.8648648648648649 0.1109375 0.18243243243243243 0.0609375
8 0.5 0.76875 1 0.2390625
17 0.5 0.03125 0.9966216216216216 0.0625
4 0.40540540540540543 0.1109375 0.7297297297297297 0.0609375
5 0.11824324324324324 0.1109375 0.04391891891891892 0.0203125
5 0.8344594594594594 0.1109375 0.02702702702702703 0.0140625
13 0.8918918918918919 0.1109375 0.060810810810810814 0.015625
13 0.40202702702702703 0.1109375 0.4594594594594595 0.01875
6 0.5 0.3421875 0.9966216216216216 0.365625
14 0.11148648648648649 0.2 0.15878378378378377 0.0484375
14 0.28716216216216217 0.2 0.1554054054054054 0.0484375
13 0.11148648648648649 0.1984375 0.05405405405405406 0.0140625
13 0.28378378378378377 0.1984375 0.05405405405405406 0.0140625
7 0.9087837837837838 0.2015625 0.11486486486486487 0.0515625
13 0.4966216216216216 0.5671875 0.19932432432432431 0.0171875
13 0.10472972972972973 0.6234375 0.0945945945945946 0.0140625
13 0.22972972972972974 0.6234375 0.09797297297297297 0.0140625
13 0.08783783783783784 0.678125 0.0472972972972973 0.0140625
13 0.20945945945945946 0.6796875 0.14527027027027026 0.0140625
13 0.15202702702702703 0.7109375 0.19594594594594594 0.0203125
13 0.27364864864864863 0.7359375 0.4358108108108108 0.015625
13 0.24324324324324326 0.7609375 0.375 0.0140625
13 0.09121621621621621 0.7859375 0.04391891891891892 0.0109375
13 0.17905405405405406 0.7859375 0.06756756756756757 0.0109375
13 0.09121621621621621 0.846875 0.05067567567567568 0.0125
13 0.21283783783783783 0.846875 0.14864864864864866 0.0140625
13 0.15202702702702703 0.878125 0.19256756756756757 0.0203125
7 0.875 0.834375 0.14189189189189189 0.065625
5 0.875 0.834375 0.06756756756756757 0.0359375
6 0.7601351351351351 0.73125 0.3716216216216216 0.128125
5 0.9425675675675675 0.6234375 0.006756756756756757 0.0171875
1 0.5 0.928125 1 0.075
15 0.125 0.9234375 0.05405405405405406 0.0453125
15 0.375 0.9234375 0.05067567567567568 0.0453125
15 0.625 0.925 0.08108108108108109 0.04375
15 0.875 0.928125 0.07094594594594594 0.034375
5 0.875 0.9140625 0.05405405405405406 0.00625
5 0.625 0.9140625 0.05405405405405406 0.021875
5 0.375 0.9140625 0.0472972972972973 0.0265625
5 0.125 0.9140625 0.05405405405405406 0.025
13 0.125 0.9390625 0.02364864864864865 0.0125
13 0.375 0.940625 0.05067567567567568 0.0109375
13 0.625 0.940625 0.08108108108108109 0.0125
13 0.875 0.940625 0.07094594594594594 0.0109375
5 0.9121621621621622 0.2015625 0.05405405405405406 0.025