0 0.5 0.38125 1 0.7609375
17 0.5 0.028125 1 0.05625
6 0.47297297297297297 0.86875 0.8885135135135135 0.1765625
13 0.30067567567567566 0.9125 0.46621621621621623 0.059375
13 0.7331081081081081 0.934375 0.2939189189189189 0.025
7 0.32094594594594594 0.725 0.10472972972972973 0.046875
15 0.5 0.725 0.1891891891891892 0.0484375
5 0.46283783783783783 0.7265625 0.04391891891891892 0.0171875
5 0.06418918918918919 0.0875 0.033783783783783786 0.01875
13 0.5 0.0890625 0.24324324324324326 0.0171875
13 0.5405405405405406 0.7265625 0.05405405405405406 0.0125
13 0.0945945945945946 0.7453125 0.06418918918918919 0.015625
13 0.20270270270270271 0.7484375 0.08445945945945946 0.0109375
5 0.04054054054054054 0.7453125 0.02702702702702703 0.015625