17 0.5 0.0375 1 0.075
16 0.5 0.1140625 1 0.071875
10 0.5 0.190625 1 0.078125
8 0.5 0.540625 1 0.546875
1 0.5 0.94375 1 0.1109375
15 0.16554054054054054 0.9296875 0.057432432432432436 0.05
15 0.5 0.9296875 0.0945945945945946 0.046875
15 0.8344594594594594 0.9296875 0.15878378378378377 0.0484375
14 0.17229729729729729 0.1875 0.2635135135135135 0.034375
14 0.40540540540540543 0.1890625 0.14527027027027026 0.034375
14 0.597972972972973 0.1890625 0.20270270270270271 0.0375
14 0.8378378378378378 0.1875 0.23986486486486486 0.034375
6 0.10135135135135136 0.8546875 0.10810810810810811 0.05
6 0.12837837837837837 0.7203125 0.17567567567567569 0.078125
6 0.125 0.621875 0.17567567567567569 0.0796875
6 0.12837837837837837 0.5234375 0.16891891891891891 0.078125
6 0.12837837837837837 0.425 0.16216216216216217 0.0796875
6 0.12837837837837837 0.3265625 0.16554054054054054 0.078125
14 0.08445945945945946 0.1203125 0.08445945945945946 0.0390625
13 0.08445945945945946 0.1203125 0.030405405405405407 0.015625
13 0.32432432432432434 0.121875 0.33783783783783783 0.0265625
13 0.17567567567567569 0.1875 0.17229729729729729 0.015625
13 0.40202702702702703 0.1875 0.05405405405405406 0.0140625
13 0.597972972972973 0.1875 0.12162162162162163 0.015625
13 0.8412162162162162 0.1875 0.14527027027027026 0.0140625
13 0.13851351351351351 0.253125 0.057432432432432436 0.0140625
13 0.4358108108108108 0.3265625 0.375 0.0421875
13 0.40878378378378377 0.428125 0.32432432432432434 0.0390625
13 0.42905405405405406 0.5265625 0.375 0.0421875
13 0.40878378378378377 0.625 0.32094594594594594 0.0390625
13 0.5371621621621622 0.7234375 0.5743243243243243 0.0484375
13 0.2972972972972973 0.8546875 0.22972972972972974 0.034375
13 0.16891891891891891 0.9484375 0.02364864864864865 0.0125
13 0.5 0.9484375 0.0945945945945946 0.0109375
13 0.8344594594594594 0.9484375 0.1554054054054054 0.0109375
5 0.16554054054054054 0.9203125 0.05067567567567568 0.028125
5 0.5 0.91875 0.060810810810810814 0.0265625
5 0.831081081081081 0.9203125 0.06418918918918919 0.028125
5 0.7804054054054054 0.8546875 0.06756756756756757 0.028125
5 0.9121621621621622 0.853125 0.04391891891891892 0.0234375
5 0.26013513513513514 0.7359375 0.033783783783783786 0.0140625
5 0.2635135135135135 0.5390625 0.037162162162162164 0.0171875
5 0.26013513513513514 0.3421875 0.030405405405405407 0.015625
5 0.06756756756756757 0.253125 0.05405405405405406 0.015625
5 0.9358108108108109 0.253125 0.037162162162162164 0.01875
5 0.8006756756756757 0.1234375 0.057432432432432436 0.028125
5 0.9256756756756757 0.1203125 0.06418918918918919 0.0296875
6 0.7432432432432432 0.7359375 0.0472972972972973 0.0203125