1 0.5 0.9515625 0.9966216216216216 0.0953125
17 0.5 0.03125 1 0.0625
16 0.5 0.09375 1 0.0640625
13 0.20270270270270271 0.096875 0.30405405405405406 0.028125
13 0.4831081081081081 0.0953125 0.17229729729729729 0.025
5 0.7871621621621622 0.096875 0.05405405405405406 0.025
13 0.9054054054054054 0.096875 0.08108108108108109 0.021875
13 0.16216216216216217 0.1671875 0.2195945945945946 0.021875
5 0.30743243243243246 0.165625 0.033783783783783786 0.0078125
5 0.7804054054054054 0.165625 0.04391891891891892 0.01875
13 0.8851351351351351 0.165625 0.12837837837837837 0.0140625
14 0.15202702702702703 0.2171875 0.20608108108108109 0.0421875
14 0.5135135135135135 0.21875 0.47635135135135137 0.040625
14 0.875 0.21875 0.20270270270270271 0.040625
13 0.15202702702702703 0.21875 0.14189189189189189 0.0171875
13 0.5101351351351351 0.2203125 0.4155405405405405 0.0171875
13 0.875 0.21875 0.13851351351351351 0.015625
0 0.5 0.553125 1 0.5890625
7 0.08108108108108109 0.2953125 0.10135135135135136 0.046875
7 0.0777027027027027 0.3515625 0.10472972972972973 0.0484375
15 0.0777027027027027 0.4578125 0.10135135135135136 0.0484375
5 0.0777027027027027 0.45 0.0472972972972973 0.0234375
13 0.08108108108108109 0.4703125 0.04054054054054054 0.0109375
15 0.5 0.29375 0.2972972972972973 0.04375
5 0.3952702702702703 0.29375 0.030405405405405407 0.0203125
13 0.5202702702702703 0.29375 0.19932432432432431 0.015625
15 0.918918918918919 0.296875 0.10810810810810811 0.0484375
15 0.9222972972972973 0.353125 0.10135135135135136 0.046875
15 0.918918918918919 0.5453125 0.10135135135135136 0.046875
15 0.918918918918919 0.496875 0.10135135135135136 0.046875
15 0.918918918918919 0.4484375 0.10135135135135136 0.046875
15 0.918918918918919 0.4015625 0.10135135135135136 0.0453125
5 0.918918918918919 0.2890625 0.04391891891891892 0.01875
5 0.918918918918919 0.346875 0.0472972972972973 0.0203125
5 0.918918918918919 0.3953125 0.05067567567567568 0.021875
5 0.918918918918919 0.44375 0.05067567567567568 0.021875
5 0.918918918918919 0.496875 0.05405405405405406 0.025
5 0.918918918918919 0.5390625 0.04391891891891892 0.0203125
13 0.9222972972972973 0.5578125 0.04391891891891892 0.0109375
13 0.918918918918919 0.4921875 0.033783783783783786 0.0078125
13 0.918918918918919 0.4609375 0.04391891891891892 0.009375
13 0.918918918918919 0.4140625 0.04391891891891892 0.0109375
13 0.918918918918919 0.365625 0.04054054054054054 0.0109375
13 0.7567567567567568 0.3546875 0.0945945945945946 0.015625
5 0.8243243243243243 0.3546875 0.02027027027027027 0.00625
7 0.8885135135135135 0.790625 0.13851351351351351 0.06875
5 0.10135135135135136 0.9453125 0.07432432432432433 0.028125
5 0.30067567567567566 0.94375 0.033783783783783786 0.025
5 0.5 0.9453125 0.033783783783783786 0.0265625
5 0.6993243243243243 0.94375 0.05405405405405406 0.025
5 0.902027027027027 0.94375 0.06418918918918919 0.0234375
14 0.2533783783783784 0.875 0.5067567567567568 0.0546875
14 0.7567567567567568 0.875 0.4864864864864865 0.0546875
13 0.2533783783783784 0.8734375 0.23648648648648649 0.0203125
13 0.7466216216216216 0.871875 0.21283783783783783 0.0171875
13 0.918918918918919 0.3078125 0.04391891891891892 0.0109375
7 0.08108108108108109 0.4 0.10135135135135136 0.046875